$coord
 0.25727741402164 -1.14293319837046   0.80361933783206  c
-1.78796410699275  0.92506939846025   1.47515129156811  c
-0.69385236561378  3.64213975727159   1.10052967339250  c
 1.02150013678906  3.96625216423610  -1.24413631782958  c
 2.87942552156489  1.71384797607201  -1.54668016284763  c
 1.31206540434278 -0.70550896961099  -1.91462417444450  c
 2.66212437962893 -0.65095013163867   2.45798450753371  c
 4.25873486497201  1.21121142072327   0.93113709266540  c
 2.96863189244353 -2.69504044794432  -2.71515374115296  o
-0.74402532238823 -3.85164236150003   1.21784508387066  c
 6.46360686167030  2.22385664459551   1.63792536600441  c
-4.40425444190620  0.57275348030989   0.26901038727194  c
-6.26982619633197 -0.50828378630425   1.62324358938666  c
-2.10981630436633  0.69647102604862   3.52208622092123  h
-2.30212878858329 -4.78098132297746  -0.79830745388403  o
-4.95253926104593  1.54185201711351  -2.37629263561334  c
-2.24409381182264  5.03090756764599   1.04968448810005  h
 0.42273981795980  4.11334934901349   2.79263774649045  h
-0.11203197670610  4.13349386083178  -2.98414719387001  h
 2.10027842023789  5.73787954622581  -1.06029209259899  h
 4.17192302606923  2.06419660392130  -3.13931747701812  h
-0.19099732807791 -0.43338312523698  -3.32538158507745  h
 3.71818732091116 -2.42445469954739   2.73893969241901  h
 2.19240497496549  0.07075840234834   4.35320768832577  h
 1.90624755645600 -4.16782008947373  -3.07536681717416  h
-1.73650446101466 -3.96191256097057   3.05555982459535  h
 0.86251799205841 -5.16760923831200   1.32134199186479  h
 7.32666101476720  1.79195124026494   3.46402209107876  h
 7.50644166009499  3.51059483636469   0.40436560069502  h
-8.16925550800578 -0.75310524390421   0.85176450893293  h
-5.97331453802491 -1.16440112094608   3.55823393956345  h
-3.89699391415759 -3.84041248506228  -0.73490797942453  h
-4.52742155399923  3.57264434033408  -2.54127409715172  h
-3.82233827927027  0.57294453052158  -3.82761950414829  h
-6.95640653296837  1.27502472587318  -2.85672431683501  h
$end
