*************************************************
******************* ORCA 6.1.1 ******************
*************************************************
$Calculation_Status
   &GeometryIndex 1
   &version [&Type "String"] "6.1.1"
   &progName [&Type "String"] "LeanSCF"
   &Status [&Type "String"] "NORMAL TERMINATION"
$End
$Geometry
   &GeometryIndex 1
   &NAtoms [&Type "Integer"] 35
   &NCorelessECP [&Type "Integer"] 0
   &NGhostAtoms [&Type "Integer"] 0
   &CartesianCoordinates [&Type "Coordinates", &Dim(35,4), &Units "Bohr"] 
              C      0.257277415135   -1.142933203497    0.803619341366
              C     -1.787964114969    0.925069402691    1.475151298197
              C     -0.693852368811    3.642139773539    1.100529678273
              C      1.021500141392    3.966252182029   -1.244136323473
              C      2.879425534397    1.713847983766   -1.546680169823
              C      1.312065410244   -0.705508972692   -1.914624182993
              C      2.662124391611   -0.650950134467    2.457984518605
              C      4.258734883991    1.211211426053    0.931137096745
              O      2.968631905646   -2.695040460041   -2.715153753344
              C     -0.744025325779   -3.851642378831    1.217845089304
              C      6.463606890569    2.223856654523    1.637925373401
              C     -4.404254461539    0.572753482853    0.269010388519
              C     -6.269826224487   -0.508283788646    1.623243596714
              H     -2.109816313871    0.696471029212    3.522086236646
              O     -2.302128798808   -4.780981344468   -0.798307457453
              C     -4.952539283238    1.541852024053   -2.376292646162
              H     -2.244093821831    5.030907590205    1.049684492808
              H      0.422739819840    4.113349367394    2.792637758999
              H     -0.112031977134    4.133493879351   -2.984147207271
              H      2.100278429735    5.737879571863   -1.060292097429
              H      4.171923044819    2.064196613095   -3.139317491086
              H     -0.190997328900   -0.433383127245   -3.325381599962
              H      3.718187337510   -2.424454710401    2.738939704634
              H      2.192404984763    0.070758402691    4.353207707869
              H      1.906247565047   -4.167820108098   -3.075366830949
              H     -1.736504468800   -3.961912578653    3.055559838252
              H      0.862517995940   -5.167609261527    1.321341997790
              H      7.326661047545    1.791951248328    3.464022106675
              H      7.506441693627    3.510594852087    0.404365602569
              H     -8.169255544636   -0.753105247258    0.851764512776
              H     -5.973314564803   -1.164401126193    3.558233955406
              H     -3.896993931626   -3.840412502324   -0.734907982809
              H     -4.527421574328    3.572644356271   -2.541274108574
              H     -3.822338296462    0.572944533031   -3.827619521270
              H     -6.956406564118    1.275024731635   -2.856724329561
$End
$SCF_Energy
   &GeometryIndex 1
   &Method [&Type "String"] "SCF"
   &totalEnergy [&Type "ArrayOfDoubles", &Dim (1,1)] "Total energy of each state"
                                                         0

0                                     -6.5777190171668167e+02
   &Mult [&Type "ArrayOfIntegers", &Dim (1,1)] "Multiplicity of each state"
                                                         0

0                                                        1
$End
$DFT_Energy
   &GeometryIndex 1
   &nAlphaEl [&Type "Integer"] 57
   &nBetaEl [&Type "Integer"] 57
   &nTotalEl [&Type "Integer"] 114
   &finalEn [&Type "Double"]      -6.5777190171668167e+02  "No Van der Waals correction"
   &eExchange [&Type "Double"]      -9.1094001520878436e+01
   &eCorr [&Type "Double"]      -4.0418055017273815e+00
   &eXC [&Type "Double"]      -9.5135807022605817e+01
   &eCNL [&Type "Double"]       0.0000000000000000e+00
$End
$Solvation_Details
   &GeometryIndex 1
   &Solvent [&Type "String"] "CHLOROFORM"
   &Epsilon [&Type "Double"]       4.8029999999999999e+00
   &Refrac [&Type "Double"]       1.4459000000000000e+00
   &RSolv [&Type "Double"]       1.3000000000000000e+00
   &SurfaceType [&Type "String"] "GAUSSIAN VDW"
   &CPCMDielEnergy [&Type "Double"]      -1.1630875000000001e-02
   &NPoints [&Type "Integer"] 2557
   &SurfaceArea [&Type "Double"]       9.0823846546000004e+02
$End
$SCF_Timings
   &GeometryIndex 1
   &TOTAL [&Type "Double"]       1.5159113000000000e+01
   &PREP [&Type "Double"]       4.9586700000000000e-01
   &FOCK [&Type "Double"]       1.1303056000000000e+01
   &DENS [&Type "Double"]       2.7316399999999952e-01
   &ETOT [&Type "Double"]       1.0863700000000276e-01
   &TRAFO [&Type "Double"]       3.6852700000000027e-01
   &DIIS [&Type "Double"]       1.5329560000000020e+00
   &SOSCF [&Type "Double"]       7.2834699999999941e-01
   &XC [&Type "Double"]       3.9624440000000010e+00
   &FOCKSTART [&Type "Double"]       2.6609999999999245e-02
   &SOLV [&Type "Double"]       4.4955459999999992e+00
   &SOLV_INIT [&Type "Double"]       2.6814800000000000e-01
   &INT_PREP [&Type "Double"]       1.9999999989472883e-06
   &INT_BF [&Type "Double"]       1.1455049999999751e+00
   &INT_DENS [&Type "Double"]       1.0092529999999511e+00
   &INT_DENSIO [&Type "Double"]       2.0207550538000010e+04
   &INT_FUNC [&Type "Double"]       3.5116300000002398e-01
   &INT_POT [&Type "Double"]       8.9332500000004289e-01
   &INT_POTIO [&Type "Double"]       1.4272999999981772e-02
   &INT_SUM [&Type "Double"]       1.8960000000030064e-03
   &SPLITRIJ [&Type "Double"]       3.1423570000000005e+00
$End
$Single_Point_Data
   &GeometryIndex 1
   &FinalEnergy [&Type "Double"]      -6.5777190171668167e+02  "Final single point energy"
   &Converged [&Type "Boolean"] true
$End
$Calculation_Info
   &GeometryIndex 1
   &Mult [&Type "Integer"] 1
   &Charge [&Type "Integer"] 0
   &NumOfAtoms [&Type "Integer"] 35
   &NumOfElectrons [&Type "Integer"] 114
   &NumOfBasisFuncts [&Type "Integer"] 605
   &NumOfAuxCBasisFuncts [&Type "Integer"] 0
   &NumOfAuxJBasisFuncts [&Type "Integer"] 955
   &NumOfAuxJKBasisFuncts [&Type "Integer"] 0
   &NumOfCABSBasisFuncts [&Type "Integer"] 0
$End
$SCF_Dipole_Moment
   &GeometryIndex 1
   &dipoleMagnitude [&Type "Double", &Units "a.u."]       1.3333635710495955e+00
   &dipoleElecContrib [&Type "ArrayOfDoubles", &Dim (3,1)] "Electronic contribution"
                                                         0

0                                      3.7000983043560853e+00
1                                     -4.6293269240892068e+00
2                                     -1.3142466909731609e+00
   &dipoleNucContrib [&Type "ArrayOfDoubles", &Dim (3,1)] "Nuclear contribution"
                                                         0

0                                     -4.7786317263513265e+00
1                                      5.3047290498259905e+00
2                                      1.7123120609711027e+00
   &dipoleTotal [&Type "ArrayOfDoubles", &Dim (3,1)] "Total"
                                                         0

0                                     -1.0785334219952412e+00
1                                      6.7540212573678371e-01
2                                      3.9806536999794173e-01
   &doAtomicDipole [&Type "Boolean"] false
   &Method [&Type "String"] "SCF"
   &Level [&Type "String"] "Relaxed density"
   &Mult [&Type "Integer"] 1
   &State [&Type "Integer"] -1
   &Irrep [&Type "Integer"] 0
$End
$SCF_Spin_Spin_Coupling
   &GeometryIndex 1
   &numOfNucPairs [&Type "Integer"] 187 "Number of nuclei pairs to calculate"
   &numOfNucPairsDSO [&Type "Integer"] 0 "number of nuclear pairs to calculate DSO"
   &numOfNucPairsPSO [&Type "Integer"] 0 "number of nuclear pairs to calculate PSO"
   &numOfNucPairsFC [&Type "Integer"] 187 "number of nuclear pairs to calculate FC"
   &numOfNucPairsSD [&Type "Integer"] 0 "number of nuclear pairs to calculate SD"
   &numOfNucPairsSD_FC [&Type "Integer"] 0 "number of nuclear pairs to calculate SD/FC"
   &pairsInfo [&Type "ArrayOfIntegers", &Dim (187,4)] "Pairs Info: Col1->Index of A. Col2->Atom. Num. of A.  Col3->Index of B. Col4->Atom. Num. of B."
                                                         0                           1                           2                           3

0                                                       13                           1                          16                           1
1                                                       13                           1                          17                           1
2                                                       13                           1                          18                           1
3                                                       13                           1                          19                           1
4                                                       13                           1                          20                           1
5                                                       13                           1                          21                           1
6                                                       13                           1                          22                           1
7                                                       13                           1                          23                           1
8                                                       13                           1                          24                           1
9                                                       13                           1                          25                           1
10                                                      13                           1                          26                           1
11                                                      13                           1                          27                           1
12                                                      13                           1                          28                           1
13                                                      13                           1                          29                           1
14                                                      13                           1                          30                           1
15                                                      13                           1                          31                           1
16                                                      13                           1                          32                           1
17                                                      13                           1                          33                           1
18                                                      13                           1                          34                           1
19                                                      16                           1                          17                           1
20                                                      16                           1                          18                           1
21                                                      16                           1                          19                           1
22                                                      16                           1                          20                           1
23                                                      16                           1                          21                           1
24                                                      16                           1                          22                           1
25                                                      16                           1                          23                           1
26                                                      16                           1                          24                           1
27                                                      16                           1                          25                           1
28                                                      16                           1                          26                           1
29                                                      16                           1                          27                           1
30                                                      16                           1                          28                           1
31                                                      16                           1                          29                           1
32                                                      16                           1                          30                           1
33                                                      16                           1                          31                           1
34                                                      16                           1                          32                           1
35                                                      16                           1                          33                           1
36                                                      16                           1                          34                           1
37                                                      17                           1                          18                           1
38                                                      17                           1                          19                           1
39                                                      17                           1                          20                           1
40                                                      17                           1                          21                           1
41                                                      17                           1                          22                           1
42                                                      17                           1                          23                           1
43                                                      17                           1                          24                           1
44                                                      17                           1                          25                           1
45                                                      17                           1                          26                           1
46                                                      17                           1                          27                           1
47                                                      17                           1                          28                           1
48                                                      17                           1                          29                           1
49                                                      17                           1                          30                           1
50                                                      17                           1                          31                           1
51                                                      17                           1                          32                           1
52                                                      17                           1                          33                           1
53                                                      17                           1                          34                           1
54                                                      18                           1                          19                           1
55                                                      18                           1                          20                           1
56                                                      18                           1                          21                           1
57                                                      18                           1                          22                           1
58                                                      18                           1                          23                           1
59                                                      18                           1                          24                           1
60                                                      18                           1                          25                           1
61                                                      18                           1                          26                           1
62                                                      18                           1                          27                           1
63                                                      18                           1                          28                           1
64                                                      18                           1                          29                           1
65                                                      18                           1                          30                           1
66                                                      18                           1                          31                           1
67                                                      18                           1                          32                           1
68                                                      18                           1                          33                           1
69                                                      18                           1                          34                           1
70                                                      19                           1                          20                           1
71                                                      19                           1                          21                           1
72                                                      19                           1                          22                           1
73                                                      19                           1                          23                           1
74                                                      19                           1                          24                           1
75                                                      19                           1                          25                           1
76                                                      19                           1                          26                           1
77                                                      19                           1                          27                           1
78                                                      19                           1                          28                           1
79                                                      19                           1                          29                           1
80                                                      19                           1                          30                           1
81                                                      19                           1                          31                           1
82                                                      19                           1                          32                           1
83                                                      19                           1                          33                           1
84                                                      19                           1                          34                           1
85                                                      20                           1                          21                           1
86                                                      20                           1                          22                           1
87                                                      20                           1                          23                           1
88                                                      20                           1                          24                           1
89                                                      20                           1                          25                           1
90                                                      20                           1                          26                           1
91                                                      20                           1                          27                           1
92                                                      20                           1                          28                           1
93                                                      20                           1                          29                           1
94                                                      20                           1                          30                           1
95                                                      20                           1                          31                           1
96                                                      20                           1                          32                           1
97                                                      20                           1                          33                           1
98                                                      20                           1                          34                           1
99                                                      21                           1                          22                           1
100                                                     21                           1                          23                           1
101                                                     21                           1                          24                           1
102                                                     21                           1                          25                           1
103                                                     21                           1                          26                           1
104                                                     21                           1                          27                           1
105                                                     21                           1                          28                           1
106                                                     21                           1                          29                           1
107                                                     21                           1                          30                           1
108                                                     21                           1                          31                           1
109                                                     21                           1                          32                           1
110                                                     21                           1                          33                           1
111                                                     21                           1                          34                           1
112                                                     22                           1                          23                           1
113                                                     22                           1                          24                           1
114                                                     22                           1                          25                           1
115                                                     22                           1                          26                           1
116                                                     22                           1                          27                           1
117                                                     22                           1                          28                           1
118                                                     22                           1                          29                           1
119                                                     22                           1                          30                           1
120                                                     22                           1                          31                           1
121                                                     22                           1                          32                           1
122                                                     22                           1                          33                           1
123                                                     22                           1                          34                           1
124                                                     23                           1                          24                           1
125                                                     23                           1                          25                           1
126                                                     23                           1                          26                           1
127                                                     23                           1                          27                           1
128                                                     23                           1                          28                           1
129                                                     23                           1                          29                           1
130                                                     23                           1                          30                           1
131                                                     23                           1                          31                           1
132                                                     23                           1                          32                           1
133                                                     23                           1                          33                           1
134                                                     23                           1                          34                           1
135                                                     24                           1                          25                           1
136                                                     24                           1                          26                           1
137                                                     24                           1                          27                           1
138                                                     24                           1                          28                           1
139                                                     24                           1                          29                           1
140                                                     24                           1                          30                           1
141                                                     24                           1                          31                           1
142                                                     24                           1                          32                           1
143                                                     24                           1                          33                           1
144                                                     24                           1                          34                           1
145                                                     25                           1                          26                           1
146                                                     25                           1                          27                           1
147                                                     25                           1                          28                           1
148                                                     25                           1                          29                           1
149                                                     25                           1                          30                           1
150                                                     25                           1                          31                           1
151                                                     25                           1                          32                           1
152                                                     25                           1                          33                           1
153                                                     25                           1                          34                           1
154                                                     26                           1                          27                           1
155                                                     26                           1                          28                           1
156                                                     26                           1                          29                           1
157                                                     26                           1                          30                           1
158                                                     26                           1                          31                           1
159                                                     26                           1                          32                           1
160                                                     26                           1                          33                           1
161                                                     26                           1                          34                           1
162                                                     27                           1                          28                           1
163                                                     27                           1                          30                           1
164                                                     27                           1                          31                           1
165                                                     27                           1                          32                           1
166                                                     27                           1                          33                           1
167                                                     28                           1                          30                           1
168                                                     28                           1                          31                           1
169                                                     28                           1                          32                           1
170                                                     28                           1                          33                           1
171                                                     28                           1                          34                           1
172                                                     29                           1                          30                           1
173                                                     29                           1                          31                           1
174                                                     29                           1                          32                           1
175                                                     29                           1                          33                           1
176                                                     29                           1                          34                           1
177                                                     30                           1                          31                           1
178                                                     30                           1                          32                           1
179                                                     30                           1                          33                           1
180                                                     30                           1                          34                           1
181                                                     31                           1                          32                           1
182                                                     31                           1                          33                           1
183                                                     31                           1                          34                           1
184                                                     32                           1                          33                           1
185                                                     32                           1                          34                           1
186                                                     33                           1                          34                           1
   &pairsDistances [&Type "ArrayOfDoubles", &Dim (187,1)] "The distances of each pair"
                                                         0

0                                      2.6415507050801952e+00
1                                      2.2835080761476014e+00
2                                      4.0347928867044089e+00
3                                      4.2380087341083250e+00
4                                      4.8989699282437629e+00
5                                      3.8103056617716708e+00
6                                      3.5228707313344403e+00
7                                      2.3422525792682238e+00
8                                      4.8302165182449341e+00
9                                      2.4853052204775734e+00
10                                     3.6687472346843144e+00
11                                     5.0271988903096680e+00
12                                     5.5528794478022965e+00
13                                     3.5870523377516639e+00
14                                     2.2693479733142130e+00
15                                     3.4253471794563479e+00
16                                     3.7746891997122902e+00
17                                     3.9940143673670692e+00
18                                     4.2503632514400573e+00
19                                     1.7544280266133205e+00
20                                     2.4606932090240221e+00
21                                     2.5829800785711639e+00
22                                     4.3480976187168450e+00
23                                     3.8602699918743966e+00
24                                     5.1301487454072436e+00
25                                     3.9315718206582462e+00
26                                     5.7691959661025098e+00
27                                     4.8831329728051891e+00
28                                     5.6434852769735349e+00
29                                     5.4973136417588639e+00
30                                     5.2332584014656804e+00
31                                     4.3829649185412922e+00
32                                     4.0502546610367505e+00
33                                     4.8677736684521529e+00
34                                     2.3804212504283355e+00
35                                     3.5949942803829051e+00
36                                     3.8002358326930401e+00
37                                     3.0700320166774762e+00
38                                     2.3841358193330113e+00
39                                     3.8685530469611451e+00
40                                     4.0467219648399695e+00
41                                     3.8744207195392568e+00
42                                     2.4769583431312392e+00
43                                     5.4279251918714584e+00
44                                     4.4255580447741343e+00
45                                     4.9780448188832160e+00
46                                     3.8707341249038230e+00
47                                     3.9686875625254774e+00
48                                     5.3253149310563126e+00
49                                     4.4068198938486400e+00
50                                     5.1405420858312159e+00
51                                     3.8614375098085971e+00
52                                     4.5639183093571987e+00
53                                     5.1420991013681192e+00
54                                     1.7685597325599978e+00
55                                     2.5189246237519591e+00
56                                     2.4237842404900718e+00
57                                     5.0322218823344320e+00
58                                     4.6027171163335234e+00
59                                     4.5210934567761463e+00
60                                     5.4134745073239277e+00
61                                     5.4481486852842176e+00
62                                     5.3547886820885946e+00
63                                     4.4246038743168308e+00
64                                     5.3838917070092496e+00
65                                     5.4282614308104744e+00
66                                     4.8201100867723516e+00
67                                     2.3669283205950915e+00
68                                     2.7575835180338304e+00
69                                     3.9256441854701412e+00
70                                     2.4882587853349905e+00
71                                     3.6839650454793986e+00
72                                     4.8406119579098137e+00
73                                     4.1475723272225196e+00
74                                     5.3502160708043967e+00
75                                     5.9340354101846815e+00
76                                     5.9431552439687856e+00
77                                     4.2120260247646204e+00
78                                     3.1896974627982657e+00
79                                     6.5080658927042006e+00
80                                     6.1292146454170862e+00
81                                     5.9826714230912401e+00
82                                     3.7719593500470325e+00
83                                     4.4087812117313900e+00
84                                     5.4267834855553492e+00
85                                     2.6621136948791677e+00
86                                     3.9211914892634816e+00
87                                     4.2344170816829294e+00
88                                     3.5091834057977662e+00
89                                     5.5399575028641399e+00
90                                     4.8253493461904018e+00
91                                     3.8753184043110487e+00
92                                     2.6862596909457506e+00
93                                     7.0237309175797824e+00
94                                     6.6560077734887546e+00
95                                     5.4418618191812405e+00
96                                     4.6828944163552322e+00
97                                     4.3187411784312584e+00
98                                     5.9055410897956282e+00
99                                     3.9607803598650344e+00
100                                    4.2629321369267421e+00
101                                    2.2703467999591287e+00
102                                    3.9442529854992552e+00
103                                    3.5543550027793223e+00
104                                    5.4882412824322415e+00
105                                    4.9842915564549557e+00
106                                    4.7685701243702567e+00
107                                    4.7729831427764289e+00
108                                    2.9959475741948745e+00
109                                    3.1515004580388326e+00
110                                    2.0116792165523125e+00
111                                    3.7008014463647854e+00
112                                    1.7677973482513867e+00
113                                    3.3521865905456272e+00
114                                    3.0036430106057499e+00
115                                    2.2256496065461224e+00
116                                    2.9617337923916947e+00
117                                    3.9254078755220636e+00
118                                    6.4304532976736910e+00
119                                    5.1898280687746476e+00
120                                    4.4921983803612644e+00
121                                    6.0760034295526042e+00
122                                    5.5238504285701593e+00
123                                    6.6715072728673412e+00
124                                    4.5284446978365329e+00
125                                    3.0574655066228331e+00
126                                    3.2792469386172116e+00
127                                    2.9039122409151465e+00
128                                    3.9481306479383611e+00
129                                    5.8041565178726282e+00
130                                    4.3904675072450523e+00
131                                    4.6815574675774743e+00
132                                    5.4212430379699184e+00
133                                    5.3798160533132480e+00
134                                    6.1968917368776024e+00
135                                    3.7753855638493765e+00
136                                    2.4491244092399209e+00
137                                    5.4907934230035353e+00
138                                    5.3556489980206887e+00
139                                    6.0009348975999375e+00
140                                    5.6775729296574635e+00
141                                    3.3158159094192738e+00
142                                    5.3337320362277998e+00
143                                    3.9549555219264536e+00
144                                    5.5049438620072326e+00
145                                    1.7722407618890450e+00
146                                    5.6850175060973189e+00
147                                    6.4442237475947906e+00
148                                    3.9788159963805545e+00
149                                    2.6998054533403009e+00
150                                    2.3096704934931660e+00
151                                    5.1817046483195277e+00
152                                    4.4993691584261510e+00
153                                    5.0098297787370205e+00
154                                    5.1526674141104163e+00
155                                    5.8039377113993700e+00
156                                    5.3255654419275498e+00
157                                    4.3559342616761025e+00
158                                    2.8320904196582437e+00
159                                    5.8056138616774877e+00
160                                    4.7747399130428434e+00
161                                    5.7992450893389060e+00
162                                    1.8594804328799899e+00
163                                    7.2099932744848205e+00
164                                    7.0068531077547407e+00
165                                    7.0947987487589899e+00
166                                    7.0790027378359044e+00
167                                    7.7322605506028799e+00
168                                    7.2048520970516536e+00
169                                    6.5561299355222751e+00
170                                    6.5856681551241154e+00
171                                    7.9342435097535935e+00
172                                    1.8571253738395488e+00
173                                    2.9129374039668421e+00
174                                    3.4896729478543738e+00
175                                    3.4518717470827815e+00
176                                    2.3270084644177245e+00
177                                    2.8937436171421376e+00
178                                    4.1578044616170979e+00
179                                    4.1733231133483049e+00
180                                    3.6688798173512613e+00
181                                    4.0513625138784697e+00
182                                    2.8520716600139049e+00
183                                    3.3480573325692959e+00
184                                    1.7670102569493287e+00
185                                    1.7771637066243944e+00
186                                    1.7755403930109228e+00
   &pairsTotalSSCIso [&Type "ArrayOfDoubles", &Dim (187,1)] "The Spin-Spin coupling constant for each pair"
                                                         0

0                                      6.4885441667493349e-01
1                                      7.5752322596175121e+00
2                                     -6.0188565965743490e-01
3                                      9.6453131939983872e-01
4                                      2.2760949814743070e-01
5                                     -3.6373656952242195e-01
6                                     -2.1058940260616346e-01
7                                     -4.1976592267017426e-01
8                                     -7.5773084031862684e-02
9                                     -3.4093685143198804e-01
10                                    -1.3713913179512716e-01
11                                     1.2702367477398283e-02
12                                     3.3859994228678816e-02
13                                     2.4522611037244157e-01
14                                    -7.5986057693007347e-01
15                                     1.4868965396265590e-01
16                                    -5.5185015537002813e-01
17                                    -7.3300316471495031e-01
18                                     1.2748472269473750e+00
19                                    -1.5501324710345290e+01
20                                     5.8427909113909386e+00
21                                     1.2073405602901000e+00
22                                     4.3410781336518023e-01
23                                     1.2703985049293798e-01
24                                    -2.5294870795466801e-02
25                                    -5.0618263161679430e-02
26                                     9.5177567907850841e-02
27                                     1.6156213494220695e-01
28                                     7.0053562688163384e-01
29                                    -3.7771875660477226e-03
30                                     2.4751764309369380e-02
31                                     2.1509924320471746e-01
32                                     9.3398446515319394e-02
33                                     2.8489220198550245e-02
34                                    -2.1480502303027721e-01
35                                     1.3299094548553750e-01
36                                    -2.4481107310154467e-02
37                                     1.3754278977356954e+01
38                                     6.4371576222722293e+00
39                                    -5.3567974346178793e-01
40                                    -5.0765814557321362e-03
41                                     4.1496163350135262e-01
42                                    -1.1298118091671429e-01
43                                     1.1625873377635508e-02
44                                     3.3158888463210676e-02
45                                    -7.8519031340603895e-02
46                                    -2.9149252327776549e-02
47                                    -8.8673984354321229e-03
48                                     1.5412692601019645e-01
49                                    -1.2182351323352561e-01
50                                     3.5790269846412134e-02
51                                     2.4596340691735484e-03
52                                     1.9792508547153914e-01
53                                    -1.2284045055715972e-01
54                                    -1.3532056378399268e+01
55                                     2.3734680680176785e+00
56                                    -2.3651994979232910e-01
57                                    -4.5889183002840644e-01
58                                    -7.4601692536619107e-02
59                                    -7.1566130289096391e-02
60                                    -7.9329233912153151e-03
61                                    -4.0603023360219325e-03
62                                     7.5343913007095489e-02
63                                    -7.8839523605371109e-02
64                                    -5.5219820448040420e-02
65                                    -4.8698616805261288e-02
66                                     2.3672827979922574e-03
67                                    -3.7415491398016881e-01
68                                     1.2594716872622058e-01
69                                     1.6098371853613408e-01
70                                     4.7538080624956986e+00
71                                     8.0334982122753362e-02
72                                     1.5781936684191217e-01
73                                     8.3818744319108990e-02
74                                     6.2868376741448651e-01
75                                    -3.7280903074743257e-02
76                                    -9.4914141782033862e-03
77                                     1.2372036130192540e-01
78                                     8.2630437011280478e-02
79                                     3.0545089761597283e-02
80                                    -3.3238297570609435e-02
81                                     1.1438503454121499e-03
82                                    -4.6033258510794511e-02
83                                     1.0855003335315264e-01
84                                     1.4994707126984175e-01
85                                     8.1082017066620271e-01
86                                     3.3002633990143959e-01
87                                    -1.3657339548636669e+00
88                                    -2.4564922074128949e-02
89                                     9.0685326917467779e-01
90                                    -7.2725807413847599e-02
91                                    -1.1365950135024359e+00
92                                    -1.0628219062736659e+00
93                                    -1.0823499237592450e-02
94                                    -6.4635735722308428e-03
95                                     1.1262917432232535e-02
96                                     5.6764041288225649e-03
97                                     7.0283254436442804e-03
98                                     1.4877916244736153e-02
99                                    -6.4079041655213653e-01
100                                    1.1574505156215527e+00
101                                    2.3985766779981841e+00
102                                   -4.2360083756155442e-01
103                                   -6.8003415012817120e-02
104                                    7.8809677513759557e-01
105                                    2.2698046509650027e-01
106                                   -7.2224796794543309e-03
107                                   -8.1304918564679661e-03
108                                   -6.6599034696097664e-04
109                                    1.5988816981539609e-02
110                                   -6.3282393562336525e-01
111                                    1.4524209124231360e-03
112                                   -1.8504847837547466e+01
113                                    4.4397317759202290e-02
114                                   -2.2658320195700712e-01
115                                   -4.9415098503883814e-01
116                                   -2.6611511141630406e+00
117                                   -3.1175228610840642e+00
118                                    2.0988347172897881e-02
119                                   -3.6172685526200295e-02
120                                    1.6817119418543892e-02
121                                    1.8773926386697140e-03
122                                   -6.5668182801054908e-02
123                                    2.9254494008782730e-02
124                                    4.9920483681977962e-02
125                                    2.7138884197690557e-03
126                                   -2.0709284300546360e-01
127                                   -2.0732787255280329e+00
128                                   -2.4227123252623426e+00
129                                   -3.6492940119323995e-03
130                                    3.0199204230597293e-03
131                                    3.7869073561868138e-02
132                                   -3.0900582116836759e-03
133                                   -8.5848678363092019e-03
134                                    1.3094559480149735e-02
135                                    4.3998044134660047e-02
136                                   -9.3095327247432524e-02
137                                    1.4361079329208378e-02
138                                    1.6277679335836036e-02
139                                    4.3435352938377900e-03
140                                    3.3878755552505424e-03
141                                   -6.3992283873479133e-02
142                                   -6.7133498132112418e-04
143                                   -5.3133517057089227e-03
144                                    3.9889972256311674e-04
145                                   -1.3042048336954579e+01
146                                   -1.1825785937532550e-02
147                                   -4.1726588101275566e-02
148                                    7.7381546843284021e-02
149                                   -2.6282919274880238e-02
150                                    3.3065080228901746e+00
151                                   -9.9549228054155482e-03
152                                   -2.1774422085497652e-02
153                                   -6.2785993316828697e-03
154                                   -2.1157041282578726e-02
155                                   -6.6713119100492305e-03
156                                    5.7141104951716766e-02
157                                   -2.7628758936873256e-02
158                                    1.4750507581294524e+01
159                                    3.4540364363186082e-02
160                                    2.0444251592497839e-02
161                                   -1.4152990476658698e-02
162                                    3.4616447372009956e-01
163                                    8.7677080478612978e-06
164                                   -7.6722379315905080e-03
165                                   -3.2795173736114261e-03
166                                   -2.8183393172184754e-03
167                                   -2.4624220861968389e-03
168                                   -2.0947532337237357e-02
169                                   -1.9486995931038663e-03
170                                   -1.7842594507189423e-03
171                                    1.3903867227387389e-02
172                                    1.8821398358871921e+00
173                                    5.1334276823203333e-03
174                                   -2.0677399473128824e+00
175                                   -2.2960132673721958e+00
176                                   -4.5161037113288011e-01
177                                    5.1502862165774828e-02
178                                   -1.1788671618656061e+00
179                                   -1.9970942594447303e+00
180                                    6.3765130498556055e-01
181                                    1.1841700063173655e-01
182                                    1.0073986020489424e-01
183                                   -2.4707678853427527e-03
184                                   -1.8097557408250090e+01
185                                   -1.3397888141727607e+01
186                                   -1.3868682051488905e+01
   &Method [&Type "String"] "SCF"
   &Level [&Type "String"] "Relaxed density"
   &Mult [&Type "Integer"] 1
   &State [&Type "Integer"] -1
   &Irrep [&Type "Integer"] 0
$End
$Calculation_Timings
   &GeometryIndex 1
   &GTOINT [&Type "Double"]       1.5900950000000000e+00
   &SCF [&Type "Double"]       1.7213115000000002e+01
   &PROPINT [&Type "Double"]       1.1738879999999980e+00
   &RESPONSE [&Type "Double"]       8.5046269999999993e+00
   &PROP [&Type "Double"]       7.4751400000000245e-01
   &SUM [&Type "Double"]       2.9229239000000003e+01
$End
