$coord
-0.02050473146087 -1.34492410113221  -0.29076973119304  c
 0.86129412021151  1.35229334346043  -1.12576207551671  c
-0.05089232842416  3.39146768948670   0.72088270868091  c
-2.89709919793965  3.20373629214587   1.17854031074085  c
-3.74678828230273  0.43103316545172   1.43867943904101  c
-1.51558328160912 -1.23875207696499   2.22606713091166  c
-2.17129871228814 -2.17011247167282  -2.06098761078380  c
-4.39870611860414 -0.66133289632202  -1.11643812429486  c
-0.21571667656563 -0.40786980740672   4.37293743691292  o
 2.08623523942428 -3.33678230505119  -0.13316922059205  c
-6.54931117179434 -0.32158760877955  -2.33452531721060  c
 3.67008171731554  1.54436616490962  -1.63039291508347  c
 5.37845184394172  2.07111202844951   0.12874346802226  c
-0.07689858100366  1.74510110862632  -2.92987047654034  h
 3.69331263722691 -3.03454240662945   1.96815006296537  o
 4.42369891918838  1.18543240062390  -4.34143136623597  c
 0.90871985868620  3.19347094154031   2.52616636968827  h
 0.41593742259105  5.24683210825467  -0.05347837743082  h
-3.35822711384337  4.23085642797302   2.90345316204129  h
-3.93773846621572  4.07037235498643  -0.37924637598415  h
-5.33055635470115  0.30278942133039   2.75105954516974  h
-2.23613378701965 -3.16578939516107   2.58754408238092  h
-1.76955463560949 -1.83469343317101  -4.05330203937597  h
-2.55935059521032 -4.18886161895268  -1.83770869680638  h
 1.29164617375453 -1.44427655082186   4.48498293850384  h
 3.18808097643507 -3.38242686137934  -1.88851819853446  h
 1.21953725214831 -5.19842077026911   0.11996051609937  h
-6.87681199232396 -1.12014493471762  -4.17790867770137  h
-8.07148482961333  0.76396792236790  -1.53256539198500  h
 7.35867427599478  2.21026908550941  -0.32873008605142  h
 4.88941986829722  2.46372733748172   2.06485654099984  h
 4.69894553613091 -1.52695115890751   1.68712310639687  h
 6.45962801548474  0.98367473712811  -4.53147402013763  h
 3.50519408035641 -0.46317004220510  -5.16112143707407  h
 3.83131095428887  2.82935685647598  -5.43459595672841  h
$end