   -0.07060059
   -0.06638989
   -0.04955813
   -0.03568894
   -0.05801497
    0.07128105
   -0.02417040
   -0.04575308
   -0.20868995
    0.05196418
   -0.01441843
    0.01563949
   -0.07035565
    0.02529417
    0.00225030
   -0.03547288
   -0.03897288
   -0.02269562
    0.29785195
   -0.02326948
   -0.05117839
   -0.71737832
    0.05363238
    0.36017158
   -0.46890435
   -0.26694795
    0.03131712
    0.05587693
    0.05486818
    0.05166084
    0.04529187
    0.03088436
    0.03435772
    0.03633998
    0.03138257
    0.16240729
    0.03918723
    0.08550612
    0.04424885
    0.05124684
    0.05377617
    0.05718462
    0.07286157
    0.06929411
    0.05342610
    0.05361768
    0.05417902
    0.06777206
    0.08616793
    0.06751966
