$coord
-0.80906495492866  0.22095488022237  -4.79263482924545  c
 2.06757987577492  0.19677576906262  -4.97319934954863  c
-4.90272176198816  5.97572093721925   1.27545583935001  c
-7.07137739163441  4.87498704835335   0.30600144910810  c
-6.92786224497146  2.52811654569584  -0.81056262316535  c
-4.63781559015488  1.22747338736979  -0.93053741028745  c
-2.48248460744697  2.22305013288565   0.24964077295154  c
-2.65984909160752  4.63726678023990   1.27406957727143  c
-4.48166186937129 -0.91848866258736  -2.42098017520056  n
-1.95732158682456 -1.75571231256099  -2.98387796916047  c
-0.34187214897434 -2.03865079267889  -0.55358188125505  c
-0.15051815250916  0.60772058927637   0.70568410859415  c
 2.34394248144125 -2.75484859798526  -1.36378806956986  c
 3.31660560566823 -0.21771790446933  -2.38926790913613  c
 2.36986887854106  1.58678405715328  -0.35761703940424  c
 6.12172885260581  0.13432379261005  -2.66004907489831  c
 7.46510609989871  1.70907614852673  -1.24902427574905  c
 6.40976759903446  3.02310101218176   1.04467855125519  c
 4.22448483480533  1.47909848367998   1.84378534057554  n
 2.61734741835609  2.36012143799375   3.94966936171292  c
 0.35152159474986  0.59547896894696   3.60262855421578  c
 5.09647825514889 -0.78698213396741   2.48436532883847  o
 2.26881903716128  3.54830372423377  -0.98974490820735  h
-1.63237530355154 -3.95628725479181   1.12276104246392  c
-3.60959976787656 -3.60567113100770   2.20471221828099  o
-0.38526819993225 -6.14574645114129   1.19826334206109  o
-1.46099070861562 -8.07342852915152   2.72331613879475  c
-1.62783022894987 -0.06928905281763  -6.66333127618169  h
-1.41936076829353  2.08072964821352  -4.14996695364020  h
 2.69235033250227 -1.32760810808633  -6.21641225825845  h
 2.70392345427796  1.97860255258222  -5.80174029813724  h
-4.96543085514427  7.85131651935581   2.07573753508632  h
-8.85271758220404  5.86688738611624   0.38297406863649  h
-8.58007144062639  1.66658821849752  -1.64231689191537  h
-1.02007904009424  5.50884119822370   2.11630924843130  h
-5.79848073429885 -2.25454550355533  -2.09231694010055  h
-2.05825710393115 -3.59524770122127  -3.92590681818978  h
 3.48440514429079 -3.29781987094732   0.26476552254132  h
 2.35549647238553 -4.25137281016237  -2.77418215694001  h
 7.00832723919539 -0.88803247744743  -4.18796440552318  h
 9.45940992160678  1.97613824540174  -1.58433810960698  h
 5.87080016856086  4.98714607448535   0.67014927390959  h
 7.79924709961433  2.96610864725771   2.56940769289459  h
 3.61300900180354  2.02263851393909   5.71879200970958  h
 2.14987575364325  4.35835773781698   3.75706038716741  h
-1.29858337310095  1.17779313268400   4.67973076309273  h
 0.94318300285091 -1.28118638563744   4.21033133357931  h
-3.24060054670306 -8.72701139558316   1.90613207572354  h
-0.08725746870606 -9.59906351478860   2.77303485545431  h
-1.82851056373894 -7.36130361617033   4.62435857905082  h
$end