           1           2   1.00699307577581     
           3           4   1.41301108628676     
           4           5   1.46928987017812     
           5           6   1.35324803659760     
           6           7   1.32997861094787     
           3           8   1.44542000257883     
           5           8  0.103204561043574     
           7           8   1.41441961791541     
           6           9   1.12121880623811     
           1          10  0.980418942299495     
           9          10   1.01227585759013     
          10          11  0.925085571700496     
           7          12  0.988233229252200     
          11          12  0.948224267719805     
          11          13  0.983504984181150     
           2          14  0.969912278730083     
          13          14  0.966440912824169     
          12          15  0.966070096545853     
          14          15  0.978072725646424     
          14          16   1.00253144119060     
          16          17   1.93054438344912     
          17          18   1.01395199236399     
          15          19  0.891098534454514     
          18          19  0.941585062472104     
          19          20  0.941581441744911     
          12          21  0.962964445006289     
          20          21   1.00558675800133     
          19          22   1.03627111650093     
          15          23  0.962280656526693     
          11          24  0.960077207458933     
          24          25   1.70139855406392     
          24          26   1.14838215908793     
          25          26  0.168721319069188     
          26          27  0.946110692277756     
           1          28  0.973578198516272     
           1          29  0.968553456980559     
           2          30  0.974263683849569     
           2          31  0.975059052324498     
           3          32  0.971196875285898     
           4          33  0.970529222727394     
           5          34  0.967938891465026     
           8          35  0.959956539721119     
           9          36  0.937886895915240     
          10          37  0.967028317583486     
          13          38  0.952920369057590     
          13          39  0.974114702960327     
          16          40  0.963997627595727     
          17          41  0.964689049495552     
          18          42  0.956487389133473     
          18          43  0.964246522247810     
          20          44  0.972214423941098     
          20          45  0.963350281632033     
          21          46  0.974867960470872     
          21          47  0.971938619372338     
          27          48  0.975753427878875     
          27          49  0.979024723983555     
          27          50  0.976747207250941     
