$coord
-0.04988039357131 -1.10312611599102   0.53252583512470  c
-1.95245146850420  1.03138675238522   1.38126431322306  c
-0.71053238586453  3.71184822830791   1.21264089184661  c
 1.06999034402462  4.12225124287112  -1.06589966404507  c
 2.79246922945502  1.79104243077804  -1.51380062430331  c
 1.07589924106818 -0.48392572556934  -2.11011285393172  c
 2.35794763220624 -0.94006219858474   2.24100762202477  c
 4.08478056427371  0.96743544598850   0.92844125636077  c
 2.50440331848123 -2.65091335159290  -2.95185005102485  o
-1.38849373136453 -3.70158335500181   0.67775745133677  c
 6.33167772337085  1.77809888094870   1.75435019699411  c
-4.60482039016346  0.94444447271592   0.21535631821006  c
-6.58782175300295  0.34397401390570   1.68619961256621  c
-2.25877589961660  0.66715031082005   3.40969206356414  h
 0.25345880234225 -5.84197908218575   0.50996319215938  o
-5.03533254273922  1.64362562174208  -2.53376842449945  c
-2.19580994180225  5.17028322643745   1.22990134741331  h
 0.39258323809818  4.00428794715399   2.95312698247320  h
-0.01391742416527  4.49102144582023  -2.80764136140226  h
 2.24427047356737  5.80759751072405  -0.72597621230350  h
 4.14405334470994  2.19958820061268  -3.04659202034251  h
-0.36956066827100 -0.01656265284256  -3.53110083947518  h
 3.27511118914145 -2.80309844921308   2.34541210657015  h
 1.89767669237480 -0.38307178014539   4.19393929978356  h
 3.35589508133189 -2.21541053514412  -4.53553800878520  h
-2.87219402996554 -3.78267928484368  -0.79552304821039  h
-2.35732821203298 -3.86368418920789   2.51456721528686  h
 7.13598199987388  1.13004498170987   3.54314312698157  h
 7.46094272293973  3.12681766552738   0.67161644006879  h
-8.51767910342442  0.32484510365568   0.95196088786550  h
-6.36099228822368 -0.15183998013909   3.67736526965862  h
 1.29276360251062 -5.57100891564981  -1.00278537580425  h
-4.14819545285814  3.46276952250552  -3.01833410962191  h
-4.24803272248306  0.22002250256844  -3.83250137963956  h
-7.06703716416575  1.79868504919670  -2.94261593643951  h
$end
