   -0.00033455
   -0.03764641
   -0.06252306
   -0.05839965
   -0.03367257
    0.11397490
   -0.07084864
    0.01518793
   -0.48438570
    0.08640317
   -0.11378087
    0.00955910
   -0.11187479
    0.04779021
   -0.48501220
   -0.11763698
    0.04254403
    0.04349386
    0.03696207
    0.04203863
    0.03254589
    0.02159384
    0.06627733
    0.04977612
    0.30775971
    0.01904216
    0.04194497
    0.03362010
    0.03234203
    0.03166086
    0.03254320
    0.32442763
    0.04796181
    0.05091428
    0.04575158
