$coord
-0.08113422769216 -1.05125717166780   0.55339118955865  c
-1.93542919148627  1.08479704213488   1.32048984085175  c
-0.63115017515046  3.69051334812275   1.19358090402325  c
 1.12163936264092  4.08445310024484  -1.06933176710983  c
 2.74119181486180  1.73141607050680  -1.52550917050624  c
 0.98595927522919 -0.49695386951196  -2.09450519268712  c
 2.30566968474550 -0.91958467709499   2.21104686730292  c
 4.00433284138804  0.94289647652865   0.90444251084438  c
 2.31699057740528 -2.62344560443616  -3.03992382318061  o
-1.37706811727089 -3.64587896624887   0.74316862304421  c
 6.21563942811430  1.76080523445116   1.71934875643650  c
-4.44989816156022  1.01863412601899  -0.05062561285676  c
-4.87788874133830  1.96000389318882  -2.32980733625892  c
-2.37672929188993  0.74917357438362   3.31761610364361  h
 0.28779926200370 -5.69332672713829   0.54830161871982  o
-6.59602958521335 -0.07184009332501   1.45516700034198  c
-2.07961253850418  5.15939325494234   1.20559178123384  h
 0.49772357650573  3.92153690740493   2.90478066497572  h
 0.04913655685792  4.51115031574684  -2.77740643789089  h
 2.34849061796617  5.69965409334471  -0.68864463123536  h
 4.09739015679596  2.08381208972292  -3.04720622012118  h
-0.51544977637009 -0.00404689763055  -3.43593320978038  h
 3.19607062510994 -2.78224016589055   2.25570811541313  h
 1.88801406117816 -0.38012573225766   4.15487449320849  h
 3.33553726768617 -2.08813456176797  -4.44864915482548  h
-2.85048969283876 -3.76357526088171  -0.72094647881183  h
-2.26680378106465 -3.83470033664290   2.60013132662669  h
 6.99955668217514  1.13931320348558   3.49100219898175  h
 7.33156717007494  3.08485216839393   0.64943534334156  h
-6.73510553333822  1.88226056737947  -3.16186528361936  h
-3.45699933540942  2.85877271355776  -3.46696491195668  h
 1.28492013202742 -5.42377838997652  -0.96138603863131  h
-6.15767721416868 -1.96747763586000   2.11595434369199  h
-6.94489356853996  1.10398087015186   3.11099500999983  h
-8.31735864310440 -0.14451357533552   0.33729564104624  h
$end