           1           2  0.957540143331682     
           2           3  0.985644517497812     
           3           4   1.00855541873618     
           4           5  0.979344435427085     
           1           6  0.969650215417372     
           5           6  0.975758889168078     
           1           7  0.982921549351214     
           5           8  0.993624162165085     
           7           8   1.01053894503427     
           6           9  0.970191447301940     
           1          10  0.975742168372157     
           8          11   1.93432370281319     
           2          12  0.997137740600313     
          12          13   1.92782478141464     
           2          14  0.962679326178921     
          10          15   1.00375640210475     
          12          16   1.02449644482257     
           3          17  0.976028749093899     
           3          18  0.976787109420861     
           4          19  0.969455868826561     
           4          20  0.975566874542331     
           5          21  0.961916898392160     
           6          22  0.955730493503590     
           7          23  0.951911482918670     
           7          24  0.963654127394063     
           9          25  0.883278927100109     
          10          26  0.966087596290823     
          10          27  0.969088018447556     
          11          28  0.975222041756824     
          11          29  0.975029940834095     
          13          30  0.974108463185238     
          13          31  0.966600826281179     
          15          32  0.859195243957221     
          16          33  0.970092334443576     
          16          34  0.968544703695963     
          16          35  0.984063246756273     
