   -0.06971044
   -0.06386364
   -0.04980757
   -0.03699782
   -0.06669142
    0.06671680
   -0.02214969
   -0.04221220
   -0.21448767
    0.05174356
   -0.01089792
    0.01654004
   -0.06362780
    0.01291387
    0.00758475
   -0.04631544
   -0.05279203
   -0.02535052
    0.29317131
   -0.02344489
   -0.05834080
   -0.73620862
    0.06832440
    0.36189110
   -0.46886239
   -0.25167650
    0.02583833
    0.04885471
    0.04381384
    0.05380273
    0.04675433
    0.02544288
    0.02924702
    0.02769405
    0.05884443
    0.16789349
    0.04353924
    0.06047341
    0.04833815
    0.05636959
    0.05962805
    0.07188950
    0.08395552
    0.05756227
    0.07081700
    0.06780429
    0.04137643
    0.07348684
    0.07134635
    0.08977907
