$coord
 0.04647069942575  0.93473511675555   4.86883634697322  c
 2.88278153412642  1.40462278970574   4.57916931519397  c
-4.14832357126760 -6.10311717640091  -0.43109970497627  c
-6.16058586588112 -5.25521136762297   1.01129893296506  c
-6.10210578836452 -2.85745183921565   2.03328730414845  c
-4.07207538391857 -1.24240910406475   1.57403240994713  c
-2.10553552086888 -2.04567679101184  -0.00612168841492  c
-2.14399009636777 -4.50201879136792  -0.92919136214774  c
-4.05209575594742  1.14317573641176   2.66086458847542  n
-1.62313907795178  2.34260997885841   2.93103377077824  c
-0.40043829293349  2.40857551799378   0.28574787887889  c
 0.06678873426021 -0.30483304807431  -0.66976139042583  c
 2.23457666875494  3.53492388198577   0.50798690245872  c
 3.67205059178517  1.35896429721434   1.78053758476681  c
 2.61932814481003 -1.07774740465091   0.56511909445490  c
 6.46105516235496  1.69328143225499   1.50966183840103  c
 7.90054050080244  0.10189366173145   0.23378345345478  c
 6.89788438863121 -2.24730545386546  -0.94759060630203  c
 4.14812272134841 -2.23736070077728  -1.52010138603953  n
 3.53166208600288 -0.65393936232035  -3.74746696288980  c
 0.67991897883217 -0.29792007955217  -3.53695442218731  c
 3.43167577077021 -4.60702040742325  -1.92150321234090  o
 2.41280556939219 -2.59643534830305   1.94364623544116  h
-2.09817138231298  3.99079493639979  -1.40574526869392  c
-1.69842672809370  6.18071170952151  -1.89160569279358  o
-4.09246342781476  2.71655808189454  -2.24679760659883  o
-5.83651520553868  4.08522001705800  -3.75635586268585  c
-0.54657930985688  1.47499283710981   6.77123513494331  h
-0.33802196786503 -1.08168585713521   4.66015885128102  h
 3.38449446988163  3.24171084735122   5.37445383843933  h
 3.91956894548404 -0.03787392445458   5.63090423324786  h
-4.13551453855922 -8.00578311230774  -1.16473699636390  h
-7.75242517342324 -6.47731349590849   1.38719199617569  h
-7.62969588540690 -2.20355057868728   3.22383420506720  h
-0.51494834888106 -5.18229452724894  -1.95992012918858  h
-5.24448730395285  1.34631165257092   4.13636220658225  h
-1.92483329849062  4.29759899244453   3.55287337812521  h
 2.25269484241526  5.25056586258150   1.64409111930285  h
 2.98901625657189  4.00939958225658  -1.34708113034092  h
 7.24064931244633  3.37173421043763   2.37183440743956  h
 9.91173753072083  0.39985654093474   0.04814993028090  h
 7.86601228561935 -2.68807407427654  -2.71659286778409  h
 7.17842890208831 -3.86720943350710   0.31194047300525  h
 4.57596042549547  1.12182361528452  -3.65404129223893  h
 4.06875294567945 -1.70336599767542  -5.43601764342396  h
-0.28327867012679 -1.86928742348443  -4.44881424583514  h
 0.08917562670594  1.44791800242096  -4.45025267663800  h
-6.52843664455230  5.73785005094161  -2.73337162284188  h
-4.93602789978968  4.71765221302553  -5.50275076928040  h
-7.37382207854253  2.78712767700753  -4.16588143470664  h
$end