           1           2   1.00604289697817     
           3           4   1.42171793963631     
           4           5   1.46197937012417     
           5           6   1.35008650352999     
           4           7  0.100625693505023     
           6           7   1.32741312161165     
           3           8   1.43627378231305     
           5           8  0.103209284597645     
           7           8   1.42542545923164     
           6           9   1.13201782913490     
           1          10  0.974738643118865     
           9          10   1.00288392415568     
          10          11  0.942321345690673     
           7          12  0.990943107998462     
          11          12  0.956264397811051     
          11          13  0.983520368004823     
           2          14  0.970148462178951     
          13          14  0.966212279799722     
          12          15  0.957035273173379     
          14          15  0.965845746213026     
          14          16   1.00859042910994     
          16          17   1.92022857323147     
          17          18   1.02385625621869     
          15          19  0.922169466966851     
          18          19  0.938761976782860     
          19          20  0.942113636073991     
          12          21  0.969313488315975     
          20          21   1.00809945703179     
          19          22   1.01406040250335     
          15          23  0.962321472432787     
          11          24  0.947814358083867     
          24          25   1.69827035348588     
          24          26   1.17301241721172     
          25          26  0.174131889494830     
          26          27  0.940004594466428     
           1          28  0.974621590874088     
           1          29  0.972175004906509     
           2          30  0.974545350636778     
           2          31  0.974956360650472     
           3          32  0.971490553224900     
           4          33  0.970987078967407     
           5          34  0.967369810859582     
           8          35  0.954765080072247     
           9          36  0.940132186208774     
          10          37  0.964474594977545     
          13          38  0.971929644104469     
          13          39  0.969443990905114     
          16          40  0.962343230725580     
          17          41  0.962009586198767     
          18          42  0.963512895047571     
          18          43  0.948814183646700     
          20          44  0.967611581608840     
          20          45  0.972629067977400     
          21          46  0.971592331221123     
          21          47  0.972065682109639     
          27          48  0.976123719137489     
          27          49  0.975896841142312     
          27          50  0.979064411637864     
