$coord
 2.49984613741227  2.83565385761815   3.69851306639225  c
 5.12886241617182  2.45668956502117   2.59386084684583  c
 5.18101167835388  1.24043847026010  -0.04603740204374  c
 3.18511298543256 -0.95844759670931  -0.32610807914707  c
 0.55245535711913 -0.56829654251218   1.01929992264230  c
 1.05008069696812  0.34738962958599   3.73746539820923  c
 2.59532729189364 -1.49267647656237  -3.11783544762075  c
 1.09576385964512 -3.94044486980061  -3.39502526275713  c
-1.35485642265706 -3.92601290798138  -1.85624138038053  c
-1.04913157427373 -3.11577821541564   0.95475443917986  c
-1.50144485170484  1.30279958754672  -0.00224224432964  c
-3.65902044864792 -2.21416363927787   1.84143615607754  c
-3.86577741492293  0.32843858389129   0.68428637306873  c
-6.16349814208827  1.50164878452323   0.27165772278438  c
-6.17355020818777  3.83799314265356  -0.90954329172756  c
-3.89254698930060  4.86953319368650  -1.58860485684112  c
-1.56148241239226  3.69196509620356  -1.14195527323425  c
 0.38382461395652  5.13714637891929  -1.93797520040887  o
-8.33018116675655  0.29696968979641   1.03491452458168  o
 4.79278568570410  3.22545009570414  -1.82635230035009  o
 7.93473730961265  0.41223606440610  -0.55011835833108  c
 4.56673623329373 -3.26882919411795   0.78074171254825  c
-2.66628239926204 -6.48188593941364  -2.18374721586534  c
-0.35449012508020 -5.32826268317576   2.70888075638225  c
 2.69406064443890  3.55219447832991   5.62507342149372  h
 1.45737182903920  4.24699291217495   2.62393597268099  h
 6.21631202945242  1.26683465648723   3.87989834615226  h
 6.09503769543727  4.27320585392737   2.44776210706428  h
-0.73584267320769  0.62365571352204   4.72375846275595  h
 2.15048100570918 -1.04134188866958   4.78955349492658  h
 1.47306728158804  0.05436952011515  -3.90059424533154  h
 4.33784449937601 -1.66071383438323  -4.21970357410668  h
 0.59907688333483 -4.18706143239742  -5.38555732283270  h
 2.26673278688870 -5.55375423911204  -2.87355954081000  h
-2.57614919371524 -2.49268771992259  -2.71717989892174  h
-3.74999080173446 -2.09914194697382   3.90060006890054  h
-5.19077109560743 -3.44497537411308   1.23087721157779  h
-7.92301895047895  4.82429622104800  -1.28614772892106  h
-3.80647066386261  6.69133962215947  -2.49924902118423  h
 2.03452061746361  4.35311012351310  -1.62954553316498  h
-9.75937894162376  1.34042574528467   0.60452521130864  h
 5.04048582633193  2.57001129825317  -3.50771334908741  h
 9.06330102165131  2.13148110057859  -0.64579175861961  h
 8.71854610756683 -0.76735465362515   0.92860192935716  h
 8.11044650593702 -0.55849959548675  -2.35516967675542  h
 5.27059928481935 -2.88140622301073   2.66789087385776  h
 3.37353501568923 -4.90327660353099   0.87281944004204  h
 6.15375242005790 -3.76759399403408  -0.42016378845659  h
-4.40929501526676 -6.58318798477596  -1.10555429240666  h
-3.13266407693770 -6.76091690602130  -4.16698274271509  h
-1.45280522724442 -8.03442959139705  -1.60157160590296  h
-2.09646075781565 -6.19424115760741   3.37976035369241  h
 0.70425205977436 -6.82758120710739   1.79045688985811  h
 0.68679393853686 -4.69653010123645   4.35888019002094  h
$end