   -0.05972210
   -0.06999992
    0.13689345
    0.01352796
    0.00811678
   -0.05860375
   -0.05809101
   -0.06133652
   -0.02361904
    0.01192382
   -0.04419052
   -0.05791376
   -0.04127037
    0.11988606
   -0.05955360
   -0.06465675
    0.13418340
   -0.44550532
   -0.40827477
   -0.44571341
   -0.11685609
   -0.12719530
   -0.10286132
   -0.10538574
    0.02715609
    0.05133134
    0.03472558
    0.02627594
    0.03470631
    0.03192548
    0.04668959
    0.03147899
    0.02954915
    0.03245411
    0.03863916
    0.02993686
    0.02388432
    0.04733719
    0.05054427
    0.33654294
    0.29374490
    0.29854769
    0.03061544
    0.04365063
    0.04623015
    0.02919339
    0.06497133
    0.03989239
    0.03119390
    0.03303701
    0.03206329
    0.03504788
    0.03558180
    0.03927068
