$coord
-2.42466447993003 -2.87421474306174   3.66242538269208  c
-5.06227938200187 -2.52802600060237   2.56609281715045  c
-5.16784595473706 -1.25802221293152  -0.05374345479465  c
-3.19056644911507  0.95418148253342  -0.32631844704984  c
-0.54537547834798  0.57345028089133   1.00214707399920  c
-1.02288196238585 -0.35853413331950   3.71947278570057  c
-2.62962541950390  1.48955340707511  -3.12038884102613  c
-1.14187184447143  3.93937001096593  -3.41191866768793  c
 1.31638215734579  3.94497929976399  -1.88419858262148  c
 1.03384797373893  3.13057649799868   0.92940535000987  c
 1.52228008360389 -1.28068656970685  -0.01835236609623  c
 3.66300980922021  2.25782108886976   1.80285511046874  c
 3.89253305143659 -0.30302905202016   0.66344132347554  c
 6.17784339231246 -1.51779553485132   0.29969985101815  c
 6.17490495965012 -3.87683272339435  -0.84600405549056  c
 3.89443638529091 -4.89282783308413  -1.53345408407249  c
 1.57369555719458 -3.68267573925303  -1.12043802575947  c
-0.40298665702175 -5.12224077557705  -1.85471922034839  o
 8.43813271067825 -0.48906002522733   1.03320650261517  o
-4.72327123164546 -3.01952836021966  -2.04194818826739  o
-7.94458872629289 -0.44887874989789  -0.46375999107989  c
-4.57454500834428  3.25673992974487   0.79151063888350  c
 2.59602784341499  6.51712648081259  -2.22282810291604  c
 0.33108514381822  5.33578359284412   2.69188692705877  c
-2.60110672615183 -3.61210909551431   5.58312389673642  h
-1.35685471619405 -4.25431740238701   2.57259833199612  h
-6.15778991894659 -1.36880177792030   3.87563405329441  h
-6.00881162167603 -4.36298458672625   2.44129473029334  h
 0.76576525808233 -0.61211633053865   4.70786096994943  h
-2.14905534605342  1.00353917211897   4.77976525953859  h
-1.53524860522883 -0.06666555756499  -3.91178338345127  h
-4.38607773407575  1.62315639086665  -4.19238877764804  h
-0.65135813513887  4.17873564774312  -5.40394122014317  h
-2.31440305705786  5.55324504012432  -2.89446260291654  h
 2.54386383569997  2.52137246483211  -2.75309273079887  h
 3.75589469222144  2.17568926360659   3.86778398678315  h
 5.12990955461397  3.55890236602505   1.15767154489582  h
 7.93068722930536 -4.85626534832500  -1.16478036803512  h
 3.79582213481340 -6.72835772291101  -2.41447969118379  h
-1.97473165610615 -4.14185486583021  -1.87661020217154  h
 8.13755495488522  1.12308389347972   1.82381032655969  h
-5.89760302385019 -4.40472988594658  -1.88653194123009  h
-9.09926965997551 -2.15731387081957  -0.47400088692863  h
-8.67227246972631  0.76919260522319   1.01215649559408  h
-8.17039676430100  0.46541917609825  -2.28890709308217  h
-5.24515139887779  2.87995940635922   2.69376711762620  h
-3.39639658088150  4.90312175370309   0.84773297612726  h
-6.18148932105070  3.72877924410561  -0.39228014966323  h
 4.34287825564195  6.66094214173957  -1.15371173056945  h
 3.05190258676337  6.79227478343063  -4.20854209685311  h
 1.36151510358465  8.05506743573312  -1.64584377754530  h
 2.06504763860941  6.21911523463604   3.36357677316906  h
-0.73976991224613  6.82762179615689   1.77759259059742  h
-0.70344687166080  4.69264912137075   4.34169679660064  h
$end