           1           2   1.00884848508790     
           2           3  0.979646622264414     
           3           4  0.949278980473922     
           4           5  0.960001196469899     
           1           6   1.00663951535435     
           5           6  0.978818910239557     
           4           7  0.989319647487602     
           7           8   1.00609925164172     
           8           9  0.996756636486026     
           5          10  0.948876886391930     
           9          10  0.972093163478253     
           5          11  0.966959916928867     
          10          12  0.981092309866203     
          11          13   1.35968224976236     
          12          13   1.01150721105358     
          13          14   1.38328538534722     
          11          15  0.100730826148831     
          14          15   1.34464280253907     
          13          16  0.101171749435699     
          15          16   1.48746252276699     
          11          17   1.36681858174459     
          16          17   1.32958776420890     
          17          18   1.09244131005315     
          14          19   1.04727578512541     
           3          20  0.953711691394192     
           3          21  0.989486815914509     
           4          22  0.995696976229146     
           9          23   1.00774816018494     
          10          24  0.999659146587350     
           1          25  0.975656038973580     
           1          26  0.969959723644699     
           2          27  0.973163772416058     
           2          28  0.972570226799853     
           6          29  0.972718337966755     
           6          30  0.965437449809716     
           7          31  0.972368154963156     
           7          32  0.972836209058224     
           8          33  0.975234741714954     
           8          34  0.972546225361797     
           9          35  0.962870987322489     
          12          36  0.957687694340602     
          12          37  0.958336873316759     
          15          38  0.967730111453698     
          16          39  0.967367637187738     
          18          40  0.778585475159271     
          19          41  0.887642319085524     
          20          42  0.886192494593551     
          21          43  0.981078031809963     
          21          44  0.982494230560305     
          21          45  0.981845094997015     
          22          46  0.980793465246610     
          22          47  0.961342786667052     
          22          48  0.979707946635055     
          23          49  0.980856090505914     
          23          50  0.985911441677511     
          23          51  0.983809584298825     
          24          52  0.981085002238737     
          24          53  0.970233299340819     
          24          54  0.979770504135813     
