   -0.00002031
   -0.02622133
   -0.05869825
   -0.05679283
   -0.03607390
    0.11878026
   -0.07312452
    0.01001789
   -0.47111022
    0.07936407
   -0.11232305
    0.01544071
   -0.11287271
    0.04624412
   -0.47708582
   -0.11571286
    0.03890676
    0.03550430
    0.05148922
    0.03425051
    0.03191524
    0.00444498
    0.05287060
    0.04506789
    0.31053856
    0.01858707
    0.05425003
    0.03663146
    0.03788490
    0.02484377
    0.03356452
    0.30943134
    0.04655656
    0.06711663
    0.03633442
