$coord
 0.05449166445299 -1.45870583905657  -0.05172549752349  c
 1.21168872614179  0.79651837248685  -1.53675060207218  c
-0.76772404103651  2.90067645157384  -1.86591747658565  c
-2.33358758124995  3.41351664693373   0.50385564745393  c
-3.36937044783641  0.93230840699915   1.58324081462093  c
-1.13779020857244 -0.69142355551696   2.48718803146036  c
-2.33804621051898 -2.36311474792483  -1.46071772879508  c
-4.43245953530435 -0.68364382517901  -0.50023582717185  c
 0.53705582944544  0.47259299750147   4.17675712830031  o
 1.96846094445589 -3.60641448690450   0.29233652239887  c
-6.78097735625604 -0.64140444402407  -1.33993721876693  c
 3.76110258410422  1.71995531827160  -0.59617440101127  c
 5.84485796220125  0.60649204203947  -1.43047337987511  c
 1.59998538321030  0.02857663027638  -3.42382275704209  h
 2.83418240385125 -4.64027184974768  -1.99765003629233  o
 3.93611960549624  3.92499025774420   1.17063492665467  c
 0.16808299640754  4.63147001492546  -2.48100258198521  h
-2.06440461602050  2.35485389237047  -3.37684523477025  h
-1.18827494083476  4.33190907521815   1.94831012411633  h
-3.90115755057975  4.66750433219294   0.02453620344603  h
-4.74325162873515  1.31792889477797   3.07818489544857  h
-1.89348450253813 -2.42595690198867   3.37388096048108  h
-2.15115998241633 -2.25617265185771  -3.51051038488214  h
-2.75768638799156 -4.32745995977529  -0.96168246787437  h
-0.37263985452119  0.86751224947644   5.70297196109222  h
 1.10517336349299 -5.09098127976646   1.46866074583219  h
 3.64028346980591 -2.89593531694179   1.26676698652851  h
-7.39891322179715 -1.84206204981091  -2.86302821843324  h
-8.18103722044021  0.59936209289593  -0.54043272732382  h
 7.69265334866920  1.21116592622823  -0.82517366431395  h
 5.79562081578860 -0.97809665129886  -2.70493463879084  h
 1.39852111632508 -5.26213307253797  -2.92979678799288  h
 3.00990735123185  5.58865590764122   0.39275956883489  h
 3.05199878742919  3.45622129547932   2.96210642275277  h
 5.90802053936077  4.38852204360745   1.51517510605726  h
$end