           1           2  0.958023403831199     
           2           3  0.990942248918718     
           3           4   1.00962499522239     
           4           5  0.979372015150971     
           1           6  0.967199938344077     
           5           6  0.966924048061030     
           1           7  0.979218338550894     
           5           8  0.995472782813287     
           7           8   1.00357447831596     
           6           9  0.985281199723901     
           1          10  0.980517625714393     
           8          11   1.93710791253414     
           2          12  0.995311925260684     
          12          13   1.92597590649618     
           2          14  0.958554014555626     
          10          15  0.993506263527519     
          12          16   1.02831122066453     
           3          17  0.972879263397022     
           3          18  0.975524352438431     
           4          19  0.970098684145441     
           4          20  0.976640999582707     
           5          21  0.965195675737220     
           6          22  0.958801983989223     
           7          23  0.964305822948625     
           7          24  0.958900082068227     
           9          25  0.886889290871437     
          10          26  0.966706739924794     
          10          27  0.967314750447315     
          11          28  0.974633710996897     
          11          29  0.974503625078140     
          13          30  0.975706302291523     
          13          31  0.974427070272809     
          15          32  0.886705103500096     
          16          33  0.967909974915699     
          16          34  0.958863805382627     
          16          35  0.983783178428036     
