    0.01383456
   -0.06534216
   -0.05875123
   -0.06418410
   -0.01964339
    0.11203844
   -0.02828065
   -0.06744588
   -0.05851331
   -0.02942032
   -0.34059954
    0.14200622
    0.02640418
    0.02513193
    0.02008963
   -0.10563947
   -0.11389257
   -0.11411812
   -0.10604737
    0.03249934
    0.03389008
    0.03409010
    0.03089322
    0.03198520
    0.03257439
    0.02874461
    0.03537791
    0.03067225
    0.03644154
    0.02845564
    0.03488211
    0.05560275
    0.03113392
    0.03925465
    0.03401337
    0.04778426
    0.04610518
    0.03631116
    0.04858785
    0.03357768
    0.03403226
    0.03546366
