$coord
 1.86021739797459  3.00147814489027  -0.23527831318050  c
 4.36759224811234  2.03431945233810   0.85976278631493  c
 5.59563679632183 -0.11766307948365  -0.64351409042889  c
 4.78720452188894 -2.76095225746808   0.19902063538726  c
 2.08156918134352 -3.52155894740923  -0.48481750787259  c
 0.18128775307337 -1.59615282927732   0.54819594051057  c
 0.05818929968850  0.85824030805291  -0.99167743455085  c
 0.34763750061550  4.58006888756860   1.71813084231056  c
-2.21306115019059  3.27024752598271   2.07410594573857  c
-2.61342071184246  1.77178412126423  -0.36873507166521  c
-2.31250935192507 -2.59702410721730   0.50604849963389  o
-4.11940821325241 -0.70655603748810  -0.17831724967998  c
 0.25894092137209  0.38729387881332  -2.99148802968235  h
-3.39631581606560  2.99659403622518  -1.83148577066065  h
 0.67547415665809 -1.19406121325591   2.52753615089839  h
 1.51893620509907 -6.15244997394702   0.56181958275108  c
-5.24039301425875 -1.39567589043545  -2.76525050360215  c
-6.24042020350596 -0.66483453351017   1.78568791502489  c
 2.40477196984504  4.64189410479323  -2.56046352786903  c
 5.67172901871557  3.63438495804640   0.93356551139931  h
 4.08626485551447  1.39847763410488   2.80148114829625  h
 5.21512037244739  0.10635280765161  -2.65595963839884  h
 7.64219508882427  0.00983613654377  -0.39420374119264  h
 5.01882519513149 -2.90616653210154   2.24678476798850  h
 6.06603619501255 -4.13684553503034  -0.66018839068613  h
 1.88798166635909 -3.58640376594659  -2.54564502087007  h
 0.06681809304530  6.49011333755591   0.99835124443682  h
 1.35697081680980  4.73959729411716   3.50622617166531  h
-2.12242446793575  1.98505127133123   3.67895817439889  h
-3.72976380124355  4.61776450030057   2.42076390360441  h
 1.72223947993924 -6.16382040766691   2.60710087808438  h
-0.40749315777786 -6.68811691591738   0.10387644023899  h
 2.81351449680712 -7.53487183537559  -0.23758376280191  h
-3.78975049485005 -1.33869795016885  -4.21836637309776  h
-6.74597386871630 -0.09100857884455  -3.26571691005357  h
-6.00242816102827 -3.30138152999460  -2.68871008201310  h
-5.48000666587360 -0.47074436441547   3.68109973260879  h
-7.52157478996600  0.89538467161141   1.40895436928586  h
-7.28504477416747 -2.43069539270490   1.69671971580786  h
 3.49608874096755  6.30056392806225  -2.02420407606704  h
 3.47801828440368  3.60105505769474  -3.97041520692061  h
 0.64867246355033  5.26954879664867  -3.42455719569924  h
$end