           1           2  0.989285403480871     
           2           3   1.00470073986087     
           3           4   1.00786360244304     
           4           5  0.996679059653763     
           5           6  0.979169824365317     
           1           7  0.976376127075154     
           6           7  0.976895523438669     
           1           8  0.977926343831030     
           8           9   1.00464999913090     
           7          10  0.982163176730657     
           9          10  0.995202378679959     
           6          11  0.968047023161688     
          10          12  0.969541822433737     
          11          12  0.954433691530962     
           7          13  0.965365560876066     
          10          14  0.970100907137016     
           6          15  0.955920871106030     
           5          16   1.00663328593924     
          12          17  0.988575212116619     
          12          18  0.992763386153908     
           1          19   1.00063499309003     
           2          20  0.976373639990148     
           2          21  0.972295036213221     
           3          22  0.972991118531376     
           3          23  0.978159027106318     
           4          24  0.974741744602772     
           4          25  0.976004904564940     
           5          26  0.966754911648217     
           8          27  0.979942085992775     
           8          28  0.979553682275679     
           9          29  0.975411138206850     
           9          30  0.980772029850916     
          16          31  0.986946005504637     
          16          32  0.983332755799152     
          16          33  0.986734301021172     
          17          34  0.985093298516997     
          17          35  0.986232060604910     
          17          36  0.984671149696888     
          18          37  0.982259553328527     
          18          38  0.985792563412050     
          18          39  0.984150949147401     
          19          40  0.985090729638535     
          19          41  0.981488154521451     
          19          42  0.985460891407060     
