    0.00045683
   -0.03658685
   -0.06063341
   -0.05927068
   -0.03350191
    0.11341719
   -0.07034772
    0.01577094
   -0.50746091
    0.08268554
   -0.11339706
    0.00860446
   -0.11489623
    0.04527581
   -0.47471861
   -0.11209057
    0.04216020
    0.04291582
    0.03896989
    0.04094705
    0.04270605
    0.02870648
    0.06280891
    0.04843698
    0.32505942
    0.02815071
    0.03115415
    0.03227754
    0.03271202
    0.03386987
    0.02629220
    0.31106591
    0.05512291
    0.04701798
    0.04631908
