$coord
-0.02350736599354 -1.10532393570833   0.55477163837126  c
-1.92908670876993  1.04672528198895   1.37081327268038  c
-0.68555253444316  3.72152303229096   1.17777979923436  c
 1.09396113248408  4.10024579205600  -1.10555368621685  c
 2.81646543196221  1.76595729025473  -1.50463995710683  c
 1.14800991118439 -0.54429257414805  -2.09736337188162  c
 2.37099941372436 -0.93060370958628   2.28234125242625  c
 4.08578366465072  0.98852531344131   0.96738656802605  c
 2.74732716008575 -2.52885030136689  -3.01515892030489  o
-1.40424583400650 -3.65741142840695   0.75618345401805  c
 6.30056533314865  1.84832164755435   1.82901729537160  c
-4.57316174322649  0.95256971251649   0.18600172472098  c
-6.56207420515632  0.31873004873319   1.63518382996856  c
-2.25100339055684  0.70486536284204   3.40129272679845  h
 0.34426325935088 -5.71080164340923   0.31702498250046  o
-4.98675182247504  1.68551523689143  -2.55622113074881  c
-2.17297727360960  5.17801910508162   1.18125690366663  h
 0.41679170532331  4.03320468360116   2.91551632629475  h
 0.01137284132164  4.43576963465655  -2.85445652740371  h
 2.26141947950801  5.79569949301674  -0.79074770975437  h
 4.18565661573551  2.13879455754806  -3.02679260982148  h
-0.30313217883013 -0.10225149953051  -3.52736075535002  h
 3.31671006812615 -2.77847688382767   2.40261977608022  h
 1.89390718621458 -0.37025023473719   4.23030624768124  h
 2.10962201862475 -4.13520540142973  -2.32693100625561  h
-2.96065340091215 -3.73008528198530  -0.63024997699935  h
-2.25395640130581 -3.83990325009999   2.65729606668974  h
 7.08233361506235  1.23389677229613   3.63979916575866  h
 7.42852479949444  3.20013734138807   0.74910932849010  h
-8.48717441452462  0.30227819250172   0.88849170720510  h
-6.34750697853832 -0.18483928533190   3.62605063563570  h
-0.63416889460031 -7.26809235969818   0.12101989773076  h
-4.13329681046376  3.53121175830531  -2.99781879798968  h
-4.14764430352167  0.30478939686673  -3.86759030528840  h
-7.01615594685507  1.80433999100030  -2.98794129860577  h
$end
