           1           2  0.957550214412220     
           2           3  0.983382393122721     
           3           4   1.00852866919735     
           4           5  0.979340140273791     
           1           6  0.970544132754409     
           5           6  0.971351313147773     
           1           7  0.981032038936007     
           5           8  0.995788590385728     
           7           8   1.00823572921029     
           6           9  0.983583661912842     
           1          10  0.984896585792719     
           8          11   1.93494202020236     
           2          12  0.998307468690739     
          12          13   1.92473857307924     
           2          14  0.960991311895543     
          10          15  0.978541014772965     
          12          16   1.02732839452344     
           3          17  0.975203704463173     
           3          18  0.976767418071915     
           4          19  0.970678036732162     
           4          20  0.975686391209267     
           5          21  0.963098096450160     
           6          22  0.953283140303250     
           7          23  0.953889676412345     
           7          24  0.964772927050920     
           9          25  0.851135966251334     
          10          26  0.970772139738045     
          10          27  0.969897588798427     
          11          28  0.975300725899067     
          11          29  0.975182253304923     
          13          30  0.975339894775018     
          13          31  0.975258584480802     
          15          32  0.886850447263006     
          16          33  0.968867096614462     
          16          34  0.960676918851184     
          16          35  0.981968784967373     
