$coord
 3.22570601073084  1.84160895528007   4.34717252768197  c
 3.97264509300831  3.30762188470644   1.99549268261764  c
 4.94045755880132  1.50491948206104  -0.07185450721103  c
 3.19750681318583 -0.91929403079183  -0.28885418498364  c
 0.56769601589540 -0.62568227093679   1.02477684746363  c
 0.93045349378632  0.15177169817709   3.83753449913093  c
 2.70776391350224 -1.57738453351601  -3.07885092110669  c
 1.14356383910375 -3.97973688272323  -3.38009584433036  c
-1.37677317826586 -3.82666478954401  -1.97107109125010  c
-1.05272352695362 -3.15114592820188   0.86602429575484  c
-1.45120353903316  1.24933728412632  -0.02248246723425  c
-3.61203429826454 -2.22662361576033   1.88580323316741  c
-3.80640324467055  0.35966474587790   0.80676843426319  c
-6.06640656678225  1.63368030646186   0.51427869797234  c
-6.03534428316805  3.95514518123343  -0.70359297148982  c
-3.77892702289299  4.82404398531806  -1.64625509797939  c
-1.49072028895806  3.51914806826653  -1.37288063403216  c
 0.44637094859193  4.71468991217735  -2.54832876588283  o
-8.24044050267944  0.54710662300336   1.41527970668231  o
 4.93272976078292  2.73977843729201  -2.48267799445975  o
 7.75136907938001  0.97013528596594   0.45930884399247  c
 4.66067414954878 -3.13214242824528   0.89667451589464  c
-2.87003094913532 -6.25930328501159  -2.43043907875701  c
-0.32111030005403 -5.49164706719059   2.41748353010192  c
 4.83303234933694  0.72349431056424   4.99475451362222  h
 2.77035239469943  3.16564710237430   5.86219589799101  h
 5.45224893102822  4.67557176974301   2.45540004728261  h
 2.33897508290821  4.36917402352352   1.33913590326911  h
-0.75958406540425  1.16215407882240   4.44266073972350  h
 1.08685239406249 -1.52195085721906   5.02322625710665  h
 1.68781499541366 -0.04029379831570  -3.99330817180219  h
 4.50801666076971 -1.79473534337869  -4.06136168879776  h
 0.74821367892751 -4.24434698379450  -5.39014728920129  h
 2.21116593894608 -5.63339345344375  -2.76968527073248  h
-2.45227771006422 -2.27808184062516  -2.82440235910320  h
-3.61629830123841 -2.19347640033548   3.94880548872144  h
-5.19750114790029 -3.39501554578539   1.28892576711008  h
-7.75436030626598  5.03054548235275  -0.95763718369199  h
-3.69200845653643  6.58242401215611  -2.67402563785467  h
 1.99122934841785  3.69616752830978  -2.60834488403688  h
-9.64423913217721  1.64320496795214   1.03433379341298  h
 5.97797352950018  4.22799038013607  -2.36919177682017  h
 8.56642496085668 -0.17293797834591  -1.03953771422528  h
 8.75321540705682  2.77232247103488   0.47725373997161  h
 8.07316189030700  0.06381411655510   2.26605270317999  h
 5.04032556187176 -2.82397096543130   2.88588105894897  h
 3.62986317280745 -4.87331855813457   0.71860693834214  h
 6.44034788437878 -3.40204533075154  -0.08588284374994  h
-1.81465427674820 -7.92135092116438  -1.84428490214900  h
-4.66442026646393 -6.24535397568541  -1.43439085280894  h
-3.26640818793294 -6.44340913374353  -4.43976844812602  h
 0.75382849177298 -6.87027481927447   1.34329010691900  h
 0.73723583014101 -5.02672930780993   4.11216966419405  h
-2.04966179085212 -6.43352229263528   3.01638599266023  h
$end