! r2scan-3c
! DEFGRID2
! scfconv6
! miniprint nopop noautostart
%MaxCore 2500
%pal
    nprocs 12
end
*xyz 0 1
C    1.7069701092   0.9745374901   2.3004246325
C    2.1022332493   1.7503181229   1.0559692517
C    2.6143775504   0.7963690938  -0.0380237677
C    1.6920477365  -0.4864694510  -0.1528550519
C    0.3004117942  -0.3310967989   0.5422885537
C    0.4923747845   0.0803141239   2.0307358021
C    1.4328869549  -0.8347159476  -1.6292577425
C    0.6051479226  -2.1059860628  -1.7886696907
C   -0.7285569902  -2.0249837995  -1.0430459021
C   -0.5570772996  -1.6675146127   0.4582803212
C   -0.7679438409   0.6611208192  -0.0118972093
C   -1.9114062348  -1.1782784742   0.9979240948
C   -2.0142618517   0.1903263870   0.4269234697
C   -3.2102041058   0.8645063877   0.2721445669
C   -3.1937666532   2.0929726948  -0.3723253661
C   -1.9997220613   2.5527741403  -0.8711606808
C   -0.7888552044   1.8622529587  -0.7264971445
O    0.2362093335   2.4949064569  -1.3485175082
O   -4.3606533199   0.2895163567   0.7489337675
O    2.6102881758   1.4498283113  -1.3137766161
C    4.1018478683   0.5133734846   0.2430557729
C    2.4663225463  -1.6574583936   0.4744997192
C   -1.5187549722  -3.3122806531  -1.2861329724
C   -0.1699242529  -2.9060544770   1.2792771913
H    2.5575305777   0.3828567012   2.6431102615
H    1.4660073528   1.6751883036   3.1021404737
H    2.8852058812   2.4742060274   1.2993417481
H    1.2377323102   2.3120673227   0.7086402020
H   -0.4019545770   0.6149854538   2.3509548182
H    0.5751375183  -0.8053817094   2.6581768593
H    0.8931532314  -0.0213225598  -2.1131676797
H    2.3855396822  -0.9497330429  -2.1491800500
H    0.3959376276  -2.2460116980  -2.8523431076
H    1.1700986239  -2.9810634343  -1.4656543260
H   -1.2976894784  -1.2055089941  -1.4946093622
H   -1.9136626480  -1.1607377232   2.0896178740
H   -2.7503991599  -1.7965648567   0.6820701422
H   -4.1034307574   2.6620500265  -0.5067597737
H   -1.9537267368   3.4832687782  -1.4150334283
H    1.0537131924   1.9559276228  -1.3802766702
H   -5.1035115630   0.8695466215   0.5473458717
H    3.1634073578   2.2373561561  -1.2537222960
H    4.5331568662  -0.0915148370  -0.5500996680
H    4.6320021135   1.4670498723   0.2525518029
H    4.2721332904   0.0337689762   1.1991434487
H    2.6672254217  -1.4943810785   1.5271424891
H    1.9208408689  -2.5788491213   0.3802704152
H    3.4080853292  -1.8002848587  -0.0454472437
H   -0.9602736885  -4.1917983852  -0.9759535402
H   -2.4683049060  -3.3048989965  -0.7590469505
H   -1.7285087738  -3.4097052726  -2.3494242834
H    0.3989088586  -3.6355928654   0.7108385119
H    0.3901284002  -2.6600305939   2.1760664727
H   -1.0846343093  -3.4044733816   1.5962027259
*
