$coord
 0.03087876456227 -1.24434484710006   0.01472298153228  c
 0.97502698773957  1.32973058119619  -1.08244443685465  c
-0.11200583491673  3.59277454634307   0.37143860192153  c
-2.95368927267489  3.36724642628496   0.81415656591582  c
-3.70286732703224  0.66587749055531   1.60224411105402  c
-1.40712540768191 -0.84250518070406   2.53093605014523  c
-2.15267711350930 -2.24835472656429  -1.62695509621425  c
-4.44040701587456 -0.83054034345798  -0.70814978261354  c
-0.07945092258748  0.30970745488547   4.52379601545776  o
 2.10901618285292 -3.25828437701795   0.27307313332152  c
-6.70399759923206 -0.86526341775050  -1.75632561580508  c
 3.82271881538281  1.52906335511979  -1.24008287350308  c
 5.01024856464082  1.15708092724695  -3.41852107578403  c
 0.26116837557123  1.44744814053918  -3.02258710342962  h
 2.97179807064801 -4.20967948313480  -2.04720241793552  o
 5.26867563622021  2.23394524454909   1.09640686617137  c
 0.80296497341980  3.74652056877096   2.20332536471813  h
 0.29078696152688  5.31459534082963  -0.69402597541002  h
-3.49602906606212  4.69989118720943   2.28913638300160  h
-3.99278325709612  3.86262746729407  -0.89903516914050  h
-5.21279240447152  0.72727867950459   3.00359898716649  h
-2.09441404855047 -2.70406320160363   3.16628034355182  h
-1.82292124122020 -1.99757685173483  -3.64356265013532  h
-2.39977056965880 -4.27404912701435  -1.30413796963446  h
 1.03745679071271 -0.91952465221229   5.26212036072827  h
 1.32719591365391 -4.89814170950076   1.26721096067415  h
 3.69903561667300 -2.53194556716378   1.39191208530583  h
-7.08739014053808 -1.94410221312715  -3.43871902230268  h
-8.26225513370897  0.18329936710084  -0.97407729302509  h
 7.03645858971435  1.29215523876067  -3.57303433117626  h
 4.01227917791806  0.76000438981640  -5.15040829677685  h
 3.78370796347204 -2.84286827884232  -2.95111357728870  h
 4.34622395697659  1.55205108674299   2.79915422458304  h
 7.18515254027275  1.49327420789627   1.01577748089233  h
 5.39207698303430  4.28641348732328   1.23180956446459  h
$end