! r2scan-3c
! DEFGRID2
! scfconv6
! miniprint nopop noautostart
%MaxCore 2500
%pal
    nprocs 12
end
*xyz 0 1
C    1.3092250610   1.5037576792   1.9549678557
C    2.7062655867   1.3001720389   1.3874537959
C    2.7434452922   0.6634079421  -0.0121598669
C    1.6870297456  -0.4999744765  -0.1738642807
C    0.2906113158  -0.3014337878   0.5351275215
C    0.5461749316   0.1849483367   1.9745739362
C    1.3766062148  -0.7707776317  -1.6536878763
C    0.5819965466  -2.0644576222  -1.8112094178
C   -0.7121624012  -2.0734113742  -0.9917245015
C   -0.5481203628  -1.6524124708   0.4985120788
C   -0.8028356273   0.6789081299  -0.0084630135
C   -1.9316930492  -1.1857846476   0.9786439425
C   -2.0553501155   0.1682095281   0.3726513213
C   -3.2668978766   0.8034350557   0.1740828247
C   -3.2719562726   2.0338671446  -0.4686381110
C   -2.0695457596   2.5600352319  -0.8592096734
C   -0.8355085306   1.9308786423  -0.6310897048
O    0.1922976668   2.6763755380  -1.0885081155
O   -4.4592647467   0.2666062081   0.5833521518
O    2.5449464737   1.7201145632  -0.9478415508
C    4.2025682412   0.2271395846  -0.2708477819
C    2.4181150949  -1.7272037506   0.4020286775
C   -1.3904372132  -3.4331068440  -1.1750394510
C   -0.1719818494  -2.8265840463   1.4200987318
H    1.3986747769   1.8899544766   2.9729239056
H    0.7624595975   2.2446468092   1.3735442075
H    3.2714511922   0.6651263261   2.0716210590
H    3.2220291812   2.2595758138   1.3192583534
H   -0.4003756438   0.3310738591   2.4940414287
H    1.1285254312  -0.5474972389   2.5348271103
H    0.7857170168   0.0517386717  -2.0635769907
H    2.2992850227  -0.8576643648  -2.2358229907
H    0.3136367929  -2.1820291472  -2.8644932834
H    1.2042236995  -2.9209710158  -1.5497591211
H   -1.3663793214  -1.3177264569  -1.4409651649
H   -1.9664551698  -1.1441542439   2.0716925714
H   -2.7149524929  -1.8707674437   0.6457491897
H   -4.2029714146   2.5459495785  -0.6454721837
H   -2.0221055038   3.5150410810  -1.3583699809
H    1.0675849859   2.2799669056  -0.8941725520
H   -4.2953900186  -0.5705973889   1.0309339603
H    2.7006513400   1.3854369086  -1.8382582934
H    4.7992124851   1.1377964342  -0.3114977748
H    4.6125634485  -0.4009055202   0.5111930184
H    4.3031255871  -0.2804396961  -1.2286068781
H    2.7766951368  -1.5358679996   1.4084509966
H    1.7930368292  -2.5976738194   0.4274466855
H    3.2672170874  -1.9760553040  -0.2268129815
H   -0.7351993311  -4.2493950728  -0.8807543830
H   -2.3094078843  -3.5111073301  -0.6010507459
H   -1.6417154314  -3.5717122382  -2.2244860100
H   -1.0880326490  -3.2926480179   1.7811749475
H    0.3872238442  -3.6153242937   0.9263779216
H    0.3849093080  -2.4939680204   2.2900901887
*
