*************************************************
******************* ORCA 6.1.1 ******************
*************************************************
$Calculation_Status
   &GeometryIndex 1
   &version [&Type "String"] "6.1.1"
   &progName [&Type "String"] "LeanSCF"
   &Status [&Type "String"] "NORMAL TERMINATION"
$End
$Geometry
   &GeometryIndex 1
   &NAtoms [&Type "Integer"] 35
   &NCorelessECP [&Type "Integer"] 0
   &NGhostAtoms [&Type "Integer"] 0
   &CartesianCoordinates [&Type "Coordinates", &Dim(35,4), &Units "Bohr"] 
              C      0.247552001570   -1.084477668537    0.791728189969
              C     -1.821507076990    0.989467580401    1.372446727880
              C     -0.667286295898    3.694739609782    1.071102752556
              C      1.121297450633    4.047352493280   -1.215621245606
              C      2.926758268890    1.757330629351   -1.530858417547
              C      1.295020493043   -0.629785291152   -1.908986028225
              C      2.626347106416   -0.571874850151    2.482485886004
              C      4.292146295561    1.213139627956    0.942061737318
              O      2.757170194815   -2.810451767524   -2.623556259840
              C     -0.692375920870   -3.824128240899    1.199931662665
              C      6.544487370546    2.129741845875    1.631560478150
              C     -4.359658428622    0.652767658512    0.003077822088
              C     -4.913532994274    1.670083329815   -2.256802787173
              H     -2.250209394742    0.768048197135    3.403698396963
              O     -2.280967576774   -4.778044632955   -0.768940836298
              C     -6.378729458217   -0.780716397116    1.453558882800
              H     -2.203575415400    5.094156813480    0.989820870749
              H      0.409403073681    4.127261393998    2.799750787755
              H      0.046829824700    4.297703025809   -2.981981713591
              H      2.238589014076    5.784812764772   -0.952760728527
              H      4.230968086272    2.102390778269   -3.119568122375
              H     -0.224224399575   -0.308127494802   -3.298722964861
              H      3.647127244766   -2.348933842773    2.855440360431
              H      2.118573754341    0.219039952179    4.340136002225
              H      3.571876106441   -2.442065112274   -4.243919883312
              H     -1.807156996372   -3.928309120641    2.955501806142
              H      0.960607188720   -5.071643862406    1.460618851260
              H      7.392140158051    1.677422015116    3.460182233627
              H      7.632754751807    3.371716853853    0.390823183531
              H     -6.781994611275    1.424712061999   -3.100914870978
              H     -3.574903262704    2.781515139944   -3.358202080186
              H     -1.208827732878   -4.931041423123   -2.269817024733
              H     -8.183282893667   -0.803586235821    0.420706595273
              H     -5.825587728170   -2.753645986155    1.803732589252
              H     -6.710293740177    0.102051078831    3.314176266272
$End
$SCF_Energy
   &GeometryIndex 1
   &Method [&Type "String"] "SCF"
   &totalEnergy [&Type "ArrayOfDoubles", &Dim (1,1)] "Total energy of each state"
                                                         0

0                                     -6.5776855688004321e+02
   &Mult [&Type "ArrayOfIntegers", &Dim (1,1)] "Multiplicity of each state"
                                                         0

0                                                        1
$End
$DFT_Energy
   &GeometryIndex 1
   &nAlphaEl [&Type "Integer"] 57
   &nBetaEl [&Type "Integer"] 57
   &nTotalEl [&Type "Integer"] 114
   &finalEn [&Type "Double"]      -6.5776855688004321e+02  "No Van der Waals correction"
   &eExchange [&Type "Double"]      -9.1091131706443747e+01
   &eCorr [&Type "Double"]      -4.0407101894138568e+00
   &eXC [&Type "Double"]      -9.5131841895857605e+01
   &eCNL [&Type "Double"]       0.0000000000000000e+00
$End
$Solvation_Details
   &GeometryIndex 1
   &Solvent [&Type "String"] "CHLOROFORM"
   &Epsilon [&Type "Double"]       4.8029999999999999e+00
   &Refrac [&Type "Double"]       1.4459000000000000e+00
   &RSolv [&Type "Double"]       1.3000000000000000e+00
   &SurfaceType [&Type "String"] "GAUSSIAN VDW"
   &CPCMDielEnergy [&Type "Double"]      -1.2589955000000000e-02
   &NPoints [&Type "Integer"] 2567
   &SurfaceArea [&Type "Double"]       9.1045231544599994e+02
$End
$SCF_Timings
   &GeometryIndex 1
   &TOTAL [&Type "Double"]       1.4640609000000000e+01
   &PREP [&Type "Double"]       5.5577799999999999e-01
   &FOCK [&Type "Double"]       1.0904236000000003e+01
   &DENS [&Type "Double"]       2.0432600000000178e-01
   &ETOT [&Type "Double"]       1.0723499999999708e-01
   &TRAFO [&Type "Double"]       3.7428999999999935e-01
   &DIIS [&Type "Double"]       1.5395479999999999e+00
   &SOSCF [&Type "Double"]       7.4524100000000071e-01
   &XC [&Type "Double"]       3.7720700000000029e+00
   &FOCKSTART [&Type "Double"]       2.9949000000000003e-02
   &SOLV [&Type "Double"]       4.4614449999999959e+00
   &SOLV_INIT [&Type "Double"]       2.7860399999999996e-01
   &SOLV_FINAL [&Type "Double"]       9.9999999925159955e-07
   &INT_PREP [&Type "Double"]       3.0000000021956907e-06
   &INT_BF [&Type "Double"]       1.0911429999999895e+00
   &INT_DENS [&Type "Double"]       9.1153600000002766e-01
   &INT_DENSIO [&Type "Double"]       1.9713074899000017e+04
   &INT_FUNC [&Type "Double"]       3.3763600000000193e-01
   &INT_POT [&Type "Double"]       8.2314199999998483e-01
   &INT_POTIO [&Type "Double"]       1.3102000000008607e-02
   &INT_SUM [&Type "Double"]       1.8180000000023178e-03
   &SPLITRIJ [&Type "Double"]       3.2275269999999971e+00
$End
$Single_Point_Data
   &GeometryIndex 1
   &FinalEnergy [&Type "Double"]      -6.5776855688004321e+02  "Final single point energy"
   &Converged [&Type "Boolean"] true
$End
$Calculation_Info
   &GeometryIndex 1
   &Mult [&Type "Integer"] 1
   &Charge [&Type "Integer"] 0
   &NumOfAtoms [&Type "Integer"] 35
   &NumOfElectrons [&Type "Integer"] 114
   &NumOfBasisFuncts [&Type "Integer"] 605
   &NumOfAuxCBasisFuncts [&Type "Integer"] 0
   &NumOfAuxJBasisFuncts [&Type "Integer"] 955
   &NumOfAuxJKBasisFuncts [&Type "Integer"] 0
   &NumOfCABSBasisFuncts [&Type "Integer"] 0
$End
$SCF_Dipole_Moment
   &GeometryIndex 1
   &dipoleMagnitude [&Type "Double", &Units "a.u."]       9.5941565234151260e-01
   &dipoleElecContrib [&Type "ArrayOfDoubles", &Dim (3,1)] "Electronic contribution"
                                                         0

0                                      4.0087488472328756e+00
1                                     -3.8614266183524215e+00
2                                     -2.7664012305747794e+00
   &dipoleNucContrib [&Type "ArrayOfDoubles", &Dim (3,1)] "Nuclear contribution"
                                                         0

0                                     -3.4101569222048065e+00
1                                      4.5331797719177533e+00
2                                      2.4333639925305746e+00
   &dipoleTotal [&Type "ArrayOfDoubles", &Dim (3,1)] "Total"
                                                         0

0                                      5.9859192502806913e-01
1                                      6.7175315356533183e-01
2                                     -3.3303723804420482e-01
   &doAtomicDipole [&Type "Boolean"] false
   &Method [&Type "String"] "SCF"
   &Level [&Type "String"] "Relaxed density"
   &Mult [&Type "Integer"] 1
   &State [&Type "Integer"] -1
   &Irrep [&Type "Integer"] 0
$End
$SCF_Spin_Spin_Coupling
   &GeometryIndex 1
   &numOfNucPairs [&Type "Integer"] 187 "Number of nuclei pairs to calculate"
   &numOfNucPairsDSO [&Type "Integer"] 0 "number of nuclear pairs to calculate DSO"
   &numOfNucPairsPSO [&Type "Integer"] 0 "number of nuclear pairs to calculate PSO"
   &numOfNucPairsFC [&Type "Integer"] 187 "number of nuclear pairs to calculate FC"
   &numOfNucPairsSD [&Type "Integer"] 0 "number of nuclear pairs to calculate SD"
   &numOfNucPairsSD_FC [&Type "Integer"] 0 "number of nuclear pairs to calculate SD/FC"
   &pairsInfo [&Type "ArrayOfIntegers", &Dim (187,4)] "Pairs Info: Col1->Index of A. Col2->Atom. Num. of A.  Col3->Index of B. Col4->Atom. Num. of B."
                                                         0                           1                           2                           3

0                                                       13                           1                          16                           1
1                                                       13                           1                          17                           1
2                                                       13                           1                          18                           1
3                                                       13                           1                          19                           1
4                                                       13                           1                          20                           1
5                                                       13                           1                          21                           1
6                                                       13                           1                          22                           1
7                                                       13                           1                          23                           1
8                                                       13                           1                          24                           1
9                                                       13                           1                          25                           1
10                                                      13                           1                          26                           1
11                                                      13                           1                          27                           1
12                                                      13                           1                          28                           1
13                                                      13                           1                          29                           1
14                                                      13                           1                          30                           1
15                                                      13                           1                          31                           1
16                                                      13                           1                          32                           1
17                                                      13                           1                          33                           1
18                                                      13                           1                          34                           1
19                                                      16                           1                          17                           1
20                                                      16                           1                          18                           1
21                                                      16                           1                          19                           1
22                                                      16                           1                          20                           1
23                                                      16                           1                          21                           1
24                                                      16                           1                          22                           1
25                                                      16                           1                          23                           1
26                                                      16                           1                          24                           1
27                                                      16                           1                          25                           1
28                                                      16                           1                          26                           1
29                                                      16                           1                          27                           1
30                                                      16                           1                          28                           1
31                                                      16                           1                          29                           1
32                                                      16                           1                          30                           1
33                                                      16                           1                          31                           1
34                                                      16                           1                          32                           1
35                                                      16                           1                          33                           1
36                                                      16                           1                          34                           1
37                                                      17                           1                          18                           1
38                                                      17                           1                          19                           1
39                                                      17                           1                          20                           1
40                                                      17                           1                          21                           1
41                                                      17                           1                          22                           1
42                                                      17                           1                          23                           1
43                                                      17                           1                          24                           1
44                                                      17                           1                          25                           1
45                                                      17                           1                          26                           1
46                                                      17                           1                          27                           1
47                                                      17                           1                          28                           1
48                                                      17                           1                          29                           1
49                                                      17                           1                          30                           1
50                                                      17                           1                          31                           1
51                                                      17                           1                          32                           1
52                                                      17                           1                          33                           1
53                                                      17                           1                          34                           1
54                                                      18                           1                          19                           1
55                                                      18                           1                          20                           1
56                                                      18                           1                          21                           1
57                                                      18                           1                          22                           1
58                                                      18                           1                          23                           1
59                                                      18                           1                          24                           1
60                                                      18                           1                          25                           1
61                                                      18                           1                          26                           1
62                                                      18                           1                          27                           1
63                                                      18                           1                          28                           1
64                                                      18                           1                          29                           1
65                                                      18                           1                          30                           1
66                                                      18                           1                          31                           1
67                                                      18                           1                          32                           1
68                                                      18                           1                          33                           1
69                                                      18                           1                          34                           1
70                                                      19                           1                          20                           1
71                                                      19                           1                          21                           1
72                                                      19                           1                          22                           1
73                                                      19                           1                          23                           1
74                                                      19                           1                          24                           1
75                                                      19                           1                          25                           1
76                                                      19                           1                          26                           1
77                                                      19                           1                          27                           1
78                                                      19                           1                          28                           1
79                                                      19                           1                          29                           1
80                                                      19                           1                          30                           1
81                                                      19                           1                          31                           1
82                                                      19                           1                          32                           1
83                                                      19                           1                          33                           1
84                                                      19                           1                          34                           1
85                                                      20                           1                          21                           1
86                                                      20                           1                          22                           1
87                                                      20                           1                          23                           1
88                                                      20                           1                          24                           1
89                                                      20                           1                          25                           1
90                                                      20                           1                          26                           1
91                                                      20                           1                          27                           1
92                                                      20                           1                          28                           1
93                                                      20                           1                          29                           1
94                                                      20                           1                          30                           1
95                                                      20                           1                          31                           1
96                                                      20                           1                          32                           1
97                                                      20                           1                          33                           1
98                                                      20                           1                          34                           1
99                                                      21                           1                          22                           1
100                                                     21                           1                          23                           1
101                                                     21                           1                          24                           1
102                                                     21                           1                          25                           1
103                                                     21                           1                          26                           1
104                                                     21                           1                          27                           1
105                                                     21                           1                          28                           1
106                                                     21                           1                          29                           1
107                                                     21                           1                          30                           1
108                                                     21                           1                          31                           1
109                                                     21                           1                          32                           1
110                                                     21                           1                          33                           1
111                                                     21                           1                          34                           1
112                                                     22                           1                          23                           1
113                                                     22                           1                          24                           1
114                                                     22                           1                          25                           1
115                                                     22                           1                          26                           1
116                                                     22                           1                          27                           1
117                                                     22                           1                          28                           1
118                                                     22                           1                          29                           1
119                                                     22                           1                          30                           1
120                                                     22                           1                          31                           1
121                                                     22                           1                          32                           1
122                                                     22                           1                          33                           1
123                                                     22                           1                          34                           1
124                                                     23                           1                          24                           1
125                                                     23                           1                          25                           1
126                                                     23                           1                          26                           1
127                                                     23                           1                          27                           1
128                                                     23                           1                          28                           1
129                                                     23                           1                          29                           1
130                                                     23                           1                          30                           1
131                                                     23                           1                          31                           1
132                                                     23                           1                          32                           1
133                                                     23                           1                          33                           1
134                                                     23                           1                          34                           1
135                                                     24                           1                          25                           1
136                                                     24                           1                          26                           1
137                                                     24                           1                          27                           1
138                                                     24                           1                          28                           1
139                                                     24                           1                          29                           1
140                                                     24                           1                          30                           1
141                                                     24                           1                          31                           1
142                                                     24                           1                          32                           1
143                                                     24                           1                          33                           1
144                                                     24                           1                          34                           1
145                                                     25                           1                          26                           1
146                                                     25                           1                          27                           1
147                                                     25                           1                          28                           1
148                                                     25                           1                          29                           1
149                                                     25                           1                          30                           1
150                                                     25                           1                          31                           1
151                                                     25                           1                          32                           1
152                                                     25                           1                          33                           1
153                                                     25                           1                          34                           1
154                                                     26                           1                          27                           1
155                                                     26                           1                          28                           1
156                                                     26                           1                          29                           1
157                                                     26                           1                          30                           1
158                                                     26                           1                          31                           1
159                                                     26                           1                          32                           1
160                                                     26                           1                          33                           1
161                                                     26                           1                          34                           1
162                                                     27                           1                          28                           1
163                                                     27                           1                          30                           1
164                                                     27                           1                          31                           1
165                                                     27                           1                          33                           1
166                                                     27                           1                          34                           1
167                                                     28                           1                          29                           1
168                                                     28                           1                          30                           1
169                                                     28                           1                          31                           1
170                                                     28                           1                          33                           1
171                                                     28                           1                          34                           1
172                                                     29                           1                          30                           1
173                                                     29                           1                          31                           1
174                                                     29                           1                          32                           1
175                                                     29                           1                          33                           1
176                                                     29                           1                          34                           1
177                                                     30                           1                          31                           1
178                                                     30                           1                          32                           1
179                                                     30                           1                          33                           1
180                                                     30                           1                          34                           1
181                                                     31                           1                          32                           1
182                                                     31                           1                          33                           1
183                                                     31                           1                          34                           1
184                                                     32                           1                          33                           1
185                                                     32                           1                          34                           1
186                                                     33                           1                          34                           1
   &pairsDistances [&Type "ArrayOfDoubles", &Dim (187,1)] "The distances of each pair"
                                                         0

0                                      2.6216549357348220e+00
1                                      2.2897299375400779e+00
2                                      4.0478342637147096e+00
3                                      4.2431952932992285e+00
4                                      4.9170540743345041e+00
5                                      3.7487722219774589e+00
6                                      3.5417235331430499e+00
7                                      2.3821552346422989e+00
8                                      5.3624107167303894e+00
9                                      2.5074819351976765e+00
10                                     3.6733782098800822e+00
11                                     5.1252405611788472e+00
12                                     5.6383946480162939e+00
13                                     4.2094800772870222e+00
14                                     3.7987464607757975e+00
15                                     4.2909999146922226e+00
16                                     3.6112084056997005e+00
17                                     2.7873904367778159e+00
18                                     2.3868132334155727e+00
19                                     1.7581421699963460e+00
20                                     2.4522027382119278e+00
21                                     2.5915344874710278e+00
22                                     4.3392883427673503e+00
23                                     3.7973438790829177e+00
24                                     5.1062407949045703e+00
25                                     3.8768271087125443e+00
26                                     5.7371821154308602e+00
27                                     4.8909814491943289e+00
28                                     5.6395794664627577e+00
29                                     5.5463860499312601e+00
30                                     5.2938616241455296e+00
31                                     3.7850365231800174e+00
32                                     2.7052372783373784e+00
33                                     5.6032685739925494e+00
34                                     4.4546590524662637e+00
35                                     4.5940821675755599e+00
36                                     3.7655060936204592e+00
37                                     3.0668976510399939e+00
38                                     2.3768682461611701e+00
39                                     3.8793705223754533e+00
40                                     4.0044955264092774e+00
41                                     3.8315888336898940e+00
42                                     2.3999365413284002e+00
43                                     5.3645777108449471e+00
44                                     4.4220225115995380e+00
45                                     4.9278008565282274e+00
46                                     3.9314875104060465e+00
47                                     4.0491770416698092e+00
48                                     5.1261357866224850e+00
49                                     3.9460483447734696e+00
50                                     5.5594350787721618e+00
51                                     5.3915694975048423e+00
52                                     4.9419045772323589e+00
53                                     4.3365752380146594e+00
54                                     1.7656639309335167e+00
55                                     2.5014659951398297e+00
56                                     2.4472641006880504e+00
57                                     5.0540002733016856e+00
58                                     4.5687648491805524e+00
59                                     4.0799155678459034e+00
60                                     5.4574118486200662e+00
61                                     5.5084360822495295e+00
62                                     5.3528290788872024e+00
63                                     4.4204361358734392e+00
64                                     3.9209519195129561e+00
65                                     2.0872212885756438e+00
66                                     4.9430244054248291e+00
67                                     5.4311268273830349e+00
68                                     5.4766612776437178e+00
69                                     5.3680540265278456e+00
70                                     2.4947133498380456e+00
71                                     3.6926147021739291e+00
72                                     4.8106897062360989e+00
73                                     4.0649279156084059e+00
74                                     4.7417024856569192e+00
75                                     5.9397003865457627e+00
76                                     5.9239560082869671e+00
77                                     4.1970062815901441e+00
78                                     3.2068869537711437e+00
79                                     5.4223488246797222e+00
80                                     3.6891902156983822e+00
81                                     5.9974445569771113e+00
82                                     6.5649722743124332e+00
83                                     6.3838706644140295e+00
84                                     6.0470632151245542e+00
85                                     2.6822256488844256e+00
86                                     3.9549009282735934e+00
87                                     4.2220384835340514e+00
88                                     2.5017631702722438e+00
89                                     5.5433622568173710e+00
90                                     4.8251022674910748e+00
91                                     3.8693936127591337e+00
92                                     2.6725381402046016e+00
93                                     5.8388403086491074e+00
94                                     4.1482154975848697e+00
95                                     4.7266700696634540e+00
96                                     7.0021938131927328e+00
97                                     6.4584403095105003e+00
98                                     6.7995798813105388e+00
99                                     3.9961107028407250e+00
100                                    4.2373441602870958e+00
101                                    2.3581044881436908e+00
102                                    3.9147211588688076e+00
103                                    3.6180495722629269e+00
104                                    5.4900500730875219e+00
105                                    4.9890530446621666e+00
106                                    3.5908567570722929e+00
107                                    2.4120543941958221e+00
108                                    2.5597863419984099e+00
109                                    4.6563459267118201e+00
110                                    4.2132238761987626e+00
111                                    4.9064681294185268e+00
112                                    1.7658419315010145e+00
113                                    3.7573538962693251e+00
114                                    3.0053191582930618e+00
115                                    2.1544770702182650e+00
116                                    2.9273773206501943e+00
117                                    3.9132434097138935e+00
118                                    6.6618588017266838e+00
119                                    5.7260931331527978e+00
120                                    3.9781964940077637e+00
121                                    6.4436888007974868e+00
122                                    5.0480901352049905e+00
123                                    5.6375117245990101e+00
124                                    4.8175353528903937e+00
125                                    3.1095219190805237e+00
126                                    3.2458817564679823e+00
127                                    2.9326015220306143e+00
128                                    3.9579708549386985e+00
129                                    6.1721892228876669e+00
130                                    5.2451677809468213e+00
131                                    4.7710077662852814e+00
132                                    5.8577775734027862e+00
133                                    4.6849342359591839e+00
134                                    4.7038818034952712e+00
135                                    4.8202958147402963e+00
136                                    3.5997732995309009e+00
137                                    5.0457478599563190e+00
138                                    4.4830910993511921e+00
139                                    5.8798485558398399e+00
140                                    4.7077961784610540e+00
141                                    3.0374593998222914e+00
142                                    6.7483501937675534e+00
143                                    5.9159907825073557e+00
144                                    6.8858209257066161e+00
145                                    1.7711560343456130e+00
146                                    5.7069251404907249e+00
147                                    6.4589950944747541e+00
148                                    5.0225587949773622e+00
149                                    4.9643908893489055e+00
150                                    2.8333190877370296e+00
151                                    3.9897315997428278e+00
152                                    2.2977622285807038e+00
153                                    3.3640524182204641e+00
154                                    5.0456085368793175e+00
155                                    5.7227611271672831e+00
156                                    5.8678597533540904e+00
157                                    5.4344205423243768e+00
158                                    2.2848183492378960e+00
159                                    5.3681750445764642e+00
160                                    3.7991563589620583e+00
161                                    4.9935241783603521e+00
162                                    1.8596265435620740e+00
163                                    6.8586230629985065e+00
164                                    6.4914608189059040e+00
165                                    7.4289868716638860e+00
166                                    7.5095029031688254e+00
167                                    7.9158978385047787e+00
168                                    6.2616474179191837e+00
169                                    6.5709317539469847e+00
170                                    7.8604347539536894e+00
171                                    7.9369480704595077e+00
172                                    1.8477718055973678e+00
173                                    4.4947838293096343e+00
174                                    2.3266195313260574e+00
175                                    3.4469287616204403e+00
176                                    3.4663315637000109e+00
177                                    4.3077242880742297e+00
178                                    3.6803605456268929e+00
179                                    4.1784617408897802e+00
180                                    4.1509502785324743e+00
181                                    4.5187466652265149e+00
182                                    3.4558687360168268e+00
183                                    4.9295670185887852e+00
184                                    1.7768239176432528e+00
185                                    1.7837309170379656e+00
186                                    1.7724790833810300e+00
   &pairsTotalSSCIso [&Type "ArrayOfDoubles", &Dim (187,1)] "The Spin-Spin coupling constant for each pair"
                                                         0

0                                      7.2007700010798836e-01
1                                      7.7143160660411647e+00
2                                     -5.8226989500373016e-01
3                                      8.1252396388071402e-01
4                                      1.9667855557467678e-01
5                                     -1.9432022594030288e-01
6                                     -2.9377459150190549e-01
7                                     -4.0768863195723892e-01
8                                      9.0054807445348040e-01
9                                     -3.6040350924284137e-01
10                                    -9.4425982625348653e-02
11                                     1.6232147237588028e-02
12                                     3.7440213415166290e-02
13                                     8.2433148971195558e-01
14                                    -5.7494166316014916e-01
15                                    -1.2508506532118600e-03
16                                     6.4560010906464216e-01
17                                    -5.7909783376122381e-01
18                                    -5.3845908992781766e-01
19                                    -1.4989246479579318e+01
20                                     6.1713213002050704e+00
21                                     1.0902481019624699e+00
22                                     3.8439720572645364e-01
23                                     1.2291466138539889e-01
24                                     8.4121792516300364e-02
25                                    -5.6730085250007764e-02
26                                     1.1613023485380633e-02
27                                     1.9778138724996391e-01
28                                     7.0845187545945143e-01
29                                    -2.9785329231602495e-03
30                                     2.9257690324700117e-02
31                                     6.6508791525234867e-02
32                                    -9.0535471082047337e-03
33                                    -8.1761859587123793e-03
34                                     7.7687725216535636e-02
35                                    -2.9909115643857731e-03
36                                     1.2159084925374682e-01
37                                     1.3809074774903966e+01
38                                     6.8090390723076739e+00
39                                    -5.2358067297372979e-01
40                                    -1.8591283989565683e-03
41                                     5.5675130223923974e-01
42                                    -1.4379505582996066e-01
43                                    -3.9684331098464743e-03
44                                     3.3142776323487694e-02
45                                    -7.0452584733306706e-02
46                                    -2.6152132251606959e-02
47                                    -4.4483529492279402e-03
48                                    -2.2960590052127738e-01
49                                    -1.6180807589662988e-01
50                                     9.9610003066947384e-03
51                                     1.0502123703578295e-01
52                                    -1.0941995223798091e-01
53                                    -1.0030821482969789e-01
54                                    -1.3729598031786242e+01
55                                     2.7025807901206464e+00
56                                    -2.3267782655494612e-01
57                                    -4.9044872396056194e-01
58                                    -1.3631115448938982e-01
59                                     7.1170556883097771e-02
60                                    -7.9590128647514490e-03
61                                    -2.8721339981721619e-03
62                                     8.2873110082842663e-02
63                                    -1.1129337869847275e-01
64                                     7.4702618302495633e-03
65                                    -5.5608787405092364e-01
66                                    -4.6528030652888088e-04
67                                    -7.6794290530762758e-03
68                                    -4.0777131715238446e-02
69                                    -2.9883096450076019e-02
70                                     4.2832189189987737e+00
71                                    -1.5594430999368492e-01
72                                     1.5556298179788636e-01
73                                     8.0084766955347081e-02
74                                     9.7506427912204367e-03
75                                    -3.6816469521267284e-02
76                                    -1.0868717688089162e-02
77                                     1.4079174800321020e-01
78                                     9.3545128974145270e-02
79                                     5.7276588288508387e-02
80                                    -3.4510872148932926e-02
81                                     9.7318074543981722e-04
82                                     6.6848421737411151e-02
83                                    -4.7233670522496808e-02
84                                    -4.5583345435833172e-02
85                                     7.2223806459061568e-01
86                                     4.3072280809370878e-01
87                                    -1.3611080556271555e+00
88                                    -1.5040856659079362e-02
89                                     8.4804357046589607e-01
90                                    -7.9220087386082841e-02
91                                    -1.0583238431185835e+00
92                                    -1.0113259986763432e+00
93                                     1.9396918344579406e-02
94                                     1.8218902652861531e-02
95                                     1.7914953012420992e-02
96                                    -5.5391625139782942e-03
97                                     1.0419344332945285e-03
98                                    -7.8987881845413339e-03
99                                    -6.2444042577734360e-01
100                                    9.5370199533000233e-01
101                                    7.6918470810895712e-01
102                                   -4.0331570623255281e-01
103                                   -7.2048275460010303e-02
104                                    8.5412480872478735e-01
105                                    2.4605078159109375e-01
106                                    4.4264366238969260e-02
107                                   -2.8459010895787629e-01
108                                   -8.6303796546129314e-04
109                                   -2.9418058932014152e-03
110                                    1.9727984365416090e-02
111                                    1.7227200125490481e-02
112                                   -1.8838476631459105e+01
113                                    1.6784964972848315e-02
114                                   -2.6320632090338314e-01
115                                   -6.3979492094606871e-01
116                                   -2.5802034694633784e+00
117                                   -3.0179746224158674e+00
118                                   -2.1840868188124297e-02
119                                   -4.2451625690635639e-02
120                                   -1.2699088064811338e-02
121                                    5.5835322817956182e-02
122                                   -6.7161120075987749e-02
123                                   -3.2860332847429848e-02
124                                   -1.9155796481771173e-01
125                                   -5.8491316669879636e-03
126                                   -2.1151018187294363e-01
127                                   -2.1903570182498138e+00
128                                   -2.5678477938710111e+00
129                                    1.8989364795046600e-02
130                                   -2.3100278867085058e-02
131                                    8.8794263840474466e-02
132                                    5.7342539210030958e-03
133                                   -1.8565449382711652e-02
134                                   -1.3925245800904944e-02
135                                   -9.4377015258414090e-02
136                                    1.6603420583182593e-01
137                                   -3.6997443694730598e-03
138                                   -7.2525130548165215e-03
139                                   -1.7426785894306407e-02
140                                   -1.4392196765567772e-02
141                                   -3.4087841187081858e-02
142                                   -5.4016841887272269e-03
143                                   -7.9044101250599318e-03
144                                    3.1839234763262779e-04
145                                   -1.2866701378713140e+01
146                                   -1.3923938334204175e-02
147                                   -4.4875383240208205e-02
148                                   -2.8123220488482554e-02
149                                   -2.3234149519467957e-02
150                                    1.4757052494628660e+01
151                                    1.0644083324044187e-01
152                                   -3.7821353527700752e-01
153                                    1.3179044063411494e-02
154                                   -2.7605718693123400e-02
155                                   -2.4204998902881414e-02
156                                   -8.3777464511253896e-02
157                                   -7.0821530523506593e-02
158                                    3.0893376787605229e+00
159                                    1.1995526140163905e-01
160                                   -6.2356773492293072e-02
161                                    9.9419622822367344e-03
162                                    3.5065431500541078e-01
163                                    8.1422420572329346e-03
164                                   -1.6775657873409511e-03
165                                    3.4387586880163740e-03
166                                    4.4027807433424250e-05
167                                    1.5270712982288884e-02
168                                    4.9200668704663178e-03
169                                   -1.6550751463950800e-02
170                                    2.0008868228798952e-03
171                                    7.1795468505425988e-04
172                                    4.1601025919878981e-01
173                                    1.4730270299652052e-02
174                                   -4.8402235736595484e-01
175                                   -2.3411381039750685e+00
176                                   -1.9916919572341512e+00
177                                    1.0503757704753477e-02
178                                    4.7067544135224521e-01
179                                   -1.9286802587911007e+00
180                                   -1.4050787090980177e+00
181                                   -2.1574501477613198e-02
182                                    8.1786836204272260e-03
183                                    1.4766169022961945e-01
184                                   -1.3882118582973579e+01
185                                   -1.2511237534379053e+01
186                                   -1.7656912427686699e+01
   &Method [&Type "String"] "SCF"
   &Level [&Type "String"] "Relaxed density"
   &Mult [&Type "Integer"] 1
   &State [&Type "Integer"] -1
   &Irrep [&Type "Integer"] 0
$End
$Calculation_Timings
   &GeometryIndex 1
   &GTOINT [&Type "Double"]       1.5893320000000002e+00
   &SCF [&Type "Double"]       1.6699795999999999e+01
   &PROPINT [&Type "Double"]       1.1311980000000013e+00
   &RESPONSE [&Type "Double"]       8.4812609999999999e+00
   &PROP [&Type "Double"]       7.7271700000000010e-01
   &SUM [&Type "Double"]       2.8674303999999999e+01
$End
