$coord
-1.59553331960572  3.05930162005705   0.89282669977758  c
-4.35754266983729  2.36011295312344   0.35257453068278  c
-4.95088356768597  0.88388814327018  -2.05971566296287  c
-3.33415047119304 -1.47006103893828  -2.47256900716374  c
-2.79227990473961 -2.88942433511845  -0.01943936264182  c
-0.32389932548869 -1.99002482337946   1.21095506926434  c
 0.14675290136111  0.87020060617683   1.77916529154375  c
-0.24243687126580  4.29745542617133  -1.38346320067918  c
 2.07309861645596  2.67910138421305  -1.96699160831608  c
 2.72656829320597  1.37279067116331   0.52454116296610  c
 1.72512415707428 -2.80599929600139  -0.31852607595589  o
 3.86673938473141 -1.28184235360621   0.21544176393321  c
 0.30668994190910  1.01571267103410   3.83287268197354  h
 3.92971041358167  2.58214088220081   1.68317151710346  h
-0.19489671403162 -2.98874534165510   3.04063400455733  h
-2.59564223138203 -5.73420044309559  -0.49179002109804  c
 5.74105085960428 -1.55839304654839  -1.96190632545480  c
 5.16712088553101 -2.11649792549068   2.67599903802940  c
-1.66982851298758  4.99098405249924   3.06721150452599  c
-5.06658134900668  1.31530408918923   1.98408984330724  h
-5.43555435854499  4.12208420093942   0.26535097386793  h
-6.93665948227899  0.32239481776624  -1.94309207590049  h
-4.77719800744873  2.11572058948356  -3.70597595995677  h
-1.53543822847408 -0.97608243096112  -3.33721290428223  h
-4.31752272552943 -2.71454143420360  -3.79282314625531  h
-4.33266701261967 -2.57913752100545   1.32334863421907  h
 0.35010117965101  6.20511390228346  -0.87398548931166  h
-1.47746907261954  4.45478816503699  -3.01917386933038  h
 1.59579905043684  1.25657359310333  -3.37536547357832  h
 3.64361032395704  3.79632062566804  -2.69136648627930  h
-4.36222932933432 -6.45175358511249  -1.25998447506046  h
-1.07790373035491 -6.11665049842536  -1.81880374039804  h
-2.19155220144809 -6.73141305044099   1.25994445935387  h
 7.24276868659432 -0.17042993666680  -1.77802789902596  h
 6.55773101265325 -3.44226676124938  -1.92306989980076  h
 4.80635148890812 -1.30813402664024  -3.76982285985864  h
 3.97185949417371 -1.76372364678801   4.30804890523083  h
 5.57534464865658 -4.12843771812083   2.58715167905022  h
 6.92879990439820 -1.08860940472216   2.91750628290525  h
-2.64666828759827  4.21272833816383   4.70189845184325  h
 0.23379465990865  5.51838103326990   3.63631617291997  h
-2.66293415775754  6.69397692639680   2.48080835857965  h
$end