   -0.00029123
   -0.02811221
   -0.05690615
   -0.05637683
   -0.03644001
    0.11811954
   -0.07291424
    0.00991194
   -0.47003059
    0.08186780
   -0.11210990
    0.01725393
   -0.11897813
    0.04394857
   -0.48036772
   -0.11921613
    0.03760376
    0.03734271
    0.05048795
    0.03470533
    0.03193997
    0.00618208
    0.05475569
    0.05033015
    0.31116788
    0.04005322
    0.02808658
    0.03653557
    0.03715654
    0.02890102
    0.02102877
    0.31253090
    0.05041404
    0.07522644
    0.03619275
