$coord
 0.02505174870100 -1.45189742756917  -0.06352172849137  c
 1.10965545465673  0.87280762396253  -1.49294086228643  c
-0.80092862627886  3.07491985348312  -1.54537659598870  c
-2.36115335601476  3.35882288704305   0.86290869276447  c
-3.44672021644828  0.79507837207747   1.66439097723966  c
-1.23633506452717 -0.88367362647371   2.49876538036441  c
-2.33553470534982 -2.33564119462953  -1.53034214526108  c
-4.43324492589113 -0.65871433004203  -0.57689418619045  c
 0.35753585280147  0.14089465966533   4.35622165168702  o
 2.02411673273655 -3.53358829820448   0.24194401614139  c
-6.73362395838716 -0.49168665156719  -1.52796994975702  c
 3.75020859909549  1.71153966788038  -0.76959360302832  c
 5.66628529883891  1.23180740318482  -2.31617621542727  c
 1.28703663057917  0.22698870185267  -3.45676867014731  h
 3.02957455682981 -4.42386417365935  -2.04503289707020  o
 4.16980411648157  3.19709509590926   1.59571405546900  c
 0.20453755569511  4.83178951482567  -1.94419388676506  h
-2.11066216435484  2.75580543340786  -3.10819402543339  h
-1.19684047201904  4.08304575524777   2.40304186038163  h
-3.89255380346404  4.69840605503791   0.52126451165717  h
-4.87051299457276  1.04933670102109   3.14085991665367  h
-1.99671193788221 -2.69344679430807   3.20881900233400  h
-2.10084015238003 -2.21957653167430  -3.57159308184688  h
-2.74791049572770 -4.30775075614803  -1.07490481681895  h
-0.63565979830104  0.44727981218300   5.85023415781708  h
 1.15428017303813 -5.17927915476534   1.14222040162068  h
 3.52436165861844 -2.83039708589044   1.49084249546789  h
-7.30160779620105 -1.57917038895525  -3.15152316893707  h
-8.14029397155256  0.73899989836083  -0.72330046094651  h
 7.56380706480585  1.82928892756809  -1.88408730855522  h
 5.44194303238021  0.26960805836548  -4.10050546763467  h
 4.09189134819021 -3.11553582459190  -2.73758753512045  h
 3.17245701997343  4.99453238009563   1.49235715498806  h
 3.46018484749499  2.17030568256312   3.22210862697807  h
 6.17122011181336  3.58239254842399   1.85545920497378  h
$end