           1           2  0.960907003777374     
           2           3  0.982219034531666     
           3           4   1.01022915026656     
           4           5  0.980084233562231     
           1           6  0.966195104888664     
           5           6  0.968285881445414     
           1           7  0.979866051038275     
           5           8  0.994247938530747     
           7           8   1.00600012172482     
           6           9  0.984198472109038     
           1          10  0.976142141050341     
           8          11   1.93602998423905     
           2          12  0.997993440781690     
          12          13   1.91497564833238     
           2          14  0.958922370095205     
          10          15  0.999067608362232     
          12          16   1.03162317748692     
           3          17  0.975061711335263     
           3          18  0.976296551552999     
           4          19  0.970474242989152     
           4          20  0.976415851386913     
           5          21  0.964771949266970     
           6          22  0.958539594086262     
           7          23  0.965076407433047     
           7          24  0.957361526550373     
           9          25  0.884818386116822     
          10          26  0.969810637047422     
          10          27  0.967593782571993     
          11          28  0.974665216832591     
          11          29  0.974610481148579     
          13          30  0.975349438405428     
          13          31  0.969468484221723     
          15          32  0.874194347697329     
          16          33  0.963911041033993     
          16          34  0.955960908650479     
          16          35  0.983955117931055     
