   -0.00863630
   -0.03691952
   -0.06156583
   -0.05965494
   -0.02938144
    0.11651678
   -0.06613264
    0.01720730
   -0.50501087
    0.07782283
   -0.11264256
    0.00772301
   -0.11021675
    0.04611217
   -0.47611754
   -0.11729519
    0.04215415
    0.04295269
    0.03841883
    0.04198871
    0.04446873
    0.01803349
    0.04885568
    0.04791517
    0.32033028
    0.05167582
    0.02980592
    0.03363629
    0.03401579
    0.03290863
    0.03441200
    0.31300341
    0.05125194
    0.04595119
    0.04641277
