$coord
-0.03401083765295 -1.07497301962945   0.53926017688896  c
-1.93782850399224  1.10468731224145   1.29298414758914  c
-0.65127015793335  3.75645171867257   1.13923736020389  c
 1.09609200922229  4.12216660155238  -1.16880483417064  c
 2.78899265560852  1.76851453547464  -1.58437066159989  c
 1.10642675270189 -0.54623251701171  -2.12811208926173  c
 2.36823431668827 -0.86844647982076   2.24602055047842  c
 4.08738431381942  1.01112308078051   0.87856750440713  c
 2.70997215588846 -2.53661815815658  -3.02563721494146  o
-1.42218738599928 -3.63330948535496   0.78479473054635  c
 6.32361576660795  1.85375987504827   1.70039141523345  c
-4.52324951381257  1.01427329873699  -0.02699118719052  c
-4.97356985494112  1.75857850944458  -2.41286303917183  c
-2.33569551462177  0.77985279172899   3.31554670284193  h
 0.05611959551015 -5.82313134511632   0.08844341208313  o
-6.68921501936859  0.12591765435922   1.63382370810439  c
-2.11691882065474  5.23215042421016   1.17851632772398  h
 0.48623614389409  4.02442991668230   2.86236614460658  h
-0.00815115501839  4.47893918729253  -2.89929800151093  h
 2.28794758779906  5.80365425755012  -0.86975062019197  h
 4.14100230105618  2.11839120107001  -3.12757670929758  h
-0.37574107964178 -0.13901353378034  -3.53776995915195  h
 3.33732951710999 -2.70579388737183   2.40718817995987  h
 1.90637836785981 -0.27041360044856   4.18629540332438  h
 1.97494462426240 -4.14434695565578  -2.44642103390784  h
-3.05389229944952 -3.67086935127909  -0.50107844619206  h
-2.14464582831509 -3.85175498065694   2.73278250461124  h
 7.12081253586810  1.25232226007829   3.50915068959319  h
 7.45390488205925  3.17633885092800   0.58692079394036  h
-6.88270126328475  1.69222993521249  -3.19722433281475  h
-3.51333591876482  2.47695572308225  -3.67314645938549  h
 1.27098747278236 -6.17292445517947   1.43842776052904  h
-6.90546308186753  1.38997216848390   3.27980695726522  h
-8.49369067819237  0.08919945570074   0.60407170964784  h
-6.33954032609754 -1.77987543386253   2.40023781444912  h
$end
