           1           2  0.957151659633622     
           2           3  0.984729955925548     
           3           4   1.00873460033800     
           4           5  0.980123847136717     
           1           6  0.966492721728136     
           5           6  0.977163311817706     
           1           7  0.983161360894720     
           5           8  0.994438466535037     
           7           8   1.00500134975972     
           6           9  0.983346194303958     
           1          10  0.977509796624906     
           8          11   1.93845390890043     
           2          12  0.995855149936721     
          12          13   1.93011447598132     
           2          14  0.963706118469124     
          10          15  0.985037088636557     
          12          16   1.02384431810448     
           3          17  0.976031502820706     
           3          18  0.976435541511685     
           4          19  0.970211152928960     
           4          20  0.975477100228433     
           5          21  0.962649524078053     
           6          22  0.954549309186735     
           7          23  0.953326724111853     
           7          24  0.965983328449983     
           9          25  0.852910898668987     
          10          26  0.968783043224660     
          10          27  0.968906779710943     
          11          28  0.975089095106940     
          11          29  0.974984627443769     
          13          30  0.973931958682205     
          13          31  0.966475344774592     
          15          32  0.880760132692167     
          16          33  0.968794331284087     
          16          34  0.984089551770014     
          16          35  0.971435128531540     
