   -0.06957301
   -0.06589094
   -0.05173096
   -0.03617270
   -0.06414500
    0.07075140
   -0.02287804
   -0.04557431
   -0.21602426
    0.05176850
   -0.00850108
    0.01231596
   -0.06278281
    0.02508911
    0.00544854
   -0.03436010
   -0.03835640
   -0.02018598
    0.28909214
   -0.02091764
   -0.05552481
   -0.72806707
    0.05324228
    0.36351455
   -0.46606916
   -0.25648618
    0.02636423
    0.04690274
    0.04630674
    0.05134160
    0.04454207
    0.02935770
    0.03234632
    0.03035670
    0.03354977
    0.16804623
    0.04518928
    0.07781718
    0.04703395
    0.05112560
    0.05425975
    0.05780366
    0.07392782
    0.07078910
    0.05374024
    0.06034593
    0.05942373
    0.08847313
    0.07220279
    0.07077176
