$coord
-0.68942139328016  0.17693748523252  -4.84272157790661  c
 2.18693684936581  0.41392595031781  -4.98188852859864  c
-5.08799043068547  5.59734678905943   1.37879578295249  c
-7.14126237309425  4.53074654351057   0.11984886952061  c
-6.86801422019066  2.21534280455132  -1.06959408470883  c
-4.56042154997035  0.91111218761703  -1.00065239938081  c
-2.49119807261667  1.90893514750517   0.35666789852235  c
-2.81971412826683  4.27497933052320   1.48907089835245  c
-4.31052076041378 -1.35897821628982  -2.30841233732294  n
-1.71739246507855 -1.91024623197990  -3.07078385626323  c
-0.09702130274459 -2.21681896272614  -0.64139184655531  c
-0.04971377426776  0.39096177763603   0.78173635643411  c
 2.62542796561874 -2.74690366404930  -1.56478214844626  c
 3.47657868819328 -0.07869039611637  -2.41450715495728  c
 2.40176321271332  1.57091316043740  -0.31762814369878  c
 6.25182567396309  0.50328644093272  -2.73564769889275  c
 7.52113399690298  2.12628675910447  -1.28098738714033  c
 6.44863793206569  3.23476298582779   1.11704975173647  c
 4.33324238769241  1.53307106126443   1.91272571620995  n
 2.66237829817219  2.29035659241433   4.06169696174635  c
 0.50314417985974  0.39259980047358   3.71272639740478  c
 5.32466265420190 -0.76499748350701   2.50455817223938  o
 2.17768568978832  3.55874197256477  -0.85942717600715  h
-1.18936748822026 -4.43929599053053   0.79097025733860  c
-0.74371830173563 -6.63016200375317   0.25783844507102  o
-2.77922730562431 -3.74928427642318   2.63953456121578  o
-4.03223047432531 -5.79186836706299   3.95394998322697  c
-1.47375422009957 -0.14445014265593  -6.73411757944659  h
-1.45455520265270  1.98784340007984  -4.19454482139778  h
 2.98038018337463 -0.96371513068824  -6.31461061237087  h
 2.68762711451604  2.29865846259757  -5.68763740764504  h
-5.25099232815297  7.43008680316056   2.28664193985068  h
-8.94147833612319  5.51537654949369   0.03597187995057  h
-8.43725735842955  1.38703066207621  -2.10845772560348  h
-1.26247196840581  5.12983348607802   2.51183199361674  h
-5.58537882246096 -1.55983831427619  -3.71880072697328  h
-1.70143821657351 -3.74416361764036  -4.03423438113645  h
 3.80054539801035 -3.44013858516885  -0.02924426680825  h
 2.62181811014859 -4.09710290207137  -3.13318803350716  h
 7.17965141777297 -0.32582543345592  -4.37618794346237  h
 9.47319875008504  2.60084141399753  -1.71087988950106  h
 5.75932512359633  5.18023063117861   0.87556571533738  h
 7.84945211318040  3.19915584455998   2.63765180886734  h
 3.72012503025362  2.05416374596835   5.81714124854966  h
 2.08218794422062  4.26560252241106   3.83773858210476  h
-1.17580724965722  0.92409182945985   4.78301440717215  h
 1.14654578415498 -1.45318177768904   4.35933404042543  h
-5.29212570241282 -4.88071415094972   5.30547490971811  h
-5.10677723009609 -6.94463168388160   2.61757234575324  h
-2.64593303429149 -6.97204379342652   4.93115087103991  h
$end
