           1           2   1.00614664333316     
           3           4   1.41892544764800     
           4           5   1.46377290865338     
           5           6   1.34996056964798     
           4           7  0.100512052874715     
           6           7   1.31821910704842     
           3           8   1.43590462348536     
           5           8  0.100629882086419     
           7           8   1.42648558010440     
           6           9   1.14052918824040     
           1          10  0.976833744034121     
           9          10  0.997278035875611     
          10          11  0.937913078444503     
           7          12  0.988131394744182     
          11          12  0.959029215039417     
          11          13  0.975134267558499     
           2          14  0.969786169774796     
          13          14  0.968086916207313     
          12          15  0.963883263502574     
          14          15  0.977604039709528     
          14          16   1.00178688960153     
          16          17   1.93120493000396     
          17          18   1.01350852037430     
          15          19  0.899714948781537     
          18          19  0.945169769470568     
          19          20  0.945292336226086     
          12          21  0.964923727663054     
          20          21   1.00453998676280     
          19          22   1.01877802465369     
          15          23  0.962081875418573     
          11          24  0.954035378811495     
          24          25   1.70705411677872     
          24          26   1.16335990925336     
          25          26  0.171818416170579     
          26          27  0.941171569156156     
           1          28  0.974568588301448     
           1          29  0.969885920088124     
           2          30  0.974606481698955     
           2          31  0.975081417708190     
           3          32  0.971424468237645     
           4          33  0.970844640375936     
           5          34  0.967057349012384     
           8          35  0.959538657748656     
           9          36  0.940406808020881     
          10          37  0.965690508097193     
          13          38  0.958468222740279     
          13          39  0.973966178216298     
          16          40  0.964032687982604     
          17          41  0.964670037995707     
          18          42  0.956144503645770     
          18          43  0.964247680873625     
          20          44  0.971900632794503     
          20          45  0.962388582975570     
          21          46  0.973922986790380     
          21          47  0.972645573535571     
          27          48  0.979290698783670     
          27          49  0.976482822140700     
          27          50  0.976411778569702     
