$coord
         -1.817341459638         -2.908738700893         -0.008883697310     c 
         -4.248321750817         -1.942267263704          1.245676083849     c 
         -5.648888825638          0.105075541616         -0.251069932032     c 
         -4.817674526482          2.798570795173          0.388022797501     c 
         -2.213112837645          3.579567124834         -0.599376016651     c 
         -0.172629431574          1.720371260295          0.254691173046     c 
         -0.204313930451         -0.803271935182         -1.177276834044     c 
          0.002501082727         -4.121001262780          1.903545269309     c 
          2.584026265800         -4.063854471741          0.606618476196     c 
          2.575900273765         -1.676995018256         -1.050016833870     c 
          2.258768314996          2.717831509059         -0.232912952649     o 
          4.041473739639          0.698672506082         -0.114865080183     c 
         -0.765925067520         -0.428689204057         -3.127646104069     h 
          3.280557275655         -2.146971253252         -2.931293455998     h 
         -0.372051468152          1.397138257992          2.300519229981     h 
         -1.583790323106          6.244435677197          0.316156955987     c 
          6.205383777081          1.367182727779         -1.911072681961     c 
          5.076078840017          0.504217475077          2.585441089624     c 
         -2.508889096814         -4.831208126733         -2.060522080826     c 
         -5.501723469931         -3.561954240616          1.509336835825     h 
         -3.828112246917         -1.204222139656          3.126001197404     h 
         -5.442665006421         -0.221144420292         -2.275115584523     h 
         -7.662234516645         -0.039189281857          0.187729334777     h 
         -4.846050571591          3.029932943085          2.440941425750     h 
         -6.205744222637          4.112992326249         -0.394190855633     h 
         -2.240753422012          3.593126576727         -2.669356466680     h 
         -0.568581461334         -6.031379957246          2.416972858582     h 
          0.052599842450         -2.990600087000          3.627980993361     h 
          4.126077709205         -4.097643466755          1.962389308261     h 
          2.792900351773         -5.724039329835         -0.597177315785     h 
         -1.544456131195          6.302911529315          2.370788697910     h 
          0.262410126626          6.801863644529         -0.383012737927     h 
         -2.992095577001          7.584071834843         -0.352929829791     h 
          7.125651267222          3.090120481756         -1.277785392557     h 
          5.471345920466          1.686385358671         -3.802833600788     h 
          7.583322969328         -0.154951985077         -1.963269016135     h 
          5.740988696310          2.364628802276          3.152601915658     h 
          3.619152596059         -0.085838366513          3.905376604616     h 
          6.651453895816         -0.809265450285          2.676937796985     h 
         -3.389290061511         -6.489959197972         -1.222064862729     h 
         -3.833282709835         -4.013033391296         -3.402291220528     h 
         -0.841533356508         -5.433760124527         -3.095663803847     h 
$end
