   -0.05985204
   -0.06466588
    0.13555724
    0.00185204
    0.00854309
   -0.06001932
   -0.05570698
   -0.05912362
   -0.02342731
    0.00992680
   -0.04625017
   -0.06276052
   -0.01990264
    0.11750009
   -0.07563039
   -0.06615323
    0.13423514
   -0.44132031
   -0.40833084
   -0.45020723
   -0.11793785
   -0.12594156
   -0.10439962
   -0.10605451
    0.02870632
    0.04990632
    0.03448602
    0.04846382
    0.03722318
    0.03324188
    0.03482929
    0.01421469
    0.02682406
    0.03336406
    0.03778923
    0.04167804
    0.04837667
    0.02399505
    0.04817265
    0.33678577
    0.29278089
    0.30183876
    0.04726441
    0.04379026
    0.03130140
    0.03144103
    0.06485350
    0.03619671
    0.03755602
    0.03107121
    0.03179885
    0.03940277
    0.03351552
    0.03920124
