$coord
-2.49897604174164 -2.83601025939850   3.69841058427680  c
-5.12814837446258 -2.45756055812274   2.59395279657272  c
-5.18074979519412 -1.24110267856861  -0.04585794684785  c
-3.18529544264737  0.95819878629695  -0.32584221320054  c
-0.55237724396693  0.56843573482529   1.01912168405209  c
-1.04970550809756 -0.34743026587865   3.73727863128502  c
-2.59598660883504  1.49288036327145  -3.11759123869150  c
-1.09657851736527  3.94077220343575  -3.39471274079536  c
 1.35433328769506  3.92609825198163  -1.85648376553510  c
 1.04899363220342  3.11601365790539   0.95458745296387  c
 1.50154467932201 -1.30252560201394  -0.00248011190493  c
 3.65890490682419  2.21442298831489   1.84134290111681  c
 3.86575919834103 -0.32817798064305   0.68422431521866  c
 6.16357670820783 -1.50138395509148   0.27190393293359  c
 6.17380361913838 -3.83766408993457  -0.90937717100613  c
 3.89285237301090 -4.86913225918720  -1.58877799997381  c
 1.56178499080413 -3.69156555707804  -1.14233143323507  c
-0.38335318851534 -5.13651701054649  -1.93910179087418  o
 8.33016421761396 -0.29673077720258   1.03555567029460  o
-4.79240953704164 -3.22577915220258  -1.82652317297684  o
-7.93460180169856 -0.41291862422296  -0.54939076671860  c
-4.56714267672263  3.26811407980016   0.78174080054625  c
 2.66578190416387  6.48188370103304  -2.18440580734089  c
 0.35366250383883  5.32833684226502   2.70869822338942  c
-2.69295390063325 -3.55271272475941   5.62495018791774  h
-1.45623013210324 -4.24704790169342   2.62370232202955  h
-6.21585723246732 -1.26813132400458   3.88019476141134  h
-6.09387985098054 -4.27429134814068   2.44765167014670  h
 0.73631650880556 -0.62333698135331   4.72351819031519  h
-2.15028880431058  1.04115661198339   4.78939273743687  h
-1.47373606265583 -0.05394149412417  -3.90080597950630  h
-4.33874895744856  1.66085454112286  -4.21910713855799  h
-0.60052588658844  4.18782560608413  -5.38533991456628  h
-2.26746205147572  5.55391625950573  -2.87258993707489  h
 2.57516476413381  2.49261745045662  -2.71774807021472  h
 3.75005715474304  2.09941751590812   3.90052796791201  h
 5.19061261467078  3.44524049248396   1.23070038801450  h
 7.92329766089396 -4.82400350039246  -1.28572950607333  h
 3.80688865824245 -6.69089548757608  -2.49949603711267  h
-2.03405230402342 -4.35269783251568  -1.63051721522088  h
 9.75940570241337 -1.34021608413948   0.60538552934733  h
-5.04044792711859 -2.57027081094048  -3.50756989714264  h
-9.06291137939944 -2.13232297923666  -0.64500152674347  h
-8.71838942281486  0.76644886631924   0.92957988700455  h
-8.11078337872067  0.55787317697643  -2.35440290356146  h
-5.27091841231879  2.88008421313220   2.66878557111693  h
-3.37417428603795  4.90275667033195   0.87433398863529  h
-6.15433215836449  3.76680224773142  -0.41901791371412  h
 4.40911320736185  6.58291130997393  -1.10677945797866  h
 3.13160507762952  6.76086519366588  -4.16775112236524  h
 1.45281837633675  8.03460498953992  -1.60175337298979  h
 2.09525250699323  6.19521836635634   3.37942203885875  h
-0.70591560817035  6.82697573847885   1.79000525948708  h
-0.68700424294483  4.69641739475780   4.35896482972026  h
$end