           1           2   1.00901465473403     
           2           3  0.982868634947043     
           3           4  0.945895901674564     
           4           5  0.960409753185103     
           1           6   1.00668044163024     
           5           6  0.979116185907652     
           4           7  0.989200360904734     
           7           8   1.00489657140845     
           8           9  0.997017590610986     
           5          10  0.947493537969067     
           9          10  0.972027063146904     
           5          11  0.966265306329691     
          10          12  0.982339893255909     
          11          13   1.36932028401138     
          12          13   1.01692173993642     
          13          14   1.37227215897891     
          14          15   1.35668412590031     
          13          16  0.103131038594630     
          15          16   1.47430179623139     
          11          17   1.35837407452236     
          16          17   1.33373008508028     
          17          18   1.09793561024780     
          14          19   1.04200055999321     
           3          20  0.952924298166860     
           3          21  0.990101215861936     
           4          22  0.995448270969525     
           9          23   1.00780494633808     
          10          24  0.999922593094689     
           1          25  0.975558366220526     
           1          26  0.970466967921856     
           2          27  0.973363007582005     
           2          28  0.972914946105468     
           6          29  0.972171950462504     
           6          30  0.965182588495322     
           7          31  0.972535389909407     
           7          32  0.971277889958753     
           8          33  0.975440320744589     
           8          34  0.972703994876220     
           9          35  0.962688779123771     
          12          36  0.953823738184675     
          12          37  0.960761133323278     
          15          38  0.966085907989870     
          16          39  0.967801677585163     
          18          40  0.779414120802088     
          19          41  0.894721544292987     
          20          42  0.883682860633509     
          21          43  0.982793932299483     
          21          44  0.982810017281261     
          21          45  0.980768529555958     
          22          46  0.980559169077332     
          22          47  0.961157123290700     
          22          48  0.980020885771078     
          23          49  0.980918860015527     
          23          50  0.986080622145054     
          23          51  0.983932122922236     
          24          52  0.980589518448785     
          24          53  0.970255815021789     
          24          54  0.979453788501007     
