$coord
 0.15652703013255 -1.27774796300073   0.06033871708038  c
-1.85496785709493  0.49743776449994   1.22039296851491  c
-0.70074799768966  3.13918817667288   1.69179278538186  c
 0.83375031823723  4.11109473090416  -0.54702344122774  c
 2.72357089163989  2.09323090576319  -1.41114779972201  c
 1.21394046521138 -0.15953815715743  -2.42730755595787  c
 2.53691489170569 -1.24201821988488   1.75481002502787  c
 4.06978294808509  0.97408369995254   0.83461366342819  c
 2.70160775194745 -1.86776347992877  -3.81405714835033  o
-0.81415074537038 -4.00236983243933  -0.22318044979766  c
 6.22142680980469  1.78101560648600   1.80668311337429  c
-4.38715783142022  0.72851526299081  -0.10058709469481  c
-4.98280837861766 -0.01662362347173  -2.41379927771786  c
-2.29344389219519 -0.27976837969374   3.09965222788644  h
-1.00739880469350 -5.28645155383407   2.10309736598620  o
-6.39994499425256  1.95047020712246   1.50729627999307  c
-2.19462971228409  4.48430957182663   2.13831930699987  h
 0.54141232298582  3.04569176412451   3.33544419961935  h
-0.41495400042262  4.58494624669888  -2.12007342753773  h
 1.84088834488281  5.82182536923572   0.01485528371497  h
 4.01641769249473  2.86508802406738  -2.82249291652021  h
-0.24692952769935  0.44731987116432  -3.74117333150725  h
 3.58543312701951 -3.00771085792760   1.52705320166164  h
 2.07711476616375 -1.09349096565848   3.75783616811890  h
 4.15239996676707 -2.31487541318915  -2.80581620629525  h
 0.54097599750667 -5.08805159918169  -1.34140620587432  h
-2.63300621721008 -4.02916509594292  -1.20885312141479  h
 7.06766601601128  0.88849133734371   3.42875876382267  h
 7.21982840391542  3.37124476475710   1.02269747711696  h
-6.87767682057199  0.24576541596592  -3.11638644984734  h
-3.69869201816510 -0.90287320932637  -3.70978741207401  h
-2.32742190624692 -4.50868393667063   3.08451454784566  h
-8.26833801489715  1.34532336757026   0.90589409886539  h
-6.16449726334546  1.48405275352974   3.49621341243614  h
-6.32504814306387  4.00059527416081   1.32588922813145  h
$end