$coord
         -0.946721060724          3.154032195549          0.501524669255     c 
         -1.889201337938          2.517205801687         -2.195764648128     c 
         -4.400089025553          1.108128813004         -2.412003523925     c 
         -4.210615294199         -1.710651378344         -1.872651729972     c 
         -3.471869906501         -2.371872736571          0.843612360249     c 
         -0.640581919560         -1.895332394683          1.340551639348     c 
          0.228977714200          0.837259741079          1.956115545477     c 
          1.352528725255          5.001889242732          0.237597177549     c 
          3.743461457512          3.365728438128          0.029921331463     c 
          3.112340273468          0.784776966215          1.274182196716     c 
          0.951316669582         -2.815089881238         -0.649889610716     o 
          3.463869867540         -1.696945715709         -0.361005985974     c 
         -0.018492709793          1.192919734481          3.987591459238     h 
          4.225369578809          0.569447987793          3.014165417650     h 
         -0.120412927038         -3.072287383829          2.980578865764     h 
         -4.081268904107         -5.143887934465          1.388420546641     c 
          4.582105615615         -1.237014394208         -2.989804944190     c 
          5.142694507133         -3.570822937115          1.076638821931     c 
         -3.029164068007          4.412071607145          2.080607423492     c 
         -2.042127141477          4.307217730393         -3.230127534961     h 
         -0.418184877216          1.446225209285         -3.173673711907     h 
         -5.811009217967          1.970949743556         -1.166839705850     h 
         -5.164093541734          1.369291639615         -4.327027739818     h 
         -2.830820090792         -2.578802011650         -3.149672326058     h 
         -6.020502774436         -2.622977719616         -2.315800939370     h 
         -4.574058688951         -1.180664995142          2.146010794377     h 
          1.449622896686          6.228500336716          1.901611634632     h 
          1.121639644344          6.253512579495         -1.394499050093     h 
          4.270323771663          3.127795174896         -1.951769114193     h 
          5.370751129974          4.270554491311          0.941588258534     h 
         -3.639687666659         -5.652413300049          3.337084884749     h 
         -6.073787919002         -5.563423694940          1.064819904769     h 
         -2.974341021378         -6.372934907686          0.160150147039     h 
          3.350215039856         -0.044910686841         -4.124155083499     h 
          6.442183831183         -0.362507191461         -2.869051941690     h 
          4.783598713976         -3.023618411735         -3.990899073594     h 
          7.042526974802         -2.818680180262          1.330365363581     h 
          4.354331109016         -3.981702833957          2.931983599218     h 
          5.279593866716         -5.346382812458          0.046039919967     h 
         -4.559708429267          3.101916245782          2.495245474832     h 
         -2.287711046197          5.077207741301          3.883480003466     h 
         -3.820947679797          6.034096501601          1.088766285231     h 
$end
