$coord
-1.30791342114619  2.73028804050482  -0.03229428961682  c
-2.74033538928098  1.44420856490093  -2.19475767357690  c
-5.23699926266895  0.19464640771205  -1.47885430271868  c
-5.05167798328914 -1.55008150986216   0.80783510472560  c
-2.78993057851215 -3.35306043821020   0.79525288677338  c
-0.23136090676503 -2.03774512574854   1.32366740040287  c
-0.06307428877699  0.83017240735629   1.83163351700805  c
 0.90353774210085  4.24975309604256  -1.19307332377492  c
 3.15652205578757  3.87600114355469   0.55801254446716  c
 2.82298866443738  1.22387906818587   1.63025287390538  c
 1.55470321134644 -2.46520042264918  -0.61611526521938  o
 3.76450981775609 -1.05519937412463   0.00404355924037  c
-0.72796199710162  1.22198000171110   3.74469873823752  h
 3.71913743471337  1.09502053341703   3.48610605710762  h
 0.51797669263375 -2.91331230127632   3.06951399502527  h
-2.70743217453756 -4.99697536417342  -1.57721174640773  c
 5.08620606505757 -0.40776156635090  -2.47921911308109  c
 5.57363581561962 -2.69576414240106   1.58112828732863  c
-3.01441875053602  4.56747943064250   1.41441973635323  c
-3.13043758026278  2.86496052764721  -3.64570421344747  h
-1.48078911600874  0.03976669303910  -3.02026518484502  h
-6.65827074003992  1.63986976366818  -1.08895132553120  h
-5.90198465641721 -0.88457515660460  -3.10732282956421  h
-6.77513188646325 -2.68666117575233   0.90198982453471  h
-4.97018424162669 -0.43774691828983   2.54168757078006  h
-3.10278891209455 -4.64337236006241   2.38863309306086  h
 0.41556826912778  6.24047756255202  -1.39568219758537  h
 1.33652174250764  3.52734503671592  -3.07148177080813  h
 4.95647257839990  4.13905865282224  -0.39992642225097  h
 3.06613661866823  5.22540211472633   2.11709972672773  h
-2.32324904230744 -3.88985757416461  -3.25708567403678  h
-1.22155974835265 -6.40235292428868  -1.39859994643938  h
-4.50969399301702 -5.95987529226152  -1.80899382437119  h
 6.83108535366285  0.61527312936959  -2.13035769222310  h
 5.53085229727548 -2.16269548711479  -3.45059354367907  h
 3.87134206442148  0.69818987429979  -3.70315820066946  h
 7.26982772203893 -1.63139345779265   2.03880293074980  h
 4.68375077729044 -3.30212513061093   3.33144420121179  h
 6.09997298733447 -4.36940748595824   0.51178250600986  h
-4.47859086335057  3.58870591894078   2.46879495480523  h
-1.89682589000597  5.66727164630338   2.74559410383613  h
-3.92462113565039  5.86630165303146   0.10488629098318  h
$end