$coord
 1.91178537397539  2.88033331191677  -0.33992172182217  c
 4.71375675199955  2.14788814159422  -0.09222833431963  c
 5.37532486064268 -0.49064719032641   0.88151811622685  c
 4.60036066711520 -2.59015911789662  -0.95535270587317  c
 1.95863464129099 -3.68564084218710  -0.48014907780760  c
 0.11010063306814 -1.65372471481152   0.41040959440605  c
 0.09555398055782  0.78156910418789  -1.16099846027408  c
 0.73091975240257  3.78203574255595   2.15618296781027  c
-2.14091398374013  3.42141416919231   1.85875828884360  c
-2.54960391414393  1.78861947475332  -0.52354137331278  c
-2.38917716921190 -2.62137140872654   0.27758409288642  o
-4.14354730681585 -0.64340001559954  -0.27381489277768  c
 0.29832522757381  0.31093521505144  -3.16011993616036  h
-3.32980118714680  2.94598097001606  -2.03992293646442  h
 0.50668813451078 -1.19927146294998   2.39707288886073  h
 2.03673654093189 -5.82231861024220   1.45906307401717  c
-5.40825785236758 -1.24256671081410  -2.81676703275405  c
-6.17413913982298 -0.57240635309387   1.78632525634118  c
 1.77673189707015  5.04674090824638  -2.26742929628587  c
 5.59170024584687  2.34173623715019  -1.95266573383180  h
 5.60510139286721  3.54706921188738   1.14106644962183  h
 7.42829325496282 -0.54210065251448   1.10911481837416  h
 4.56082732293828 -0.81903368523986   2.74317706853262  h
 5.95646286545328 -4.14086829329936  -0.83450020483854  h
 4.70818358021411 -1.84219888506863  -2.87517508014684  h
 1.21945489429328 -4.45704455642332  -2.25244243812175  h
 1.21656949320417  5.74698069357432   2.53720638781869  h
 1.44673315151023  2.65561842585915   3.72579663380386  h
-2.91865102778047  2.52358479536411   3.53415200331873  h
-3.09028210725385  5.23652419137916   1.64170554472680  h
 2.89865314732262 -5.17788305458358   3.21128130829452  h
 0.12472304621062 -6.45367902857350   1.86043311814866  h
 3.12536187831295 -7.41191473161518   0.74234875667194  h
-6.91277981220778  0.10133665796398  -3.20451883661614  h
-6.19927950118351 -3.13678629376037  -2.75020866763586  h
-4.03055906772615 -1.17213462502414  -4.33904049626937  h
-5.32268314017870 -0.66402036088271   3.65192789548365  h
-7.29666937038205  1.14025767046171   1.62783653099753  h
-7.40421310346902 -2.20448557700169   1.58213010201247  h
 2.25921415528520  4.37581737329203  -4.15070295377805  h
-0.10218484792937  5.86819624860320  -2.33514365884248  h
 3.10648456084996  6.52855836502457  -1.75168019995868  h
$end