$coord
 0.19320751495285 -1.30507872246095  -0.46825488027540  c
 1.19011790624451  1.24152056578060  -1.70709599919909  c
-0.92745345055091  3.30100988513569  -1.66057688900622  c
-2.47515063611878  3.42220607164015   0.81423581591598  c
-3.25943758025728  0.74796906116036   1.70287542413477  c
-0.87552960661689 -0.87312366844515   2.24485153319622  c
-2.28203231039743 -2.10726569823965  -1.85988884315971  c
-4.42214139853930 -0.73362512890973  -0.47441585452125  c
 0.82610085479628  0.02859295542343   4.12370377723918  o
 2.22372516339695 -3.40283699234719  -0.54327274878096  c
-6.87973522471360 -0.84373898218467  -1.05454481918967  c
 3.77286571268740  2.23367090323446  -0.80276056608923  c
 4.07390136353693  4.08077096629200   0.92174424487771  c
 1.48987102497928  0.75687813448601  -3.71633587928791  h
 1.33168434343142 -5.83214019318875   0.25995053227470  o
 6.07465777178189  1.23123753100743  -2.19769362656993  c
-0.09342689106992  5.15814039405829  -2.08412155484921  h
-2.24319144780421  2.89905877085487  -3.22182451243665  h
-1.41194527610238  4.35552489155430   2.34314396549145  h
-4.17807669347319  4.57862554818835   0.49751111063719  h
-4.52455345246211  0.87710553364411   3.34978189458738  h
-1.54188741717775 -2.71381733758860   2.97350653499139  h
-2.23066723493163 -1.66259943845151  -3.89341584939794  h
-2.52664497588220 -4.16726324306953  -1.69289885483409  h
 2.00995122465475  1.23229915215551   3.36749798686751  h
 3.87142613272139 -2.82902007324905   0.60104421138070  h
 2.87390536615247 -3.67276959058572  -2.50292368443377  h
-7.57131918717102 -1.94612518575051  -2.65922882451150  h
-8.30054896724867  0.16157248340035   0.05717357059351  h
 5.95483494877536  4.76864865295732   1.41966631564378  h
 2.50179606624015  5.03679058961131   1.85250430555768  h
 1.14267268007044 -5.80225504932599   2.09807492653520  h
 7.83410250539968  2.03330219092812  -1.43683022564283  h
 6.23155464165692 -0.83904511061313  -2.13506031500431  h
 5.94789819365818  1.75273080758565  -4.21435887454883  h
$end
