$coord
         -0.394758192346          0.800148334200          4.731314107612     c 
          2.340228227754          1.719476711172          4.569894330521     c 
         -3.269277862236         -6.834770398568         -0.593946262284     c 
         -5.477767971620         -6.232048330343          0.673816575108     c 
         -5.813815094297         -3.824561325045          1.615571005189     c 
         -3.991776666786         -1.960588112480          1.237708806597     c 
         -1.829909933243         -2.525301751180         -0.179375138040     c 
         -1.469008522669         -4.988239842793         -1.011777691673     c 
         -4.365423259180          0.430290087971          2.266804665348     n 
         -2.123328282802          1.927773344911          2.676418137596     c 
         -0.804474830715          2.115959978729          0.082868561789     c 
          0.118086110805         -0.514088795298         -0.771492310209     c 
          1.617818451499          3.634495482769          0.382490927404     c 
          3.281509363590          1.729263071678          1.817098112690     c 
          2.671250533896         -0.871712796486          0.640627131864     c 
          6.002245660985          2.468463062436          1.687524193018     c 
          7.737850292024          1.062690964257          0.571721606759     c 
          7.164670717259         -1.448305420625         -0.560448896670     c 
          4.485294320011         -1.863800183502         -1.297031675558     n 
          3.792070202202         -0.460137945276         -3.620997517122     c 
          0.913277072472         -0.522068760309         -3.592530464233     c 
          4.149550036330         -4.324904294079         -1.633154836059     o 
          2.598096378852         -2.360222449200          2.064126056410     h 
         -2.747851647539          3.317561483878         -1.658458799983     c 
         -3.880509292659          2.306742324727         -3.341538111531     o 
         -3.098495018924          5.748910346291         -1.025012090545     o 
         -4.977347056160          7.059330691236         -2.427640970624     c 
         -1.168838894889          1.270218344302          6.587085885327     h 
         -0.452412794419         -1.253881151644          4.549399408050     h 
          2.490428398370          3.633200816928          5.328309959322     h 
          3.540964707161          0.494290362735          5.717738629515     h 
         -2.946995647305         -8.736854217670         -1.256082614492     h 
         -6.915732027607         -7.648868502495          0.979374859839     h 
         -7.497039887346         -3.356322585639          2.676959064230     h 
          0.309441471813         -5.465461291918         -1.900579631856     h 
         -5.640877367428          0.461319214546          3.687976823442     h 
         -2.709041247681          3.835744212259          3.234694394677     h 
          1.327344779976          5.368384629020          1.452361789410     h 
          2.415605949878          4.137485448161         -1.447997057892     h 
          6.473323208590          4.272941458384          2.519384305240     h 
          9.691997317332          1.649260412612          0.491657653791     h 
          8.300332028741         -1.804496940842         -2.246933647427     h 
          7.593543165484         -2.963679700544          0.784320664260     h 
          4.567853239420          1.449332436069         -3.536056199310     h 
          4.581322234427         -1.471554302495         -5.231274014068     h 
          0.254099536749         -2.258556928090         -4.472885108356     h 
          0.115518103164          1.058058190873         -4.631339520268     h 
         -6.756032641804          6.016230524810         -2.379206394899     h 
         -5.184816367973          8.898862320125         -1.537091802488     h 
         -4.387374850901          7.270925331628         -4.393406365942     h 
$end
