$coord
          0.192643712889          1.081676629941          4.862810266837     c 
          3.015494135202          1.604888453012          4.492410421430     c 
         -4.410220379328         -6.076911791928         -0.380574413280     c 
         -6.292077947075         -5.211792516785          1.248546545590     c 
         -6.110617480303         -2.817526507575          2.290440133976     c 
         -4.063757416844         -1.228149040387          1.714761399857     c 
         -2.167362826301         -2.068400304249          0.032554746230     c 
         -2.387686854837         -4.504538824224         -0.962663509603     c 
         -4.007630398333          1.191041667296          2.764907355376     n 
         -1.535361582525          2.394876738871          2.919649114561     c 
         -0.415378593183          2.399937178965          0.214407652865     c 
          0.052270579660         -0.365899875721         -0.683877013821     c 
          2.224643824268          3.556972766905          0.315415882748     c 
          3.734216000069          1.457338502266          1.663620379222     c 
          2.640974678374         -1.060850344021          0.615936565745     c 
          6.517351495124          1.771003913040          1.328274828531     c 
          7.981487035923          0.078373356026          0.186676925554     c 
          6.988305379744         -2.351018580082         -0.847296756354     c 
          4.206148345527         -2.324705758482         -1.440036228704     n 
          3.589086766146         -0.804103457925         -3.757587069495     c 
          0.739913183881         -0.440864013756         -3.570677411881     c 
          3.401942199380         -4.758949713300         -1.781108687835     o 
          2.484598353101         -2.505202954392          2.080504066289     h 
         -2.206420010992          3.987323683017         -1.378902743707     c 
         -2.193555394481          6.285131285782         -1.335483102438     o 
         -3.831454323832          2.627494077824         -2.759243642275     o 
         -5.665671786322          4.063332042872         -4.197185995164     c 
         -0.402800029012          1.652837000085          6.763395570205     h 
         -0.149167878652         -0.958669776152          4.737206869438     h 
          3.523422860011          3.490929100888          5.187734403834     h 
          4.124786187576          0.224756715404          5.570506957119     h 
         -4.509773021342         -7.962136998258         -1.185096305910     h 
         -7.892642860167         -6.407750814927          1.724712455517     h 
         -7.562766373012         -2.133122278945          3.575176268303     h 
         -0.872629914428         -5.184580784358         -2.167753840421     h 
         -5.048995827167          1.354383831340          4.359846759412     h 
         -1.813675394208          4.378058142983          3.462141296465     h 
          2.274608948398          5.337979069710          1.364877700408     h 
          2.940156026331          3.931742715542         -1.588623268036     h 
          7.330517664319          3.512719140809          2.066237149225     h 
         10.003824780857          0.396755264081         -0.002043548683     h 
          7.935656724000         -2.899345952409         -2.603620378494     h 
          7.233604016006         -3.910173888796          0.495142147862     h 
          4.630839425036          0.983468848294         -3.686796183750     h 
          4.201288022360         -1.903394241884         -5.392246432619     h 
         -0.249444975962         -1.995596801129         -4.491291861331     h 
          0.184899400713          1.298441066339         -4.531372336574     h 
         -6.789536177599          5.246904822346         -2.931581888937     h 
         -4.708510991421          5.247799914552         -5.593102556838     h 
         -6.848866564333          2.655827959483         -5.124194375326     h 
$end
