$coord
 2.69581590010991  2.29472062404679   4.04335923799694  c
 4.87382537096512  2.41660997717735   2.16594341628737  c
 4.12577238905608  1.56784499855832  -0.51916582207340  c
 2.87010223073861 -1.11665505729516  -0.52251556798887  c
 0.54603229612658 -0.92693332991221   1.23481255489569  c
 1.36257273019576 -0.25921555356914   3.95145125590826  c
 2.00423985408812 -1.78974008442441  -3.23931427211247  c
-0.75509618336376 -2.61553219921847  -3.51239624009260  c
-1.65136075643467 -4.39941301790452  -1.42314698085069  c
-1.45404743682327 -3.11744970935409   1.22035204555080  c
-0.98733915986005  1.24728385480607   0.25871142414970  c
-3.96963088516293 -1.66695813578808   1.74199244055288  c
-3.54543557823391  0.89686656970564   0.62777280219492  c
-5.23000622361627  2.74177098530569  -0.16225734209394  c
-4.25121540013351  4.87099498263811  -1.36505209528093  c
-1.68917484063279  5.14830204904447  -1.82642486148694  c
-0.00091941223127  3.30052905696495  -1.01523244305966  c
 2.49906286955485  3.46124983345553  -1.57949867482338  o
-7.76872382239393  2.40998401874735   0.21290001634303  o
 6.50341112449403  1.67787977485996  -2.17388390373708  c
 4.80273206584647 -3.07570760433783   0.38572057787894  c
-0.36698677698935 -6.97664550638083  -1.72676646797217  c
-1.09672550876708 -5.10226473222738   3.29102465296080  c
 3.41780980138972  2.63031513042236   5.94891915132593  h
 1.33825746237894  3.79118237397243   3.62527601060345  h
 6.44094014098712  1.25890470218197   2.83527149610311  h
 5.55757141520971  4.35992751611289   2.03134971239407  h
-0.30973289551241 -0.14774253883876   5.15021086272661  h
 2.59656479416470 -1.72484935158933   4.70525462604007  h
 2.26207932364360 -0.15404499146286  -4.46942015852400  h
 3.21619974591337 -3.29164874143880  -3.96472063610532  h
-1.98248626064553 -0.96384921235406  -3.56324021155905  h
-0.95583465614400 -3.56770318738715  -5.33489528096953  h
-3.66460728031865 -4.75595390760216  -1.76222575953206  h
-4.31584500551032 -1.51578406179742   3.77273443837891  h
-5.61102458785142 -2.59850871007653   0.91815335827640  h
-5.53786889195328  6.32614884560406  -2.00672802869854  h
-0.99217737595926  6.77634335832386  -2.83398551498699  h
-8.66478698732055  3.84293920126536  -0.46706342339850  h
 7.04726712244152  3.64717747133591  -2.39087512857576  h
 8.05265577537763  0.65849609823297  -1.29968518604422  h
 6.15490697487938  0.90285953300046  -4.04051588444796  h
 5.72754262237133 -2.51007188842893   2.12555753161758  h
 3.87735366495124 -4.87070703750947   0.73131721793162  h
 6.25401420444734 -3.36656033041257  -1.03956130991260  h
 1.66491683473010 -6.87958661785657  -1.48897820259944  h
-1.12028506735845 -8.35871804267546  -0.41014977917360  h
-0.73814233951127 -7.66699923426995  -3.62951599950464  h
 0.69997314327089 -6.07846482887543   3.12892028362979  h
-1.19577753886799 -4.25493825376416   5.15783641371149  h
-2.60952547720568 -6.48949848813791   3.16383346002416  h
$end