! hf-3c
! DEFGRID2
! scfconv6
! miniprint nopop noautostart
%MaxCore 2500
%pal
    nprocs 12
end
*xyz 0 1
C    1.4265643385   1.2143138591   2.1396535633
C    2.5791173151   1.2788149270   1.1461678955
C    2.1832647247   0.8296678431  -0.2747307216
C    1.5187926928  -0.5909084085  -0.2765033308
C    0.2889478474  -0.4905119940   0.6534346635
C    0.7210424367  -0.1371709636   2.0910179537
C    1.0605980555  -0.9470896657  -1.7141712910
C   -0.3995796921  -1.3840800336  -1.8586800451
C   -0.8738624789  -2.3280691094  -0.7530969497
C   -0.7694487668  -1.6496833416   0.6457824915
C   -0.5224773826   0.6600341912   0.1369041898
C   -2.1006381992  -0.8821162566   0.9218227007
C   -1.8761637099   0.4746013497   0.3322030604
C   -2.7676001052   1.4508827223  -0.0858628877
C   -2.2496463074   2.5776195381  -0.7223544602
C   -0.8938728305   2.7243641180  -0.9665024137
C   -0.0004865320   1.7465647601  -0.5372378724
O    1.3224471186   1.8316145323  -0.8358347030
O   -4.1110316028   1.2753086208   0.1126618368
C    3.4414569587   0.8878957391  -1.1503698205
C    2.5414963582  -1.6275943709   0.2041145395
C   -0.1942010390  -3.6918818089  -0.9137654630
C   -0.5803621456  -2.7000022191   1.7415352461
H    1.8086270573   1.3919028239   3.1480324430
H    0.7081753511   2.0062073138   1.9184134472
H    3.4083987379   0.6661836788   1.5003610618
H    2.9409401396   2.3071742817   1.0749439747
H   -0.1639035897  -0.0781819846   2.7253742187
H    1.3740429151  -0.9127509687   2.4899135185
H    1.1970408268  -0.0815170989  -2.3651152928
H    1.7019396105  -1.7418654995  -2.0980398073
H   -1.0490865496  -0.5100470377  -1.8855855161
H   -0.5058059172  -1.8879472212  -2.8231050040
H   -1.9392266588  -2.5167424229  -0.9325297120
H   -2.2838468217  -0.8021183818   1.9964450867
H   -2.9692263404  -1.3750715911   0.4858658331
H   -2.9305140133   3.3476538004  -1.0619147408
H   -0.5250376563   3.5858864769  -1.4996805499
H   -4.5852078090   2.0335958473  -0.2471593196
H    3.7292531587   1.9300032011  -1.2651966316
H    4.2612819217   0.3484611285  -0.6877637815
H    3.2570365049   0.4777726893  -2.1381489254
H    3.0308850289  -1.3282728405   1.1247966057
H    2.0518071972  -2.5774671641   0.3869964055
H    3.3094817922  -1.7815070052  -0.5501121543
H    0.8810360466  -3.6405204570  -0.7879333320
H   -0.5928293271  -4.4232430986  -0.2170419161
H   -0.3906081043  -4.0572012690  -1.9206571527
H    0.3704098355  -3.2165850633   1.6557533081
H   -0.6327782226  -2.2516163567   2.7294094865
H   -1.3809014132  -3.4340947086   1.6742285654
*
