$coord
 0.02367508378552 -1.49721497964144  -0.02091633988921  c
 1.24140292581432  0.72962630913593  -1.51831701951550  c
-0.72564973463958  2.83316553768780  -1.94905354936607  c
-2.40238668931037  3.42389050410163   0.33323717753592  c
-3.37548954902729  0.98286030145078   1.54253820901792  c
-1.12657117593027 -0.60073797735452   2.49760336395932  c
-2.36335608144680 -2.38598180050383  -1.43019140892665  c
-4.45298971684079 -0.70449261869760  -0.47662637319672  c
 0.52680639468022  0.55715614118512   4.19743542770430  o
 1.85447790024347 -3.68843676209856   0.41150297709210  c
-6.81470506568895 -0.69782951977931  -1.28020471335540  c
 3.76221549238546  1.68685959939545  -0.52354769898202  c
 5.84805684825656  0.34300971799255  -0.88636772378412  c
 1.68011797536466 -0.08946306123058  -3.37059435277211  h
 2.68939514174865 -4.65200334587946  -1.93340730396273  o
 4.00704538526003  4.29125006162843   0.61042502660123  c
 0.22793478133211  4.54848116598316  -2.58009288754392  h
-1.96708340100673  2.24252144248145  -3.48689230808670  h
-1.41055685420566  4.52362476072840   1.76880317543324  h
-4.00743960083809  4.55674572918017  -0.30027284356939  h
-4.72483303907657  1.42005614612270   3.03984120624414  h
-1.87162792658060 -2.24183792343961   3.52519045470254  h
-2.14379853766502 -2.30329181628361  -3.47514448075278  h
-2.77296758120425 -4.34996424446458  -0.94288915950909  h
 1.61497833536324  1.68038092055050   3.26545343272086  h
 0.85934034351979 -5.16685478166795   1.48138668766078  h
 3.45686018410336 -3.04202624667423   1.56210494543669  h
-7.44523266149669 -1.94028965155171  -2.76391586147139  h
-8.21303930113934  0.54823989365052  -0.48535853230491  h
 7.66477962583573  0.99611019006772  -0.23782442452625  h
 5.82752916966238 -1.43602269670280  -1.86772693980646  h
 3.75651983875710 -6.09102272340681  -1.62349172786988  h
 2.36111255059161  4.92676980249974   1.65594441149595  h
 5.64200072168614  4.36598707637993   1.85566797681386  h
 4.32525006302158  5.65482173960453  -0.90455115743543  h
$end