   -0.00766880
   -0.03299841
   -0.06039503
   -0.05790729
   -0.03615963
    0.10619513
   -0.06884649
    0.00879187
   -0.48692372
    0.08166975
   -0.11259657
    0.01197316
   -0.11485049
    0.04602919
   -0.48176007
   -0.11201217
    0.04070931
    0.04142130
    0.03889682
    0.04133569
    0.04156677
    0.04812862
    0.04950092
    0.05247791
    0.30907393
    0.04962613
    0.02178484
    0.03373873
    0.03446015
    0.03222456
    0.02473374
    0.31013055
    0.05389614
    0.04803620
    0.04571724
