           1           2  0.961686149267530     
           2           3  0.980213452396527     
           3           4   1.00870611464398     
           4           5  0.978476504711063     
           1           6  0.959042429413524     
           5           6  0.973327361277267     
           1           7  0.982054939763569     
           5           8  0.994818058266496     
           7           8   1.00676042614661     
           6           9  0.983872653582070     
           1          10  0.977811580580225     
           8          11   1.93522199647663     
           2          12  0.998634650848085     
          12          13   1.92175884291979     
           2          14  0.958765682377848     
          10          15  0.994234406200371     
          12          16   1.02711587681051     
           3          17  0.975794847215545     
           3          18  0.977169793588100     
           4          19  0.970670630369054     
           4          20  0.975542259472045     
           5          21  0.962830551411934     
           6          22  0.956029016572305     
           7          23  0.956315780003029     
           7          24  0.963318536314300     
           9          25  0.884207410167591     
          10          26  0.968868737181874     
          10          27  0.967956843669745     
          11          28  0.975123644517524     
          11          29  0.974901630484755     
          13          30  0.975278367562653     
          13          31  0.972526643736301     
          15          32  0.881410653417149     
          16          33  0.968798102343144     
          16          34  0.961334896024163     
          16          35  0.981996302817474     
