$coord
-3.23906344441747 -1.81774931895141   4.36129447974136  c
-3.99438726343442 -3.28888627667175   2.01907915279877  c
-4.95859352536694 -1.50255602786312  -0.05591129418166  c
-3.20554656416947  0.92540243669976  -0.28454390960895  c
-0.57288970251792  0.62583016732843   1.02446294108851  c
-0.93460037191288 -0.14490298590696   3.83924804079848  c
-2.71395713050766  1.58255023631817  -3.07623972116811  c
-1.11845599860703  3.96675437674702  -3.38336778474104  c
 1.39790203410953  3.80443881256909  -1.97004390944967  c
 1.05675629736960  3.14507933853160   0.86818396358815  c
 1.44330637525563 -1.25339084379735  -0.02827756996764  c
 3.60302120906903  2.21162015370657   1.90964902800809  c
 3.79509869152771 -0.37502516434661   0.82993783489645  c
 6.05869566896253 -1.64126186689021   0.54218021678738  c
 6.04048240239385 -3.94530688907907  -0.70899848771827  c
 3.79366836424842 -4.79624935186932  -1.68608398133836  c
 1.49584375619234 -3.49982156668296  -1.41961157425668  c
-0.38978524384836 -4.66354565926115  -2.69649675898429  o
 8.22436035669351 -0.56102697567817   1.47250216069098  o
-4.97443002537304 -2.94649125351761  -2.34032698636432  o
-7.76629210769788 -0.94911344398995   0.46189300837527  c
-4.65992768410765  3.14421158933390   0.90190406914108  c
 2.90444414292524  6.22664661565480  -2.43815274124605  c
 0.32807362921051  5.49642340250707   2.40450157422498  c
-4.83846504795289 -0.68802001968117   5.00895552275201  h
-2.78787208472588 -3.13803536002149   5.87997995956858  h
-5.47709922925506 -4.65104781569070   2.46288906744465  h
-2.37095292465725 -4.35641470686389   1.35045128321985  h
 0.74964092557527 -1.16760371902204   4.43873487470492  h
-1.07261990133956  1.53267792706550   5.02235820252921  h
-1.71472174501078  0.03095957926695  -3.99661038921588  h
-4.51067939316178  1.87192400603535  -4.06142597709158  h
-0.72025670288679  4.22181430672607  -5.39458004925350  h
-2.17549085861506  5.62975764985809  -2.77845379138387  h
 2.46678766239244  2.24598225081385  -2.81313238360209  h
 3.59142060519528  2.18321245870972   3.97228364490332  h
 5.19815623393387  3.37223559295118   1.32270137996644  h
 7.76135343829318 -5.01788224012523  -0.96171615810071  h
 3.71610888819306 -6.53592566376948  -2.74565342026051  h
-2.04409695370376 -3.86907485624281  -2.50179415743130  h
 9.63117562082296 -1.65439957796284   1.09509855076012  h
-5.85601147104667 -2.02136706935222  -3.63620481362707  h
-8.57878785606094  0.25574706652361  -0.99398662847561  h
-8.75933198527436 -2.75139559478868   0.40062529890806  h
-8.09610071052684 -0.10292843796323   2.29664446180751  h
-5.03891524943776  2.83302917221600   2.89001428172557  h
-3.62298995845380  4.88264648458430   0.72602574705279  h
-6.44330031877788  3.42981655597380  -0.07179389764706  h
 4.69633526820525  6.20387010609056  -1.43822039451849  h
 3.30631917176623  6.40056625815692  -4.44742468901906  h
 1.85837812186751  7.89728332293225  -1.85953049027587  h
-0.73756203882218  6.87524295801323   1.32063920990696  h
-0.73668543890320  5.04306496139761   4.09839455152287  h
 2.05865161033806  6.43411018548804   3.00411369073744  h
$end