           1           2   1.00984254846786     
           2           3  0.984214909411129     
           3           4  0.937797218401984     
           4           5  0.968152323623394     
           1           6   1.00259497917700     
           5           6  0.973096507618728     
           4           7  0.988294866120221     
           7           8   1.00492354698384     
           8           9  0.997495367077327     
           5          10  0.945980070718988     
           9          10  0.973157688884590     
           5          11  0.968389415808516     
          10          12  0.981056242970441     
          11          13   1.35791013205467     
          12          13   1.01586249559039     
          13          14   1.38153565607539     
          14          15   1.34931333446779     
          13          16  0.104187260688320     
          15          16   1.48018771097030     
          11          17   1.36767933431402     
          16          17   1.32909534397733     
          17          18   1.09171498227624     
          14          19   1.04308608587794     
           3          20  0.954301268676328     
           3          21  0.995721696881884     
           4          22  0.998333091862910     
           9          23   1.00746105239123     
          10          24   1.00196891855843     
           1          25  0.973369430932540     
           1          26  0.977818088553247     
           2          27  0.973694554178451     
           2          28  0.964178727037257     
           6          29  0.976085463490155     
           6          30  0.964880952627131     
           7          31  0.971251004205360     
           7          32  0.972751971512715     
           8          33  0.975028850003178     
           8          34  0.970762938841508     
           9          35  0.961866230150519     
          12          36  0.956940024214776     
          12          37  0.960851081070646     
          15          38  0.966102545604189     
          16          39  0.967584916951977     
          18          40  0.792680217680492     
          19          41  0.894480237785248     
          20          42  0.883028628289041     
          21          43  0.980377949072331     
          21          44  0.981721432787041     
          21          45  0.980472046719326     
          22          46  0.979778410204655     
          22          47  0.964080302181934     
          22          48  0.979865474928682     
          23          49  0.980920102896933     
          23          50  0.986044505632808     
          23          51  0.984313733108817     
          24          52  0.972274871958724     
          24          53  0.973759481994297     
          24          54  0.980836695415292     
