   -0.00833748
   -0.03234686
   -0.06123853
   -0.06052492
   -0.03565904
    0.10903613
   -0.06893336
    0.00890934
   -0.48749622
    0.07925641
   -0.11269950
    0.00885030
   -0.10958658
    0.05006911
   -0.47970242
   -0.11114461
    0.04062273
    0.03890836
    0.04531304
    0.03996785
    0.04108397
    0.04245333
    0.04303318
    0.05050675
    0.30903568
    0.02848748
    0.04736099
    0.03379247
    0.03540879
    0.02914777
    0.03676173
    0.30830054
    0.05295762
    0.04479553
    0.04361043
