           1           2  0.956629974983112     
           2           3  0.990383205648630     
           3           4   1.00870564712575     
           4           5  0.977607708431663     
           1           6  0.959713172476097     
           5           6  0.973320346263033     
           1           7  0.980913461744860     
           5           8  0.995210706382681     
           7           8   1.00411847836029     
           6           9  0.982585112838108     
           1          10  0.981081605373651     
           8          11   1.93600509491557     
           2          12  0.996234303685447     
          12          13   1.92767715261003     
           2          14  0.959102969189898     
          10          15  0.991414549478312     
          12          16   1.02633579356257     
           3          17  0.973529908778087     
           3          18  0.975795572398993     
           4          19  0.971951528302289     
           4          20  0.976168724626306     
           5          21  0.963243355111985     
           6          22  0.955552702237465     
           7          23  0.957935645105445     
           7          24  0.962972720424827     
           9          25  0.884406800153653     
          10          26  0.966079855183897     
          10          27  0.967888442238797     
          11          28  0.975014669451019     
          11          29  0.974743706568674     
          13          30  0.975386092476128     
          13          31  0.974663988694428     
          15          32  0.887755619540178     
          16          33  0.967699568008723     
          16          34  0.962437613400126     
          16          35  0.982926713115717     
