$coord
 0.18704800798046 -1.22476194276643   0.19874612691998  c
-1.79715808941726  0.70360346019496   1.30571031081092  c
-0.70136788156785  3.45094749346164   1.41635221663885  c
 1.03341690775608  4.19995867231262  -0.80852189616934  c
 2.86220738545130  2.02400836490246  -1.52768420629048  c
 1.27396527387440 -0.26609291559181  -2.37803425524583  c
 2.60132924924705 -1.13473965453534   1.90874964481097  c
 4.22395394731833  0.99160193161254   0.79852571146588  c
 2.73868923621531 -2.13600428698531  -3.69486466631772  o
-0.94069934506938 -3.90190847097922  -0.01685103504971  c
 6.46003222518464  1.78129430453806   1.67485340347504  c
-4.45566197139271  0.59326985411877   0.16472596810160  c
-6.40937020584216 -0.10848137265561   1.63392160590282  c
-2.04923367256905  0.12817556245601   3.29182384200854  h
-1.75974503519711 -4.93146668120686   2.35514626448277  o
-4.92693658272727  1.36109235752114  -2.55775845911545  c
-2.26364327553316  4.81452722896577   1.59850199631839  h
 0.40036537370233  3.61389353827804   3.17520535616827  h
-0.08238658507276  4.71048456488486  -2.49376959666333  h
 2.12909664193754  5.89179333023682  -0.28469989195351  h
 4.17459783931832  2.66133967167897  -3.01214094110135  h
-0.19883786112605  0.27212026333691  -3.73262308328165  h
 3.62350023765966 -2.95083601055686   1.82529581094865  h
 2.14925069938606 -0.81810857616655   3.91366946327840  h
 4.29437752013899 -2.46185435606932  -2.74496337011224  h
 0.51948957527308 -5.19976927745867  -0.72130189571858  h
-2.49682758606153 -3.90956950252491  -1.41216842903238  h
 7.32119532238348  0.96388692425115   3.36512917301847  h
 7.51742397969846  3.28801578252601   0.73807126328079  h
-8.34521437371514 -0.15689943601518   0.91778733307888  h
-6.16136839786149 -0.61706960801875   3.62143535188930  h
-3.35111104708165 -4.10517842195375   2.80657626131273  h
-4.06191145072360  3.20196570081843  -2.99728313513307  h
-4.13507074944641 -0.01737237390099  -3.90156521117835  h
-6.96406121469449  1.50397576354622  -2.94260701799626  h
$end
