$coord
 0.02174032926594 -1.23662253533455  -0.01268591818514  c
 1.00389741014619  1.31901272111900  -1.11273951452759  c
-0.12787573035189  3.60701983440159   0.26782984063232  c
-2.96879511234225  3.36201815975304   0.71991439959717  c
-3.70358089971146  0.67670553073631   1.58515050249036  c
-1.38353991108768 -0.81611673479514   2.50170273078060  c
-2.17574810873327 -2.22347599117179  -1.65256233973641  c
-4.47423153881148 -0.86118834713801  -0.68521897294274  c
 0.10864086064328  0.29457357451700   4.39920606549275  o
 2.07390537776652 -3.27861351909567   0.23325057336411  c
-6.76978858247550 -0.97285428835491  -1.65576149488872  c
 3.85523194359975  1.52178544268829  -1.14939539257540  c
 5.12731650454996  1.23850702521789  -3.29281173124182  c
 0.36877057640658  1.40519610672296  -3.08151848666231  h
 2.97260674492833 -4.16152525769539  -2.10279740125454  o
 5.19625623865871  2.11152448947164   1.27832615456649  c
 0.80474340431407  3.82876308417501   2.08444184624546  h
 0.24732806527003  5.30209071314239  -0.84932624012843  h
-3.53306934652920  4.74393393457281   2.14437020873078  h
-4.00782020075045  3.79743997526975  -1.00954705272286  h
-5.20422694056150  0.76605177986925   3.00152988445775  h
-2.04500994842511 -2.67622345529002   3.17854899905907  h
-1.86773659309443 -1.91961864535673  -3.66514384178478  h
-2.39434177540599 -4.25890945803681  -1.37916415027767  h
-0.94845562843595  0.60956774535243   5.84571411981890  h
 1.25042331313213 -4.93396856753193   1.16067621793907  h
 3.62964042663164 -2.60103346373762   1.41805341796542  h
-7.17646766891523 -2.08249025351022  -3.31208128101531  h
-8.33216553849220  0.04105136740960  -0.83590510623075  h
 7.15799512474119  1.37733703247951  -3.36001427980769  h
 4.20073497021065  0.90712874009110  -5.07768297655516  h
 3.85614977450820 -2.78588478089118  -2.92106456935832  h
 4.17231277477832  1.36628508488600   2.89420641406852  h
 7.10221776848915  1.34106057931234   1.25857566495873  h
 5.34894542456998  4.15441583230038   1.50406321521722  h
$end