$coord
          1.817486452643          2.908630002919         -0.008780552283     c 
          4.248655017218          1.942098532538          1.245360240540     c 
          5.648960495764         -0.105334990588         -0.251480610860     c 
          4.817692177280         -2.798756503258          0.387599727739     c 
          2.212860224940         -3.579603868657         -0.599284068439     c 
          0.172634975654         -1.720182408634          0.254892815881     c 
          0.204317502412          0.803339802997         -1.177185114489     c 
         -0.002109099139          4.120669012116          1.903903322115     c 
         -2.583739470973          4.063904405111          0.607262866136     c 
         -2.575760227307          1.677261703004         -1.049711526716     c 
         -2.258801577573         -2.717676675489         -0.232558075338     o 
         -4.041482265325         -0.698451768508         -0.115020539617     c 
          0.765874706703          0.428686804491         -3.127607866593     h 
         -3.280439643615          2.147575765441         -2.930884956013     h 
          0.372103704525         -1.397052033569          2.300753442621     h 
          1.583411886022         -6.244314712052          0.316717679822     c 
         -6.204827342739         -1.366927264602         -1.912002196198     c 
         -5.076954433196         -0.504391462137          2.584982960345     c 
          2.508569321925          4.831179701106         -2.060462639491     c 
          5.502160536899          3.561745922148          1.508766816061     h 
          3.828700794695          1.204146173626          3.125778073120     h 
          5.442286600895          0.220840725655         -2.275448597882     h 
          7.662298163561          0.038950963045          0.187084679341     h 
          4.846390983801         -3.030042475184          2.440485921677     h 
          6.205461797804         -4.113184605667         -0.394989048657     h 
          2.240075863420         -3.593520469495         -2.669279720557     h 
          0.569152946777          6.030948117269          2.417431665718     h 
         -0.052161621237          2.990043184582          3.628218831062     h 
         -4.125640471217          4.097583790163          1.963220653136     h 
         -2.792494577532          5.724299785858         -0.596258022686     h 
          1.544667039163         -6.302492997906          2.371387662807     h 
         -0.263050121435         -6.801626880757         -0.381881269989     h 
          2.991467441546         -7.584098219189         -0.352607345974     h 
         -7.125246552740         -3.089898286070         -1.279011121336     h 
         -5.470178653753         -1.686104582047         -3.803521060028     h 
         -7.582838717226          0.155132682003         -1.964616140342     h 
         -3.620308175381          0.085240120293          3.905416560042     h 
         -6.652192175838          0.809237804547          2.676516366561     h 
         -5.742135646765         -2.364924502994          3.151512259808     h 
          3.388291887290          6.490274069409         -1.221882032116     h 
          3.833608064709          4.013409656716         -3.401923726840     h 
          0.841318123338          5.433313419021         -3.096056455824     h 
$end
