   -0.00857684
   -0.03288057
   -0.06039313
   -0.05779132
   -0.03662983
    0.10702796
   -0.06884190
    0.00881030
   -0.48468736
    0.08269043
   -0.11270296
    0.01212939
   -0.11506034
    0.04585270
   -0.47962423
   -0.11202507
    0.04043668
    0.04119870
    0.03850356
    0.04104292
    0.04122780
    0.04743038
    0.04912718
    0.05223603
    0.30965810
    0.04887274
    0.02050082
    0.03354789
    0.03428049
    0.03213188
    0.02468194
    0.31050525
    0.05367693
    0.04801251
    0.04563099
