           1           2  0.962000236452248     
           2           3  0.980261155932374     
           3           4   1.00865122501445     
           4           5  0.978828634076868     
           1           6  0.958198049720761     
           5           6  0.972263130625341     
           1           7  0.982123854126887     
           5           8  0.994852295098887     
           7           8   1.00685653208749     
           6           9  0.986925013622456     
           1          10  0.976753051993943     
           8          11   1.93516751048496     
           2          12  0.998862763772865     
          12          13   1.92168038166992     
           2          14  0.958883336759242     
          10          15  0.996453108559873     
          12          16   1.02702486585836     
           3          17  0.975827001046171     
           3          18  0.977143189291459     
           4          19  0.970593804144125     
           4          20  0.975532317384680     
           5          21  0.962859719560176     
           6          22  0.955640508339368     
           7          23  0.956183236181246     
           7          24  0.963375715607157     
           9          25  0.883469842215476     
          10          26  0.968493856522197     
          10          27  0.967561953555238     
          11          28  0.975134756920313     
          11          29  0.974898517442847     
          13          30  0.975294448563433     
          13          31  0.972519826170274     
          15          32  0.881288272543883     
          16          33  0.968831483782941     
          16          34  0.961266802247932     
          16          35  0.981986007719000     
