$coord
 0.20297993607690 -1.23744067801449   0.19195899713889  c
-1.75842937372353  0.70831878281194   1.30390920392080  c
-0.66722560565817  3.45936816351028   1.36430910442536  c
 1.06202910540511  4.17448807180255  -0.87755581444594  c
 2.88232882532273  1.98253875371163  -1.56132024988897  c
 1.28277781257702 -0.29457959062963  -2.39467496422003  c
 2.63571316767571 -1.17219284531201   1.86817619834426  c
 4.22335764133433  0.98747463981352   0.79049878265660  c
 2.95695396926807 -2.09273433416989  -3.55351495276831  o
-0.95657655972065 -3.90465032520063   0.00592273091606  c
 6.39526681470580  1.87107007988829   1.73465088487748  c
-4.43312717973097  0.59067277214582   0.20491619787019  c
-6.36943230043811 -0.07783674612125   1.71275820662215  c
-1.98208477002230  0.15570711277547   3.29951753877455  h
-1.80519750429299 -4.89601153846537   2.37880291453177  o
-4.93600641777121  1.32217744652433  -2.52151160735744  c
-2.23225421759673  4.82241489787257   1.52771499276432  h
 0.43974254324838  3.65364991141634   3.11633152602989  h
-0.05757351050074  4.66659342780099  -2.56630466684742  h
 2.16280123794461  5.87070331113809  -0.37914455053084  h
 4.20471482830584  2.58670846362937  -3.05042161894914  h
-0.19910963796730  0.26079319619380  -3.74544577302116  h
 3.67108822765395 -2.97099338391790   1.68910419751384  h
 2.21108755870175 -0.92130629529848   3.88877621186347  h
 1.93949082902593 -3.42848828846071  -4.32452413210797  h
 0.49862323005778 -5.23452125012481  -0.65710397439480  h
-2.50274143763323 -3.91707966809904  -1.40279424564691  h
 7.23424386597506  1.09411743613160   3.45517758037741  h
 7.42742759548287  3.40665458830389   0.81608046665029  h
-8.31607379743249 -0.12362368682922   1.02599698340719  h
-6.09379793115787 -0.55165260065265   3.70556162663495  h
-3.41033563661832 -4.07625984751816   2.78764263040217  h
-4.06780002024695  3.15342685298610  -2.99471385005823  h
-4.16255544197496 -0.07564465432944  -3.85651513979220  h
-6.97675277234486  1.46819969979268  -2.88560582682774  h
$end
