           1           2  0.961305243380580     
           2           3  0.979584390692667     
           3           4   1.00848339728463     
           4           5  0.979778748739153     
           1           6  0.959982986799010     
           5           6  0.979044195063072     
           1           7  0.982505844878443     
           5           8  0.994038078541655     
           7           8   1.00779796583475     
           6           9  0.977117085950545     
           1          10  0.976438466810405     
           8          11   1.93658503007520     
           2          12  0.998600639791366     
          12          13   1.92021969710816     
           2          14  0.958784108083188     
          10          15  0.996414167908963     
          12          16   1.02660071282090     
           3          17  0.975761247703078     
           3          18  0.976925541220783     
           4          19  0.970679019052894     
           4          20  0.975455416356060     
           5          21  0.962147774545441     
           6          22  0.956640841685338     
           7          23  0.956472785830011     
           7          24  0.965700743185783     
           9          25  0.890105954123149     
          10          26  0.967948174612236     
          10          27  0.967753348684371     
          11          28  0.975197294415082     
          11          29  0.975040478550742     
          13          30  0.975104044857962     
          13          31  0.971586420612423     
          15          32  0.876422901173758     
          16          33  0.968646912243896     
          16          34  0.962493209382615     
          16          35  0.981907345598557     
