$coord
-0.03355419762559 -1.07469951252442   0.53982920272146  c
-1.93892249638051  1.10528957616641   1.29421673819786  c
-0.65021519621619  3.75619599563513   1.13982214779586  c
 1.09707262027038  4.12298842794119  -1.16784698576196  c
 2.78947997550977  1.76867248202936  -1.58480100725487  c
 1.10636819195801 -0.54580912600170  -2.12782497700106  c
 2.36990610321297 -0.86867379206956   2.24589946183398  c
 4.08987971351238  1.00973350123708   0.87696547376689  c
 2.70864514052209 -2.53764448696974  -3.02669239195642  o
-1.42203346605151 -3.63287037484382   0.78552272470434  c
 6.32714823738471  1.85054710541248   1.69680030427133  c
-4.52525744036346  1.01528647175688  -0.02675115287186  c
-4.97603493819516  1.76021582962657  -2.41178163104448  c
-2.33771730861044  0.78065507172065   3.31630325042431  h
 0.05653789783492 -5.82395793206315   0.09373398105048  o
-6.69200324480553  0.12489982355940   1.63254236991199  c
-2.11428676944982  5.23306914917091   1.18013642371207  h
 0.48750263863941  4.02127980534328   2.86295370714894  h
-0.00693346322013  4.48175351890913  -2.89778416436977  h
 2.29026899247519  5.80301656792727  -0.86677896389920  h
 4.14020163654757  2.11890604338184  -3.12856783177618  h
-0.37544861370708 -0.13854353677570  -3.53740154968242  h
 3.33851301078593 -2.70633776796728   2.40479688000403  h
 1.91060800476589 -0.27046276449545   4.18661640096063  h
 1.97409521789747 -4.14592449908633  -2.44827553994210  h
-3.05102745822274 -3.67160703849326  -0.50349427783169  h
-2.14747026021932 -3.84928836206651   2.73244722897339  h
 7.12209975839897  1.25453635019879   3.50784593346628  h
 7.45462713588386  3.17794863881765   0.58696234353780  h
-6.88429497136234  1.69137982900002  -3.19748825262623  h
-3.51587248259948  2.47624920038501  -3.67308859415044  h
 1.27289683509191 -6.16936441972147   1.44460000518627  h
-6.91117477393076  1.38776660636473   3.27860544752151  h
-8.49513248726339  0.08849194778883   0.60051274609450  h
-6.34319857902742 -1.78149231937095   2.39725483123855  h
$end
