*************************************************
******************* ORCA 6.1.1 ******************
*************************************************
$Calculation_Status
   &GeometryIndex 1
   &version [&Type "String"] "6.1.1"
   &progName [&Type "String"] "LeanSCF"
   &Status [&Type "String"] "NORMAL TERMINATION"
$End
$Geometry
   &GeometryIndex 1
   &NAtoms [&Type "Integer"] 35
   &NCorelessECP [&Type "Integer"] 0
   &NGhostAtoms [&Type "Integer"] 0
   &CartesianCoordinates [&Type "Coordinates", &Dim(35,4), &Units "Bohr"] 
              C     -0.033554197765   -1.074699517251    0.539829205074
              C     -1.938922504989    1.105289581120    1.294216743953
              C     -0.650215199187    3.756196012458    1.139822152843
              C      1.097072625189    4.122988446364   -1.167846990964
              C      2.789479988078    1.768672489896   -1.584801014379
              C      1.106368196924   -0.545809128530   -2.127824986487
              C      2.369906113736   -0.868673796018    2.245899471971
              C      4.089879731882    1.009733505750    0.876965477767
              O      2.708645152736   -2.537644498360   -3.026692405452
              C     -1.422033472336   -3.632870391142    0.785522728266
              C      6.327148265807    1.850547113784    1.696800311912
              C     -4.525257460715    1.015286476388   -0.026751153069
              C     -4.976034960499    1.760215837512   -2.411781641919
              H     -2.337717319070    0.780655075125    3.316303265286
              O      0.056537898138   -5.823957958055    0.093733981400
              C     -6.692003274813    0.124899824035    1.632542377204
              H     -2.114286778893    5.233069172605    1.180136428979
              H      0.487502640805    4.021279823325    2.862953719921
              H     -0.006933463200    4.481753538893   -2.897784177301
              H      2.290269002691    5.803016593940   -0.866778967812
              H      4.140201655015    2.118906052855   -3.128567845767
              H     -0.375448615480   -0.138543537307   -3.537401565562
              H      3.338513025675   -2.706337780119    2.404796890796
              H      1.910608013236   -0.270462765696    4.186616419700
              H      1.974095226731   -4.145924517702   -2.448275550948
              H     -3.051027471850   -3.671607054925   -0.503494280028
              H     -2.147470269838   -3.849288379301    2.732447241152
              H      7.122099790366    1.254536355851    3.507845949117
              H      7.454627169361    3.177948652971    0.586962346126
              H     -6.884295002242    1.691379836587   -3.197488266994
              H     -3.515872498321    2.476249211506   -3.673088610608
              H      1.272896840860   -6.169364447286    1.444600011697
              H     -6.911174804843    1.387766612548    3.278605462192
              H     -8.495132525344    0.088491948190    0.600512748878
              H     -6.343198607482   -1.781492327360    2.397254842051
$End
$SCF_Energy
   &GeometryIndex 1
   &Method [&Type "String"] "SCF"
   &totalEnergy [&Type "ArrayOfDoubles", &Dim (1,1)] "Total energy of each state"
                                                         0

0                                     -6.5777131491170553e+02
   &Mult [&Type "ArrayOfIntegers", &Dim (1,1)] "Multiplicity of each state"
                                                         0

0                                                        1
$End
$DFT_Energy
   &GeometryIndex 1
   &nAlphaEl [&Type "Integer"] 57
   &nBetaEl [&Type "Integer"] 57
   &nTotalEl [&Type "Integer"] 114
   &finalEn [&Type "Double"]      -6.5777131491170553e+02  "No Van der Waals correction"
   &eExchange [&Type "Double"]      -9.1091605915110080e+01
   &eCorr [&Type "Double"]      -4.0414993887391759e+00
   &eXC [&Type "Double"]      -9.5133105303849248e+01
   &eCNL [&Type "Double"]       0.0000000000000000e+00
$End
$Solvation_Details
   &GeometryIndex 1
   &Solvent [&Type "String"] "CHLOROFORM"
   &Epsilon [&Type "Double"]       4.8029999999999999e+00
   &Refrac [&Type "Double"]       1.4459000000000000e+00
   &RSolv [&Type "Double"]       1.3000000000000000e+00
   &SurfaceType [&Type "String"] "GAUSSIAN VDW"
   &CPCMDielEnergy [&Type "Double"]      -1.3903221000000000e-02
   &NPoints [&Type "Integer"] 2603
   &SurfaceArea [&Type "Double"]       9.1292788593600005e+02
$End
$SCF_Timings
   &GeometryIndex 1
   &TOTAL [&Type "Double"]       1.4820964999999999e+01
   &PREP [&Type "Double"]       5.2770299999999992e-01
   &FOCK [&Type "Double"]       1.1047907999999998e+01
   &DENS [&Type "Double"]       1.9558400000000020e-01
   &ETOT [&Type "Double"]       1.1307599999999929e-01
   &POP [&Type "Double"]       1.0000000010279564e-06
   &TRAFO [&Type "Double"]       3.7722900000000070e-01
   &DIIS [&Type "Double"]       1.5841909999999984e+00
   &SOSCF [&Type "Double"]       7.4664799999999776e-01
   &XC [&Type "Double"]       3.8841149999999982e+00
   &FOCKSTART [&Type "Double"]       2.9537999999998288e-02
   &SOLV [&Type "Double"]       4.5678509999999992e+00
   &SOLV_INIT [&Type "Double"]       2.7030100000000001e-01
   &INT_BF [&Type "Double"]       1.1324189999999947e+00
   &INT_DENS [&Type "Double"]       9.3389700000002129e-01
   &INT_DENSIO [&Type "Double"]       1.9832078615000013e+04
   &INT_FUNC [&Type "Double"]       3.5096599999998801e-01
   &INT_POT [&Type "Double"]       8.3176499999996700e-01
   &INT_POTIO [&Type "Double"]       1.3662000000004393e-02
   &INT_SUM [&Type "Double"]       1.4269999999998451e-03
   &SPLITRIJ [&Type "Double"]       3.1303079999999999e+00
$End
$Single_Point_Data
   &GeometryIndex 1
   &FinalEnergy [&Type "Double"]      -6.5777131491170553e+02  "Final single point energy"
   &Converged [&Type "Boolean"] true
$End
$Calculation_Info
   &GeometryIndex 1
   &Mult [&Type "Integer"] 1
   &Charge [&Type "Integer"] 0
   &NumOfAtoms [&Type "Integer"] 35
   &NumOfElectrons [&Type "Integer"] 114
   &NumOfBasisFuncts [&Type "Integer"] 605
   &NumOfAuxCBasisFuncts [&Type "Integer"] 0
   &NumOfAuxJBasisFuncts [&Type "Integer"] 955
   &NumOfAuxJKBasisFuncts [&Type "Integer"] 0
   &NumOfCABSBasisFuncts [&Type "Integer"] 0
$End
$SCF_Dipole_Moment
   &GeometryIndex 1
   &dipoleMagnitude [&Type "Double", &Units "a.u."]       1.6535981421948653e+00
   &dipoleElecContrib [&Type "ArrayOfDoubles", &Dim (3,1)] "Electronic contribution"
                                                         0

0                                      5.3066699004274058e+00
1                                     -4.6163038872103614e+00
2                                     -2.8375730735220306e+00
   &dipoleNucContrib [&Type "ArrayOfDoubles", &Dim (3,1)] "Nuclear contribution"
                                                         0

0                                     -6.1469087810868004e+00
1                                      4.7480603079221417e+00
2                                      4.2556794464361989e+00
   &dipoleTotal [&Type "ArrayOfDoubles", &Dim (3,1)] "Total"
                                                         0

0                                     -8.4023888065939456e-01
1                                      1.3175642071178029e-01
2                                      1.4181063729141683e+00
   &doAtomicDipole [&Type "Boolean"] false
   &Method [&Type "String"] "SCF"
   &Level [&Type "String"] "Relaxed density"
   &Mult [&Type "Integer"] 1
   &State [&Type "Integer"] -1
   &Irrep [&Type "Integer"] 0
$End
$SCF_Spin_Spin_Coupling
   &GeometryIndex 1
   &numOfNucPairs [&Type "Integer"] 187 "Number of nuclei pairs to calculate"
   &numOfNucPairsDSO [&Type "Integer"] 0 "number of nuclear pairs to calculate DSO"
   &numOfNucPairsPSO [&Type "Integer"] 0 "number of nuclear pairs to calculate PSO"
   &numOfNucPairsFC [&Type "Integer"] 187 "number of nuclear pairs to calculate FC"
   &numOfNucPairsSD [&Type "Integer"] 0 "number of nuclear pairs to calculate SD"
   &numOfNucPairsSD_FC [&Type "Integer"] 0 "number of nuclear pairs to calculate SD/FC"
   &pairsInfo [&Type "ArrayOfIntegers", &Dim (187,4)] "Pairs Info: Col1->Index of A. Col2->Atom. Num. of A.  Col3->Index of B. Col4->Atom. Num. of B."
                                                         0                           1                           2                           3

0                                                       13                           1                          16                           1
1                                                       13                           1                          17                           1
2                                                       13                           1                          18                           1
3                                                       13                           1                          19                           1
4                                                       13                           1                          20                           1
5                                                       13                           1                          21                           1
6                                                       13                           1                          22                           1
7                                                       13                           1                          23                           1
8                                                       13                           1                          24                           1
9                                                       13                           1                          25                           1
10                                                      13                           1                          26                           1
11                                                      13                           1                          27                           1
12                                                      13                           1                          28                           1
13                                                      13                           1                          29                           1
14                                                      13                           1                          30                           1
15                                                      13                           1                          31                           1
16                                                      13                           1                          32                           1
17                                                      13                           1                          33                           1
18                                                      13                           1                          34                           1
19                                                      16                           1                          17                           1
20                                                      16                           1                          18                           1
21                                                      16                           1                          19                           1
22                                                      16                           1                          20                           1
23                                                      16                           1                          21                           1
24                                                      16                           1                          22                           1
25                                                      16                           1                          23                           1
26                                                      16                           1                          24                           1
27                                                      16                           1                          25                           1
28                                                      16                           1                          26                           1
29                                                      16                           1                          27                           1
30                                                      16                           1                          28                           1
31                                                      16                           1                          29                           1
32                                                      16                           1                          30                           1
33                                                      16                           1                          31                           1
34                                                      16                           1                          32                           1
35                                                      16                           1                          33                           1
36                                                      16                           1                          34                           1
37                                                      17                           1                          18                           1
38                                                      17                           1                          19                           1
39                                                      17                           1                          20                           1
40                                                      17                           1                          21                           1
41                                                      17                           1                          22                           1
42                                                      17                           1                          23                           1
43                                                      17                           1                          24                           1
44                                                      17                           1                          25                           1
45                                                      17                           1                          26                           1
46                                                      17                           1                          27                           1
47                                                      17                           1                          28                           1
48                                                      17                           1                          29                           1
49                                                      17                           1                          30                           1
50                                                      17                           1                          31                           1
51                                                      17                           1                          32                           1
52                                                      17                           1                          33                           1
53                                                      17                           1                          34                           1
54                                                      18                           1                          19                           1
55                                                      18                           1                          20                           1
56                                                      18                           1                          21                           1
57                                                      18                           1                          22                           1
58                                                      18                           1                          23                           1
59                                                      18                           1                          24                           1
60                                                      18                           1                          25                           1
61                                                      18                           1                          26                           1
62                                                      18                           1                          27                           1
63                                                      18                           1                          28                           1
64                                                      18                           1                          29                           1
65                                                      18                           1                          30                           1
66                                                      18                           1                          31                           1
67                                                      18                           1                          32                           1
68                                                      18                           1                          33                           1
69                                                      18                           1                          34                           1
70                                                      19                           1                          20                           1
71                                                      19                           1                          21                           1
72                                                      19                           1                          22                           1
73                                                      19                           1                          23                           1
74                                                      19                           1                          24                           1
75                                                      19                           1                          25                           1
76                                                      19                           1                          26                           1
77                                                      19                           1                          27                           1
78                                                      19                           1                          28                           1
79                                                      19                           1                          29                           1
80                                                      19                           1                          30                           1
81                                                      19                           1                          31                           1
82                                                      19                           1                          32                           1
83                                                      19                           1                          33                           1
84                                                      19                           1                          34                           1
85                                                      20                           1                          21                           1
86                                                      20                           1                          22                           1
87                                                      20                           1                          23                           1
88                                                      20                           1                          24                           1
89                                                      20                           1                          25                           1
90                                                      20                           1                          26                           1
91                                                      20                           1                          27                           1
92                                                      20                           1                          28                           1
93                                                      20                           1                          29                           1
94                                                      20                           1                          30                           1
95                                                      20                           1                          31                           1
96                                                      20                           1                          32                           1
97                                                      20                           1                          33                           1
98                                                      20                           1                          34                           1
99                                                      21                           1                          22                           1
100                                                     21                           1                          23                           1
101                                                     21                           1                          24                           1
102                                                     21                           1                          25                           1
103                                                     21                           1                          26                           1
104                                                     21                           1                          27                           1
105                                                     21                           1                          28                           1
106                                                     21                           1                          29                           1
107                                                     21                           1                          30                           1
108                                                     21                           1                          31                           1
109                                                     21                           1                          32                           1
110                                                     21                           1                          33                           1
111                                                     21                           1                          34                           1
112                                                     22                           1                          23                           1
113                                                     22                           1                          24                           1
114                                                     22                           1                          25                           1
115                                                     22                           1                          26                           1
116                                                     22                           1                          27                           1
117                                                     22                           1                          28                           1
118                                                     22                           1                          29                           1
119                                                     22                           1                          30                           1
120                                                     22                           1                          31                           1
121                                                     22                           1                          32                           1
122                                                     22                           1                          33                           1
123                                                     22                           1                          34                           1
124                                                     23                           1                          24                           1
125                                                     23                           1                          25                           1
126                                                     23                           1                          26                           1
127                                                     23                           1                          27                           1
128                                                     23                           1                          28                           1
129                                                     23                           1                          29                           1
130                                                     23                           1                          30                           1
131                                                     23                           1                          31                           1
132                                                     23                           1                          32                           1
133                                                     23                           1                          33                           1
134                                                     23                           1                          34                           1
135                                                     24                           1                          25                           1
136                                                     24                           1                          26                           1
137                                                     24                           1                          27                           1
138                                                     24                           1                          28                           1
139                                                     24                           1                          29                           1
140                                                     24                           1                          30                           1
141                                                     24                           1                          31                           1
142                                                     24                           1                          32                           1
143                                                     24                           1                          33                           1
144                                                     24                           1                          34                           1
145                                                     25                           1                          26                           1
146                                                     25                           1                          27                           1
147                                                     25                           1                          28                           1
148                                                     25                           1                          29                           1
149                                                     25                           1                          30                           1
150                                                     25                           1                          31                           1
151                                                     25                           1                          32                           1
152                                                     25                           1                          33                           1
153                                                     25                           1                          34                           1
154                                                     26                           1                          27                           1
155                                                     26                           1                          28                           1
156                                                     26                           1                          29                           1
157                                                     26                           1                          30                           1
158                                                     26                           1                          31                           1
159                                                     26                           1                          32                           1
160                                                     26                           1                          33                           1
161                                                     26                           1                          34                           1
162                                                     27                           1                          28                           1
163                                                     27                           1                          30                           1
164                                                     27                           1                          31                           1
165                                                     27                           1                          32                           1
166                                                     27                           1                          34                           1
167                                                     28                           1                          29                           1
168                                                     28                           1                          30                           1
169                                                     28                           1                          31                           1
170                                                     28                           1                          32                           1
171                                                     28                           1                          34                           1
172                                                     29                           1                          30                           1
173                                                     29                           1                          31                           1
174                                                     29                           1                          32                           1
175                                                     29                           1                          33                           1
176                                                     29                           1                          34                           1
177                                                     30                           1                          31                           1
178                                                     30                           1                          32                           1
179                                                     30                           1                          33                           1
180                                                     30                           1                          34                           1
181                                                     31                           1                          32                           1
182                                                     31                           1                          33                           1
183                                                     31                           1                          34                           1
184                                                     32                           1                          33                           1
185                                                     32                           1                          34                           1
186                                                     33                           1                          34                           1
   &pairsDistances [&Type "ArrayOfDoubles", &Dim (187,1)] "The distances of each pair"
                                                         0

0                                      2.6159302062063441e+00
1                                      2.2876767340350312e+00
2                                      4.0212442410153706e+00
3                                      4.2380635945268272e+00
4                                      4.8871087666228368e+00
5                                      3.8037754831476946e+00
6                                      3.5580843705376957e+00
7                                      2.3612549878885605e+00
8                                      4.6160902512736106e+00
9                                      3.1271777488257109e+00
10                                     2.4715158029209805e+00
11                                     5.0132214354771101e+00
12                                     5.5269596525760800e+00
13                                     4.2311107627367974e+00
14                                     3.8566341963212958e+00
15                                     4.2611936471828482e+00
16                                     2.4414815873204505e+00
17                                     3.5800068152597815e+00
18                                     2.5627222124856646e+00
19                                     1.7606271785472019e+00
20                                     2.4613766229287797e+00
21                                     2.5878234120770842e+00
22                                     4.3438187326882680e+00
23                                     3.8934263354946190e+00
24                                     5.1378447589043219e+00
25                                     3.9432602491062774e+00
26                                     5.7445778345878136e+00
27                                     4.8211893041883993e+00
28                                     4.8759017623621110e+00
29                                     5.4625287649189991e+00
30                                     5.1886220601382496e+00
31                                     3.9051750564610894e+00
32                                     3.0453351624376164e+00
33                                     6.2960624124803424e+00
34                                     3.4376183492117889e+00
35                                     4.3482086083941356e+00
36                                     4.3819306459953538e+00
37                                     3.0693466072264282e+00
38                                     2.3863168845412108e+00
39                                     3.8473609292838473e+00
40                                     4.0651475474245133e+00
41                                     3.8741773770058594e+00
42                                     2.4931136262856302e+00
43                                     5.2150767099831228e+00
44                                     4.8220407764213578e+00
45                                     4.3926795112867891e+00
46                                     3.8192019034581639e+00
47                                     3.9041720549742025e+00
48                                     5.1983625895992303e+00
49                                     4.1375425326619037e+00
50                                     5.4604780976140121e+00
51                                     4.1616544673687565e+00
52                                     5.3253528003395534e+00
53                                     4.7492738950969473e+00
54                                     1.7668384141292834e+00
55                                     2.5287273743631484e+00
56                                     2.4759646207280626e+00
57                                     5.0474195677712705e+00
58                                     4.6268749827630611e+00
59                                     4.6904138008954908e+00
60                                     4.7765805262954641e+00
61                                     5.4401801112442021e+00
62                                     5.3515004075525869e+00
63                                     4.4121529020125037e+00
64                                     3.9306900352683858e+00
65                                     2.1777296283171901e+00
66                                     6.1243107532749441e+00
67                                     5.1683330203037938e+00
68                                     5.3858790090504014e+00
69                                     5.4844295273974533e+00
70                                     2.4882928703737899e+00
71                                     3.7246111500574073e+00
72                                     4.8560806823228866e+00
73                                     4.1857916822421108e+00
74                                     5.3334795715676568e+00
75                                     5.7587979771378119e+00
76                                     5.9356359465350490e+00
77                                     4.2059637153608183e+00
78                                     3.1606962504487628e+00
79                                     5.4613135687387180e+00
80                                     3.8398738443571916e+00
81                                     6.4749200016617845e+00
82                                     5.8292469520925074e+00
83                                     6.5055149253813518e+00
84                                     6.3217400613111305e+00
85                                     2.6802875764044582e+00
86                                     3.9081737055098587e+00
87                                     4.2397660755258286e+00
88                                     3.5261995066628806e+00
89                                     5.0794074239172131e+00
90                                     5.5375723833317396e+00
91                                     3.8771337253300810e+00
92                                     2.6937226301926724e+00
93                                     5.8384113294586646e+00
94                                     4.0660534727292577e+00
95                                     5.2340609515891066e+00
96                                     6.7709739836748790e+00
97                                     7.0537613505886014e+00
98                                     6.6019921364145295e+00
99                                     3.9492648157072887e+00
100                                    4.2632084297986808e+00
101                                    2.5248826436073086e+00
102                                    2.8421227254948005e+00
103                                    3.9677949888255650e+00
104                                    5.4940067764480363e+00
105                                    5.0012029527309982e+00
106                                    3.5823867292630758e+00
107                                    2.1636692785815197e+00
108                                    4.2303798701624071e+00
109                                    5.0619690866919855e+00
110                                    4.8240285049325733e+00
111                                    4.5377822639705814e+00
112                                    1.7667927088568947e+00
113                                    2.7743402996755639e+00
114                                    3.7499264625099431e+00
115                                    2.9704571329913496e+00
116                                    2.9568067122723862e+00
117                                    3.9199047683867674e+00
118                                    6.5931174227135338e+00
119                                    5.5697629709884975e+00
120                                    2.1934572080288248e+00
121                                    5.8588624269351319e+00
122                                    6.5048274308969072e+00
123                                    5.1466649049217148e+00
124                                    4.0662379516730569e+00
125                                    4.0364376068360848e+00
126                                    2.9648378075499044e+00
127                                    2.8958130971917653e+00
128                                    3.9453061900176007e+00
129                                    6.1649518930862568e+00
130                                    5.2590226426001401e+00
131                                    3.4588266951380353e+00
132                                    4.7742830118141564e+00
133                                    5.8274022580700757e+00
134                                    4.5401538413106000e+00
135                                    2.8624040646558471e+00
136                                    3.5067796943707452e+00
137                                    5.0519745174423418e+00
138                                    5.1001268525946584e+00
139                                    5.6278815678846899e+00
140                                    4.5978495202337646e+00
141                                    2.3511474063449764e+00
142                                    6.3140161232491048e+00
143                                    6.1900190975402243e+00
144                                    5.2451867932585534e+00
145                                    1.7803729567527722e+00
146                                    6.3468239637793786e+00
147                                    6.6616304395108088e+00
148                                    3.7684392493533139e+00
149                                    3.6684824307793660e+00
150                                    2.8364187052571506e+00
151                                    3.9174227016532774e+00
152                                    3.5496493930164887e+00
153                                    2.5281864070933961e+00
154                                    5.6146474659493188e+00
155                                    6.3981319428163577e+00
156                                    4.9725948524062051e+00
157                                    4.8185889824282624e+00
158                                    2.2908065223589218e+00
159                                    3.7574531160797044e+00
160                                    4.1107252151450346e+00
161                                    2.4816250679894440e+00
162                                    1.8590357858421007e+00
163                                    6.8225875272909775e+00
164                                    5.1192107011943264e+00
165                                    7.4274144461235601e+00
166                                    7.3280085260127175e+00
167                                    7.8869889500280630e+00
168                                    6.2387340008262404e+00
169                                    5.9475750392807960e+00
170                                    7.7921404254493529e+00
171                                    7.8177441041075051e+00
172                                    1.8474641022479308e+00
173                                    6.4784791348699367e+00
174                                    3.4307947854786938e+00
175                                    2.3421014286099675e+00
176                                    3.4963670359948757e+00
177                                    5.8895707867851765e+00
178                                    4.1343244942289585e+00
179                                    3.6950851033663175e+00
180                                    4.1992539051084758e+00
181                                    5.9741466626131610e+00
182                                    6.1550304184694022e+00
183                                    4.6785335645203583e+00
184                                    1.7842939969221316e+00
185                                    1.7664992667522699e+00
186                                    1.7832520477754557e+00
   &pairsTotalSSCIso [&Type "ArrayOfDoubles", &Dim (187,1)] "The Spin-Spin coupling constant for each pair"
                                                         0

0                                      7.5941667093043574e-01
1                                      7.7645141169246035e+00
2                                     -5.8587042739669348e-01
3                                      8.8221602875153704e-01
4                                      1.9137528299520473e-01
5                                     -3.7369227346212203e-01
6                                     -3.0569904484415505e-01
7                                     -4.4798857096124822e-01
8                                      8.8455984263816692e-02
9                                     -2.2833144482679868e-01
10                                    -2.5035880363902219e-01
11                                     1.2089520697326378e-02
12                                     3.0054581484023998e-02
13                                     1.4020221207430241e+00
14                                    -2.7922000677974168e-01
15                                     3.2090603146621099e-02
16                                    -3.9508771918055463e-01
17                                     1.0322110380550069e+00
18                                    -4.4198090091002529e-01
19                                    -1.4689897971141002e+01
20                                     5.7620715497085975e+00
21                                     1.2213449596807111e+00
22                                     5.1803097685872723e-01
23                                     7.5646209412802978e-02
24                                    -6.4696000371605972e-02
25                                    -5.6238716610145435e-02
26                                     3.6172003484782896e-02
27                                    -3.0066607980798805e-02
28                                    -9.0460082644097280e-03
29                                    -5.9592716915058807e-03
30                                     1.4970547772210714e-02
31                                     1.7026060193136519e-01
32                                     4.3189207037837414e-02
33                                    -5.0824306751838168e-02
34                                     6.7397341941866598e-02
35                                     6.5691867156635497e-02
36                                    -3.5054776808732396e-02
37                                     1.3799225773739900e+01
38                                     6.3869673915615266e+00
39                                    -5.3356286734617364e-01
40                                    -2.4363029245508790e-03
41                                     3.9754130512938796e-01
42                                    -1.0681202417989358e-01
43                                    -2.6058537274016185e-03
44                                     1.2268225399440510e-01
45                                     5.9597824894745854e-02
46                                    -4.2095089047388803e-02
47                                    -2.3507466653047683e-02
48                                    -1.7632768281780514e-01
49                                    -2.4904681810329579e-01
50                                     1.2389555902771316e-02
51                                    -1.6172038345438336e-01
52                                     5.0711157382681372e-02
53                                    -1.6242997320858243e-01
54                                    -1.3776710496079446e+01
55                                     2.2679522979979252e+00
56                                    -2.4791065341639132e-01
57                                    -3.9523781399003194e-01
58                                    -5.8681189679712878e-02
59                                     1.2456804610296401e-01
60                                     1.2786441499830453e-03
61                                     1.6937589720021285e-02
62                                     1.1116984188705284e-01
63                                    -6.2884738619411157e-02
64                                     6.5457213641175765e-02
65                                    -4.9163500494164430e-01
66                                    -1.8517721668917559e-03
67                                    -1.7445964044731789e-02
68                                    -5.1066387677891935e-03
69                                    -3.1997022132413899e-02
70                                     4.7516177836965134e+00
71                                    -1.7705549206184118e-01
72                                     1.2914577709663783e-01
73                                     5.7748400757324181e-02
74                                     6.8470835372950245e-01
75                                    -6.1865442225463602e-03
76                                    -3.0287411982604512e-02
77                                     1.1947360790246067e-01
78                                     7.8520505750326500e-02
79                                     6.1445164687283518e-02
80                                    -4.6889326285699542e-02
81                                    -9.2379237636719879e-04
82                                    -6.2371355613010895e-02
83                                     5.3543099897586467e-02
84                                     1.2342099501395743e-02
85                                     8.9344354909039070e-01
86                                     3.3101024700081438e-01
87                                    -1.3284497394323831e+00
88                                     1.5899922482437651e-01
89                                    -3.2071809954759098e-02
90                                     7.8619384095303713e-01
91                                    -1.1506884579871115e+00
92                                    -1.0578225890114594e+00
93                                     1.9883632849697470e-02
94                                     1.6002211696958306e-02
95                                     3.4406552493381815e-03
96                                    -5.4223495299977904e-03
97                                    -1.1131328840554778e-02
98                                     2.5955644718026237e-03
99                                    -6.1014185948517030e-01
100                                    1.0838429373643053e+00
101                                   -5.0344770148316753e-01
102                                   -2.0252294979452806e-01
103                                   -5.0749669876834214e-01
104                                    8.4310747632245508e-01
105                                    2.4911257864215630e-01
106                                    3.7018771917439713e-02
107                                   -5.7139496878817519e-01
108                                   -7.3634754965859967e-03
109                                    3.3818229569271149e-02
110                                   -2.4132106855747110e-03
111                                    2.8035036515189963e-02
112                                   -1.8181715394586512e+01
113                                   -4.6233301703796560e-02
114                                   -1.7083347611927052e-01
115                                   -2.4829323092094124e-01
116                                   -2.5500348951685048e+00
117                                   -3.0030263604401677e+00
118                                   -3.9367069929878470e-02
119                                   -5.4984890559093627e-02
120                                   -2.0572542840933927e-01
121                                   -2.9842142534465467e-02
122                                    1.1404146556275421e-01
123                                   -6.8327948175436443e-02
124                                    8.5953325214193528e-03
125                                   -5.5677997745446128e-01
126                                   -2.1398623017516363e-01
127                                   -2.0053241416186585e+00
128                                   -2.3513387092846796e+00
129                                    7.2608767673579375e-04
130                                   -2.4755123402905411e-02
131                                    1.4945667731445005e-02
132                                   -4.1268092114985196e-03
133                                    2.8037609413282802e-02
134                                   -1.6905046719242360e-02
135                                    5.5091255418994650e-02
136                                    4.7675410694843406e-02
137                                    2.2084661850639209e-03
138                                   -9.3143951868688221e-03
139                                   -1.9704764991196130e-04
140                                    1.3275905559407878e-03
141                                    9.4876217518271980e-02
142                                   -5.8822450799740655e-04
143                                   -3.1854839367226506e-03
144                                   -5.6170363074415893e-04
145                                   -1.2622457613092759e+01
146                                    4.1613947209230957e-02
147                                    2.9683898518190832e-01
148                                   -1.1416866938339017e-02
149                                   -4.6526435010755453e-03
150                                    1.4415373891356317e+01
151                                    7.9274098242468588e-02
152                                   -7.2454850574348853e-04
153                                   -2.5141627914002686e-02
154                                   -1.0738303989663415e-02
155                                   -9.9304628008271226e-03
156                                   -1.8848030899464373e-02
157                                   -1.5897613715799293e-02
158                                    3.9682728089713999e+00
159                                   -2.8323924922631184e-02
160                                    5.2893258752805636e-02
161                                   -2.0866491494656617e-01
162                                    3.1932872371877896e-01
163                                    7.1400857110842583e-03
164                                    7.7382060895152156e-03
165                                   -1.3703483084954694e-03
166                                    1.6530604341169694e-03
167                                    1.0028520833584933e-02
168                                    4.4888670891674119e-03
169                                    2.0835499456423975e-02
170                                   -1.4688858961423514e-03
171                                   -5.0077182218158226e-04
172                                    1.0155817269740280e-01
173                                   -2.6703186201496396e-02
174                                   -2.4168473159592048e+00
175                                   -4.8051277480024362e-01
176                                   -2.0877184487650240e+00
177                                   -2.8779798185027863e-02
178                                   -2.0278811429914008e+00
179                                    3.7309002188059487e-01
180                                   -1.5690725465259288e+00
181                                   -7.5948207865193839e-03
182                                   -5.4597201388224244e-03
183                                   -1.5025244587281824e-02
184                                   -1.2876661904493918e+01
185                                   -1.8373941690372718e+01
186                                   -1.2660775189444559e+01
   &Method [&Type "String"] "SCF"
   &Level [&Type "String"] "Relaxed density"
   &Mult [&Type "Integer"] 1
   &State [&Type "Integer"] -1
   &Irrep [&Type "Integer"] 0
$End
$Calculation_Timings
   &GeometryIndex 1
   &GTOINT [&Type "Double"]       1.6858480000000000e+00
   &SCF [&Type "Double"]       1.6833087000000003e+01
   &PROPINT [&Type "Double"]       1.0995780000000011e+00
   &RESPONSE [&Type "Double"]       8.9940140000000000e+00
   &PROP [&Type "Double"]       6.5520900000000282e-01
   &SUM [&Type "Double"]       2.9267736000000006e+01
$End
