*************************************************
******************* ORCA 6.1.1 ******************
*************************************************
$Calculation_Status
   &GeometryIndex 1
   &version [&Type "String"] "6.1.1"
   &progName [&Type "String"] "LeanSCF"
   &Status [&Type "String"] "NORMAL TERMINATION"
$End
$Geometry
   &GeometryIndex 1
   &NAtoms [&Type "Integer"] 35
   &NCorelessECP [&Type "Integer"] 0
   &NGhostAtoms [&Type "Integer"] 0
   &CartesianCoordinates [&Type "Coordinates", &Dim(35,4), &Units "Bohr"] 
              C     -0.127252853569   -1.508296587950   -0.491769908867
              C      1.047482132272    0.972575040889   -1.662463453644
              C     -0.826900679464    3.253499089522   -1.454620290569
              C     -2.392720372950    3.342140270519    1.004943766774
              C     -3.471581766724    0.698845577813    1.675076188840
              C     -1.278364518709   -1.142848730093    2.201965029906
              C     -2.619641003159   -2.100085739275   -1.971192626287
              C     -4.667993552926   -0.542400440151   -0.634518683597
              O      0.338672559946   -0.261409836498    4.154522096034
              C      1.719212130134   -3.758816383249   -0.569366935450
              C     -7.080048145377   -0.333633609745   -1.358846742493
              C      3.771854531702    1.678423119456   -0.915870546763
              C      4.468563291863    2.720561447884    1.294455006293
              H      1.174351032231    0.536406716215   -3.698278755782
              O      3.657291740733   -3.664512903021    1.349132839250
              C      5.705607907792    1.296563414748   -3.008230751309
              H      0.221673311057    5.032962465742   -1.701305458321
              H     -2.153302500235    3.139748980191   -3.055912793930
              H     -1.251174719764    4.031318225615    2.601602114767
              H     -3.964588622476    4.687114582973    0.760035600913
              H     -4.796573616529    0.844812462041    3.273096607400
              H     -2.094357153552   -2.997961138002    2.757294590384
              H     -2.474964067533   -1.660402607328   -3.999847607760
              H     -3.073589495899   -4.131811363010   -1.831478072938
              H      1.820754384331   -1.379734399268    4.117280661991
              H      2.567222092509   -3.948781371580   -2.472052799860
              H      0.669192745352   -5.514249847370   -0.182724177239
              H     -7.792911128104   -1.274454071759   -3.054442948691
              H     -8.442713307802    0.779189924722   -0.277266752987
              H      6.428136088151    3.286852412990    1.622690059269
              H      3.141923386764    3.040179799444    2.832835390843
              H      4.721278145040   -2.184888597932    1.011216975914
              H      7.623177620328    1.818919958764   -2.400613591581
              H      5.746905207180   -0.683325693602   -3.662666973558
              H      5.213459533268    2.450607861714   -4.674973492996
$End
$SCF_Energy
   &GeometryIndex 1
   &Method [&Type "String"] "SCF"
   &totalEnergy [&Type "ArrayOfDoubles", &Dim (1,1)] "Total energy of each state"
                                                         0

0                                     -6.5776831859189042e+02
   &Mult [&Type "ArrayOfIntegers", &Dim (1,1)] "Multiplicity of each state"
                                                         0

0                                                        1
$End
$DFT_Energy
   &GeometryIndex 1
   &nAlphaEl [&Type "Integer"] 57
   &nBetaEl [&Type "Integer"] 57
   &nTotalEl [&Type "Integer"] 114
   &finalEn [&Type "Double"]      -6.5776831859189042e+02  "No Van der Waals correction"
   &eExchange [&Type "Double"]      -9.1086883175615171e+01
   &eCorr [&Type "Double"]      -4.0419454759801212e+00
   &eXC [&Type "Double"]      -9.5128828651595285e+01
   &eCNL [&Type "Double"]       0.0000000000000000e+00
$End
$Solvation_Details
   &GeometryIndex 1
   &Solvent [&Type "String"] "CHLOROFORM"
   &Epsilon [&Type "Double"]       4.8029999999999999e+00
   &Refrac [&Type "Double"]       1.4459000000000000e+00
   &RSolv [&Type "Double"]       1.3000000000000000e+00
   &SurfaceType [&Type "String"] "GAUSSIAN VDW"
   &CPCMDielEnergy [&Type "Double"]      -9.5250990000000004e-03
   &NPoints [&Type "Integer"] 2590
   &SurfaceArea [&Type "Double"]       8.9605824328300002e+02
$End
$SCF_Timings
   &GeometryIndex 1
   &TOTAL [&Type "Double"]       1.4000929000000001e+01
   &PREP [&Type "Double"]       4.7080400000000006e-01
   &FOCK [&Type "Double"]       1.0440599000000002e+01
   &DENS [&Type "Double"]       2.1104500000000215e-01
   &ETOT [&Type "Double"]       9.3942999999997667e-02
   &TRAFO [&Type "Double"]       3.4267700000000101e-01
   &DIIS [&Type "Double"]       1.4496820000000015e+00
   &SOSCF [&Type "Double"]       6.8170599999999926e-01
   &XC [&Type "Double"]       3.6206779999999990e+00
   &FOCKSTART [&Type "Double"]       2.3150000000000448e-02
   &SOLV [&Type "Double"]       4.2033830000000023e+00
   &SOLV_INIT [&Type "Double"]       2.6053500000000002e-01
   &SOLV_FINAL [&Type "Double"]       9.9999999925159955e-07
   &INT_PREP [&Type "Double"]       1.0000000010279564e-06
   &INT_BF [&Type "Double"]       1.0227520000000148e+00
   &INT_DENS [&Type "Double"]       7.9854000000000269e-01
   &INT_DENSIO [&Type "Double"]       1.8677317228000014e+04
   &INT_FUNC [&Type "Double"]       3.2130100000002693e-01
   &INT_POT [&Type "Double"]       7.5047299999996742e-01
   &INT_POTIO [&Type "Double"]       1.0930000000017315e-02
   &INT_SUM [&Type "Double"]       1.5100000000005664e-03
   &SPLITRIJ [&Type "Double"]       3.0308509999999993e+00
$End
$Single_Point_Data
   &GeometryIndex 1
   &FinalEnergy [&Type "Double"]      -6.5776831859189042e+02  "Final single point energy"
   &Converged [&Type "Boolean"] true
$End
$Calculation_Info
   &GeometryIndex 1
   &Mult [&Type "Integer"] 1
   &Charge [&Type "Integer"] 0
   &NumOfAtoms [&Type "Integer"] 35
   &NumOfElectrons [&Type "Integer"] 114
   &NumOfBasisFuncts [&Type "Integer"] 605
   &NumOfAuxCBasisFuncts [&Type "Integer"] 0
   &NumOfAuxJBasisFuncts [&Type "Integer"] 955
   &NumOfAuxJKBasisFuncts [&Type "Integer"] 0
   &NumOfCABSBasisFuncts [&Type "Integer"] 0
$End
$SCF_Dipole_Moment
   &GeometryIndex 1
   &dipoleMagnitude [&Type "Double", &Units "a.u."]       1.2707969324150419e+00
   &dipoleElecContrib [&Type "ArrayOfDoubles", &Dim (3,1)] "Electronic contribution"
                                                         0

0                                     -1.5155201859401630e+00
1                                     -2.9969364507506890e+00
2                                      4.9300932889698812e+00
   &dipoleNucContrib [&Type "ArrayOfDoubles", &Dim (3,1)] "Nuclear contribution"
                                                         0

0                                      1.7495957060575460e+00
1                                      2.9765427504743389e+00
2                                     -6.1789798295756704e+00
   &dipoleTotal [&Type "ArrayOfDoubles", &Dim (3,1)] "Total"
                                                         0

0                                      2.3407552011738297e-01
1                                     -2.0393700276350124e-02
2                                     -1.2488865406057892e+00
   &doAtomicDipole [&Type "Boolean"] false
   &Method [&Type "String"] "SCF"
   &Level [&Type "String"] "Relaxed density"
   &Mult [&Type "Integer"] 1
   &State [&Type "Integer"] -1
   &Irrep [&Type "Integer"] 0
$End
$SCF_Spin_Spin_Coupling
   &GeometryIndex 1
   &numOfNucPairs [&Type "Integer"] 186 "Number of nuclei pairs to calculate"
   &numOfNucPairsDSO [&Type "Integer"] 0 "number of nuclear pairs to calculate DSO"
   &numOfNucPairsPSO [&Type "Integer"] 0 "number of nuclear pairs to calculate PSO"
   &numOfNucPairsFC [&Type "Integer"] 186 "number of nuclear pairs to calculate FC"
   &numOfNucPairsSD [&Type "Integer"] 0 "number of nuclear pairs to calculate SD"
   &numOfNucPairsSD_FC [&Type "Integer"] 0 "number of nuclear pairs to calculate SD/FC"
   &pairsInfo [&Type "ArrayOfIntegers", &Dim (186,4)] "Pairs Info: Col1->Index of A. Col2->Atom. Num. of A.  Col3->Index of B. Col4->Atom. Num. of B."
                                                         0                           1                           2                           3

0                                                       13                           1                          16                           1
1                                                       13                           1                          17                           1
2                                                       13                           1                          18                           1
3                                                       13                           1                          19                           1
4                                                       13                           1                          20                           1
5                                                       13                           1                          21                           1
6                                                       13                           1                          22                           1
7                                                       13                           1                          23                           1
8                                                       13                           1                          24                           1
9                                                       13                           1                          25                           1
10                                                      13                           1                          26                           1
11                                                      13                           1                          27                           1
12                                                      13                           1                          28                           1
13                                                      13                           1                          29                           1
14                                                      13                           1                          30                           1
15                                                      13                           1                          31                           1
16                                                      13                           1                          32                           1
17                                                      13                           1                          33                           1
18                                                      13                           1                          34                           1
19                                                      16                           1                          17                           1
20                                                      16                           1                          18                           1
21                                                      16                           1                          19                           1
22                                                      16                           1                          20                           1
23                                                      16                           1                          21                           1
24                                                      16                           1                          22                           1
25                                                      16                           1                          23                           1
26                                                      16                           1                          24                           1
27                                                      16                           1                          25                           1
28                                                      16                           1                          26                           1
29                                                      16                           1                          27                           1
30                                                      16                           1                          28                           1
31                                                      16                           1                          29                           1
32                                                      16                           1                          30                           1
33                                                      16                           1                          31                           1
34                                                      16                           1                          32                           1
35                                                      16                           1                          33                           1
36                                                      16                           1                          34                           1
37                                                      17                           1                          18                           1
38                                                      17                           1                          19                           1
39                                                      17                           1                          20                           1
40                                                      17                           1                          21                           1
41                                                      17                           1                          22                           1
42                                                      17                           1                          23                           1
43                                                      17                           1                          24                           1
44                                                      17                           1                          25                           1
45                                                      17                           1                          26                           1
46                                                      17                           1                          27                           1
47                                                      17                           1                          28                           1
48                                                      17                           1                          29                           1
49                                                      17                           1                          30                           1
50                                                      17                           1                          31                           1
51                                                      17                           1                          32                           1
52                                                      17                           1                          33                           1
53                                                      17                           1                          34                           1
54                                                      18                           1                          19                           1
55                                                      18                           1                          20                           1
56                                                      18                           1                          21                           1
57                                                      18                           1                          22                           1
58                                                      18                           1                          23                           1
59                                                      18                           1                          24                           1
60                                                      18                           1                          25                           1
61                                                      18                           1                          26                           1
62                                                      18                           1                          27                           1
63                                                      18                           1                          28                           1
64                                                      18                           1                          29                           1
65                                                      18                           1                          30                           1
66                                                      18                           1                          31                           1
67                                                      18                           1                          32                           1
68                                                      18                           1                          33                           1
69                                                      18                           1                          34                           1
70                                                      19                           1                          20                           1
71                                                      19                           1                          21                           1
72                                                      19                           1                          22                           1
73                                                      19                           1                          23                           1
74                                                      19                           1                          24                           1
75                                                      19                           1                          25                           1
76                                                      19                           1                          26                           1
77                                                      19                           1                          27                           1
78                                                      19                           1                          28                           1
79                                                      19                           1                          29                           1
80                                                      19                           1                          30                           1
81                                                      19                           1                          31                           1
82                                                      19                           1                          32                           1
83                                                      19                           1                          33                           1
84                                                      19                           1                          34                           1
85                                                      20                           1                          21                           1
86                                                      20                           1                          22                           1
87                                                      20                           1                          23                           1
88                                                      20                           1                          24                           1
89                                                      20                           1                          25                           1
90                                                      20                           1                          26                           1
91                                                      20                           1                          27                           1
92                                                      20                           1                          28                           1
93                                                      20                           1                          29                           1
94                                                      20                           1                          30                           1
95                                                      20                           1                          31                           1
96                                                      20                           1                          32                           1
97                                                      20                           1                          33                           1
98                                                      20                           1                          34                           1
99                                                      21                           1                          22                           1
100                                                     21                           1                          23                           1
101                                                     21                           1                          24                           1
102                                                     21                           1                          25                           1
103                                                     21                           1                          26                           1
104                                                     21                           1                          27                           1
105                                                     21                           1                          28                           1
106                                                     21                           1                          29                           1
107                                                     21                           1                          30                           1
108                                                     21                           1                          31                           1
109                                                     21                           1                          32                           1
110                                                     21                           1                          33                           1
111                                                     21                           1                          34                           1
112                                                     22                           1                          23                           1
113                                                     22                           1                          24                           1
114                                                     22                           1                          25                           1
115                                                     22                           1                          26                           1
116                                                     22                           1                          27                           1
117                                                     22                           1                          28                           1
118                                                     22                           1                          29                           1
119                                                     22                           1                          30                           1
120                                                     22                           1                          31                           1
121                                                     22                           1                          32                           1
122                                                     22                           1                          33                           1
123                                                     22                           1                          34                           1
124                                                     23                           1                          24                           1
125                                                     23                           1                          25                           1
126                                                     23                           1                          26                           1
127                                                     23                           1                          27                           1
128                                                     23                           1                          28                           1
129                                                     23                           1                          29                           1
130                                                     23                           1                          30                           1
131                                                     23                           1                          31                           1
132                                                     23                           1                          32                           1
133                                                     23                           1                          33                           1
134                                                     23                           1                          34                           1
135                                                     24                           1                          25                           1
136                                                     24                           1                          26                           1
137                                                     24                           1                          27                           1
138                                                     24                           1                          28                           1
139                                                     24                           1                          29                           1
140                                                     24                           1                          30                           1
141                                                     24                           1                          31                           1
142                                                     24                           1                          32                           1
143                                                     24                           1                          33                           1
144                                                     24                           1                          34                           1
145                                                     25                           1                          26                           1
146                                                     25                           1                          27                           1
147                                                     25                           1                          28                           1
148                                                     25                           1                          29                           1
149                                                     25                           1                          30                           1
150                                                     25                           1                          31                           1
151                                                     25                           1                          32                           1
152                                                     25                           1                          33                           1
153                                                     25                           1                          34                           1
154                                                     26                           1                          27                           1
155                                                     26                           1                          28                           1
156                                                     26                           1                          29                           1
157                                                     26                           1                          30                           1
158                                                     26                           1                          31                           1
159                                                     26                           1                          32                           1
160                                                     26                           1                          33                           1
161                                                     26                           1                          34                           1
162                                                     27                           1                          28                           1
163                                                     27                           1                          30                           1
164                                                     27                           1                          31                           1
165                                                     27                           1                          33                           1
166                                                     27                           1                          34                           1
167                                                     28                           1                          30                           1
168                                                     28                           1                          31                           1
169                                                     28                           1                          33                           1
170                                                     28                           1                          34                           1
171                                                     29                           1                          30                           1
172                                                     29                           1                          31                           1
173                                                     29                           1                          32                           1
174                                                     29                           1                          33                           1
175                                                     29                           1                          34                           1
176                                                     30                           1                          31                           1
177                                                     30                           1                          32                           1
178                                                     30                           1                          33                           1
179                                                     30                           1                          34                           1
180                                                     31                           1                          32                           1
181                                                     31                           1                          33                           1
182                                                     31                           1                          34                           1
183                                                     32                           1                          33                           1
184                                                     32                           1                          34                           1
185                                                     33                           1                          34                           1
   &pairsDistances [&Type "ArrayOfDoubles", &Dim (186,1)] "The distances of each pair"
                                                         0

0                                      2.6519387689276637e+00
1                                      2.2614698030679916e+00
2                                      4.0226546587102687e+00
3                                      4.2173014405919780e+00
4                                      4.8600001764124379e+00
5                                      4.2614583927789065e+00
6                                      2.2596805955288795e+00
7                                      3.4830234637031485e+00
8                                      4.2720172559515337e+00
9                                      2.5685888881220289e+00
10                                     3.7127260642413105e+00
11                                     4.8530348712112295e+00
12                                     5.4030572009645716e+00
13                                     4.2161816099086735e+00
14                                     3.8450349736879956e+00
15                                     3.4362100803032978e+00
16                                     3.5465194144827565e+00
17                                     2.5043708770445998e+00
18                                     2.4210939390133706e+00
19                                     1.7598407206586517e+00
20                                     2.4643746847019838e+00
21                                     2.5763159390786874e+00
22                                     4.3466062676107660e+00
23                                     5.0129268771092761e+00
24                                     4.0076670920341257e+00
25                                     5.1542180964585356e+00
26                                     4.6596355190299041e+00
27                                     4.9292330872050361e+00
28                                     5.6438690622265977e+00
29                                     5.4443063875563382e+00
30                                     5.1630467978353822e+00
31                                     3.8385606718316478e+00
32                                     3.0425377805264118e+00
33                                     4.7242692217602800e+00
34                                     4.2860533834057133e+00
35                                     4.3331528541867801e+00
36                                     3.3647176984581089e+00
37                                     3.0681421274043901e+00
38                                     2.3805070610103978e+00
39                                     3.8273077997244882e+00
40                                     4.4736085388009030e+00
41                                     2.5943683378294109e+00
42                                     3.9323869525307784e+00
43                                     4.9549064324508008e+00
44                                     4.5173111721358827e+00
45                                     5.0511728318061584e+00
46                                     3.7898242742147574e+00
47                                     3.8470055224882032e+00
48                                     5.1727458456379996e+00
49                                     4.1910930576688923e+00
50                                     5.0799129235256997e+00
51                                     5.2319964914119241e+00
52                                     4.6554763748681154e+00
53                                     4.0079874730304326e+00
54                                     1.7697042834534624e+00
55                                     2.5474580459314327e+00
56                                     3.7473057374228089e+00
57                                     4.6577360488487933e+00
58                                     5.0093290918301809e+00
59                                     3.3889460490630863e+00
60                                     5.3966766629242260e+00
61                                     5.3590304938281230e+00
62                                     5.3689032496809022e+00
63                                     4.4457956917664090e+00
64                                     4.1154990485537208e+00
65                                     2.3862979201641483e+00
66                                     4.6387067201619603e+00
67                                     5.5164280437325282e+00
68                                     5.5611982132906643e+00
69                                     5.2181996235894283e+00
70                                     2.4691070707996561e+00
71                                     4.3168406542485291e+00
72                                     4.2718219427178941e+00
73                                     4.8868957185310231e+00
74                                     4.7786766031033237e+00
75                                     5.9796941551778158e+00
76                                     5.9500926735465356e+00
77                                     4.2580388218173928e+00
78                                     3.1927183168588171e+00
79                                     5.5680314980374535e+00
80                                     4.0130828302505162e+00
81                                     5.8624571985045826e+00
82                                     6.5346972700585235e+00
83                                     6.3217308469336446e+00
84                                     5.7672512025408134e+00
85                                     2.5008835630162989e+00
86                                     4.2519542137682391e+00
87                                     3.8811510783232825e+00
88                                     3.7212215876192460e+00
89                                     5.5553720658827874e+00
90                                     4.7993476721371549e+00
91                                     3.8708539073306047e+00
92                                     2.6932843489933962e+00
93                                     6.1412265302894706e+00
94                                     4.3647722524689323e+00
95                                     5.4194745425037869e+00
96                                     7.2439333351826729e+00
97                                     6.7271093169290399e+00
98                                     6.8169683581776024e+00
99                                     3.6506667720898149e+00
100                                    2.5544161027554733e+00
101                                    2.3544709928744574e+00
102                                    3.7411164829628660e+00
103                                    2.5163824225803815e+00
104                                    4.4026871832998822e+00
105                                    4.2260377632929274e+00
106                                    5.6356527948720787e+00
107                                    4.2295623859502856e+00
108                                    3.7479331523928043e+00
109                                    6.3553465039990424e+00
110                                    5.5008687091982118e+00
111                                    6.2238460956683772e+00
112                                    1.7684370812530601e+00
113                                    4.8620916801654301e+00
114                                    3.0396371661572466e+00
115                                    3.3177466323793885e+00
116                                    2.8655474601363937e+00
117                                    3.9395546462521525e+00
118                                    6.1565272047235791e+00
119                                    5.3005083764983389e+00
120                                    4.6486871685400937e+00
121                                    5.7150085155916237e+00
122                                    4.3850723471704613e+00
123                                    4.6274439337950914e+00
124                                    4.3287944207018256e+00
125                                    3.0057354559679870e+00
126                                    2.2845472125677952e+00
127                                    2.9903021851166991e+00
128                                    3.9373414797456765e+00
129                                    6.6358619107535777e+00
130                                    5.5959301985537637e+00
131                                    4.5098624222472887e+00
132                                    6.4844388178475478e+00
133                                    5.1044739905878833e+00
134                                    5.7989925034847927e+00
135                                    3.7633590382151398e+00
136                                    3.2149574911785899e+00
137                                    6.3471992121091434e+00
138                                    6.0175562619239997e+00
139                                    3.7128477654594860e+00
140                                    2.5340311715737189e+00
141                                    2.2888944002217970e+00
142                                    4.9182872636311910e+00
143                                    4.6262083932675093e+00
144                                    5.3832098302116442e+00
145                                    1.7784001756422598e+00
146                                    5.6704384974262698e+00
147                                    6.4461837538216402e+00
148                                    4.8507966887479324e+00
149                                    4.6530807559767302e+00
150                                    2.3597057543948998e+00
151                                    4.0589709285666169e+00
152                                    2.4928205253901980e+00
153                                    3.8454698128074281e+00
154                                    5.2340371395713872e+00
155                                    5.8603396436412609e+00
156                                    5.6471998128299354e+00
157                                    4.9750049444024702e+00
158                                    2.8462423678083049e+00
159                                    5.4751896839527854e+00
160                                    4.1408241282986902e+00
161                                    5.4035606728509817e+00
162                                    1.8598455386722001e+00
163                                    6.9571553181893506e+00
164                                    6.9795929106771739e+00
165                                    7.1790060145377339e+00
166                                    7.2105687846533142e+00
167                                    6.4591843013104748e+00
168                                    7.1729696876093474e+00
169                                    7.7582713675359436e+00
170                                    7.6433510237858071e+00
171                                    1.8577431235210509e+00
172                                    3.0503388702493779e+00
173                                    2.3529007663270032e+00
174                                    3.5165961118882119e+00
175                                    3.4227298950342644e+00
176                                    3.0451375828324307e+00
177                                    3.7028077495812322e+00
178                                    4.1949427824384751e+00
179                                    4.1332111154460200e+00
180                                    3.1791217093675783e+00
181                                    2.6539064356602546e+00
182                                    3.8909040994073445e+00
183                                    1.7847014406783808e+00
184                                    1.7850209972728492e+00
185                                    1.7654915896785510e+00
   &pairsTotalSSCIso [&Type "ArrayOfDoubles", &Dim (186,1)] "The Spin-Spin coupling constant for each pair"
                                                         0

0                                      5.5672926584663185e-01
1                                      8.6582446632997012e+00
2                                     -5.8544913247689412e-01
3                                      4.5052235455945994e-01
4                                      5.5937581511610301e-01
5                                      6.4018666619893039e-01
6                                     -5.1515756644477950e-01
7                                     -1.0954487396544491e-01
8                                      1.8699580461717663e-01
9                                     -2.6023067529713850e-01
10                                    -2.8276474578533295e-01
11                                     8.3206166310991168e-03
12                                     3.7616824112007188e-02
13                                     1.5207403692216499e+00
14                                    -1.8543125191543455e-01
15                                     8.3306107780269228e-02
16                                     1.1323052700438760e+00
17                                    -4.5236062526452869e-01
18                                    -3.9337136190957289e-01
19                                    -1.4714505285479826e+01
20                                     5.7325244787859493e+00
21                                     1.3282844192543641e+00
22                                     7.4228491822244025e-01
23                                     8.0199509974531280e-01
24                                    -5.4545906972945181e-02
25                                    -6.9654731831151118e-02
26                                    -2.9085530838450148e-02
27                                     7.2623345411317888e-02
28                                     5.2475502758641035e-01
29                                    -8.2237464085057367e-03
30                                     1.3530745019510510e-02
31                                     1.7763709881742931e-01
32                                     3.3765097721845751e-02
33                                     7.1789244765585916e-02
34                                     8.5194308729496432e-02
35                                    -3.5105498855838399e-02
36                                     3.8132054196080942e-02
37                                     1.3818713444429267e+01
38                                     6.1247039129474752e+00
39                                    -5.3664566159832017e-01
40                                     7.3967655820402572e-02
41                                    -5.5266066122342201e-02
42                                     3.7233161320561114e-01
43                                     4.1326762959542490e-02
44                                     7.4366568787185856e-03
45                                    -8.7535574681157746e-02
46                                    -5.2317424656023410e-02
47                                    -3.1448936544409639e-02
48                                    -1.5406591486636251e-01
49                                    -2.2083027646069223e-01
50                                     3.6214688262010949e-02
51                                     3.5067019348835535e-02
52                                    -1.5989526350967853e-01
53                                    -1.6779028241588706e-01
54                                    -1.3572450845326149e+01
55                                     2.0169346265499399e+00
56                                    -5.0198519026961641e-01
57                                    -3.2017704703085639e-02
58                                    -3.6780385553275707e-01
59                                    -7.8043919249800656e-02
60                                     1.3395094003461231e-02
61                                    -9.6344952802716356e-03
62                                     1.3425142618907721e-01
63                                    -1.9504112771706404e-02
64                                     2.6380161691584164e-02
65                                    -2.4814925213624384e-01
66                                     6.5600879691250042e-04
67                                    -7.1631795677306329e-03
68                                    -2.0803759405049298e-02
69                                    -6.5782054916420831e-03
70                                     4.6498448386012585e+00
71                                     3.2367021134943191e-01
72                                     8.8483441437440108e-02
73                                     1.3248317460856346e-01
74                                    -8.5083760741999914e-02
75                                    -7.3064736971152917e-03
76                                    -3.0194747157986236e-02
77                                     1.1539884359298605e-01
78                                     8.0591645757185318e-02
79                                    -4.0139078754013197e-03
80                                    -5.9066380877027799e-02
81                                     4.3575352373412994e-03
82                                     6.7922413617417382e-02
83                                     5.1091580439071374e-02
84                                    -6.2392443586313420e-02
85                                     5.3075268598096432e+00
86                                    -1.0840628772187881e+00
87                                    -1.3195852507360329e-03
88                                    -5.3884604279579906e-01
89                                     6.5992326679416902e-01
90                                    -6.8031116043938022e-02
91                                    -1.0612214485128455e+00
92                                    -1.0324789811278274e+00
93                                     5.1598336979883624e-03
94                                     2.6533691561147891e-03
95                                     8.1314713191809750e-04
96                                    -1.2583663656422295e-02
97                                     8.6911821027109968e-04
98                                     3.3287992098742373e-03
99                                    -2.2997118341665859e-02
100                                    2.1213079739367080e-01
101                                    3.2962090564614127e-01
102                                   -9.1088534789592404e-02
103                                   -2.3861483901250038e-01
104                                    7.5378884577182803e-03
105                                    4.4726345611768088e-02
106                                   -9.2813879583961104e-02
107                                   -1.8553462747921767e-01
108                                    1.2054054968448052e-02
109                                    7.5303513933176192e-02
110                                   -7.7616673570982245e-02
111                                   -1.3304728560801553e-02
112                                   -1.8599761928571770e+01
113                                   -8.6332775609277407e-02
114                                   -8.0561035358821434e-02
115                                   -1.9362303379389090e-01
116                                   -2.0751729613604377e+00
117                                   -2.4197846530100104e+00
118                                    6.0413806284782434e-02
119                                    2.4117681374434076e-02
120                                    3.9316104459857878e-02
121                                    1.3189600466044707e-02
122                                   -1.7476081868203243e-02
123                                   -7.8365833807856229e-03
124                                   -3.1161601569192472e-02
125                                   -2.0227194906864138e-01
126                                   -4.5016516221375624e-01
127                                   -2.7634581590159617e+00
128                                   -3.2549837331044262e+00
129                                    4.2569169468299424e-02
130                                    7.9327016026482719e-03
131                                   -4.6983735308430072e-03
132                                    8.8529723642552322e-02
133                                   -4.8459219038403362e-02
134                                   -2.5430439017328270e-02
135                                   -1.2172307990632528e-01
136                                    2.8953716374951772e-02
137                                    3.0716218656479388e-01
138                                    5.6905402839340070e-02
139                                   -2.4796727059006488e-02
140                                    4.3235830082502355e-02
141                                   -4.2641762254462135e-03
142                                   -3.3067383753704856e-03
143                                   -1.9126467212322543e-02
144                                   -7.8312533591129059e-03
145                                   -1.2408481280171969e+01
146                                   -1.2889977597109224e-02
147                                   -3.6672837971794131e-02
148                                   -1.1424931998482034e-02
149                                   -4.9535120615257101e-03
150                                    2.0370198474874290e+00
151                                    6.3572231955933867e-02
152                                   -2.2620015754579129e-01
153                                   -3.3863097000224010e-02
154                                   -8.9668039922055423e-03
155                                    7.7986762917684924e-04
156                                   -5.0085125720490543e-02
157                                   -3.6803144652448258e-02
158                                    1.4645149990401892e+01
159                                    5.9985954106418445e-02
160                                   -6.2672780312085868e-02
161                                   -3.7339286745995057e-02
162                                    3.1136739685678205e-01
163                                   -5.9102164042055595e-04
164                                   -9.3828478624232124e-03
165                                    5.8299310095686696e-04
166                                    1.3143137398805157e-03
167                                   -1.7571105011820452e-03
168                                   -2.4843862979668167e-02
169                                   -1.0906918613744758e-03
170                                   -1.1964312427642349e-03
171                                    1.2985258168437750e+00
172                                    8.8917403196933559e-02
173                                   -4.5785495366164614e-01
174                                   -2.0194223474483550e+00
175                                   -2.6057924269536867e+00
176                                    1.3617964247003891e-01
177                                    3.7921993928807496e-01
178                                   -1.3854975044037297e+00
179                                   -2.3614001301855430e+00
180                                    1.2066772228262134e-03
181                                    6.9958522472397214e-02
182                                    9.8270817123092061e-02
183                                   -1.2412422127512906e+01
184                                   -1.2827766300663990e+01
185                                   -1.8691694044444411e+01
   &Method [&Type "String"] "SCF"
   &Level [&Type "String"] "Relaxed density"
   &Mult [&Type "Integer"] 1
   &State [&Type "Integer"] -1
   &Irrep [&Type "Integer"] 0
$End
$Calculation_Timings
   &GeometryIndex 1
   &GTOINT [&Type "Double"]       1.5881760000000000e+00
   &SCF [&Type "Double"]       1.5843658999999999e+01
   &PROPINT [&Type "Double"]       1.0372519999999987e+00
   &RESPONSE [&Type "Double"]       7.1613360000000021e+00
   &PROP [&Type "Double"]       6.1702599999999919e-01
   &SUM [&Type "Double"]       2.6247449000000000e+01
$End
