$coord
         -0.619942011115          0.887270972869         -4.837780219045     c 
          2.288221983687          1.064559751680         -4.857625814829     c 
         -4.855021668733          5.713170045139          1.771112115067     c 
         -6.920370473403          4.915435836000          0.390919259274     c 
         -6.783525879401          2.707586191630         -0.972057860529     c 
         -4.580445852493          1.256757141455         -0.968369586963     c 
         -2.495828177501          2.020360630955          0.500232554029     c 
         -2.679383533035          4.271697143601          1.820117615038     c 
         -4.323584128503         -0.790099217414         -2.607734462165     n 
         -1.746766666619         -1.425031959989         -3.403101101692     c 
         -0.212156864602         -2.114259081162         -0.975865541532     c 
         -0.169129536482          0.316842088416          0.814000324397     c 
          2.580554780452         -2.535065325746         -1.828289737916     c 
          3.528359345221          0.212868644810         -2.325104365211     c 
          2.373420050400          1.587084602616         -0.003738520994     c 
          6.369387286596          0.622236536960         -2.394961266091     c 
          7.636758499788          1.941886337861         -0.671142170388     c 
          6.448080351184          2.902369715019          1.702639081286     c 
          4.205287162376          1.176295783762          2.244045111658     n 
          2.490260680513          1.380199856473          4.561154070762     c 
          0.198685328239         -0.178901039133          3.707519846003     c 
          5.096928176580         -1.182065237269          2.317678802569     o 
          2.121722178121          3.603657664731         -0.374335932342     h 
         -1.315707733927         -4.480454840027          0.234555654572     c 
         -0.854021176950         -6.504488468381         -0.731587081985     o 
         -2.806166474917         -4.172558873372          2.306562807335     o 
         -3.692941112588         -6.519409015609          3.102802157265     c 
         -1.343214802542          0.885370711320         -6.779997030289     h 
         -1.396060786135          2.610106629488         -4.000122347087     h 
          3.051999626551         -0.097416348162         -6.389596447316     h 
          2.896468281535          3.000151505000         -5.270999697901     h 
         -4.938609377320          7.451010680430          2.832603782717     h 
         -8.627597048105          6.028276343735          0.362922173760     h 
         -8.360755410957          2.090163121712         -2.099043969305     h 
         -1.100455786026          4.905988813277          2.929538572016     h 
         -5.647502423669         -1.064146768702         -3.980166051157     h 
         -1.792520976054         -3.097959233546         -4.634972332515     h 
          3.670877799434         -3.456016784243         -0.336251040145     h 
          2.686980313174         -3.715754663569         -3.517854147958     h 
          7.342184381845         -0.139613392116         -4.013280406449     h 
          9.643411262607          2.214395396545         -0.891841009185     h 
          5.806705375434          4.852475647575          1.498436746136     h 
          7.744679169697          2.811738417483          3.304971716479     h 
          3.453400023840          0.555636242760          6.187940828001     h 
          2.056765938316          3.352848628833          4.970050778266     h 
         -1.514121304458          0.305940329145          4.759126291072     h 
          0.543027261412         -2.193765921082          4.015479818811     h 
         -4.885187653378         -6.270417451233          4.767552211529     h 
         -4.783449046545         -7.374590687059          1.572928360912     h 
         -2.081838727727         -7.726987573312          3.558519814521     h 
$end
