           2           1   1.00716983621924     
           4           3   1.42327758320561     
           5           1  2.922021352699333E-003
           5           3  6.689633935446009E-003
           5           4   1.45630060931380     
           6           1  4.603847230823779E-003
           6           3  9.207815592615355E-002
           6           4  2.843173907732144E-003
           6           5   1.36212947188752     
           7           1  3.611173946043507E-003
           7           3  6.157124804875607E-003
           7           4  0.101729794444216     
           7           5  8.770058309851819E-003
           7           6   1.32227089168002     
           8           3   1.43077075257118     
           8           4  2.388840203218874E-003
           8           5  9.922494150058567E-002
           8           6  4.259295395365089E-003
           8           7   1.42673429864724     
           9           1  1.516051034867592E-002
           9           2  9.791838343172651E-003
           9           3  2.835058545330688E-002
           9           4  1.176364630198305E-002
           9           5  4.654188476037414E-002
           9           6   1.09577412131654     
           9           7  4.327031353748785E-002
           9           8  1.153534162498931E-002
          10           1  0.982455886420027     
          10           2  2.043159198992658E-003
          10           5  1.097857475742502E-002
          10           6  5.260855465350467E-003
          10           7  6.269240149510702E-003
          10           9  0.955001333945404     
          11           1  2.111646037896059E-003
          11           2  2.371875935531744E-003
          11           6  3.220881706099717E-003
          11           8  7.569412796849507E-003
          11           9  4.920510828691784E-003
          11          10  0.953448599874842     
          12           3  1.172627905064864E-002
          12           5  1.065767506210185E-002
          12           6  4.939787437249848E-003
          12           7  0.993123009960807     
          12           8  4.277240953026179E-003
          12           9  2.943410594087562E-003
          12          11  0.963606256790173     
          13           2  2.544465807147612E-003
          13           7  6.313785077846301E-003
          13           9  8.805075255900957E-003
          13          10  3.213911823439836E-003
          13          11  0.978803690562072     
          13          12  3.911440458464810E-003
          14           2  0.975290395951893     
          14           7  2.469206820643051E-003
          14          10  2.962616871497226E-003
          14          11  5.161990137736819E-003
          14          12  3.386829107766416E-003
          14          13  0.969735187591754     
          15           2  2.536597269300491E-003
          15           4  3.658397748077355E-003
          15           6  8.812173028167744E-003
          15           7  2.289732659902052E-003
          15           8  8.718072856897208E-003
          15          11  3.719534760335506E-003
          15          12  0.966478655492375     
          15          13  4.917993647085605E-003
          15          14  0.984008803538940     
          16           1  9.848233028774692E-003
          16           2  4.498385419921291E-003
          16          11  8.891271463814493E-003
          16          12  8.399906791460712E-003
          16          13  2.671269155702652E-003
          16          14   1.00413191591508     
          17           1  2.785797906893236E-003
          17           2  2.142346013706759E-002
          17          13  2.433340928759987E-002
          17          14  5.235189143207752E-003
          17          15  3.853888021407377E-003
          17          16   1.93144231206100     
          18          12  6.483022115772402E-003
          18          14  3.861161392898682E-003
          18          15  1.047263077210091E-002
          18          16  6.859765908732447E-003
          18          17   1.01379470147843     
          19           2  1.082904802965605E-002
          19           7  4.905756789587482E-003
          19          12  4.593661093670539E-003
          19          15  0.883436822413613     
          19          16  7.066146858648984E-003
          19          18  0.921182505007062     
          20           8  9.644191444553770E-003
          20          11  6.183997061496983E-003
          20          12  2.280957484216035E-003
          20          14  6.418364600337421E-003
          20          15  1.166130060518454E-002
          20          17  9.466552939016042E-003
          20          18  1.261533777620188E-002
          20          19  0.920970905430726     
          21           4  4.124323314479090E-003
          21           6  1.038817761996379E-002
          21           7  2.990350361621992E-003
          21           8  8.960381251785022E-003
          21          10  8.606413058747684E-003
          21          12  0.966615149654246     
          21          14  4.129472076253305E-003
          21          15  3.111054086018096E-003
          21          18  9.104979862215921E-003
          21          19  6.912749042394785E-003
          21          20   1.01124193759408     
          22          13  1.646355404379921E-002
          22          15  4.515660275220795E-002
          22          18  3.121486806961563E-002
          22          19   1.01064485787030     
          22          20  3.051011198202727E-002
          22          21  3.965351052766151E-003
          23          11  4.961533210697047E-003
          23          13  7.973182052703569E-003
          23          15  0.970827277639825     
          23          22  6.835149023577237E-003
          24           1  8.875503834009405E-003
          24          10  9.829651133625524E-003
          24          11  0.947734102889698     
          24          12  2.652688343168472E-003
          24          13  4.995892653754001E-003
          24          14  8.273140706428175E-003
          24          15  6.770558208478323E-003
          24          21  2.171982735123776E-003
          25           1  2.579585475414992E-003
          25          10  1.412728806730511E-002
          25          11  4.751730508231394E-002
          25          12  2.171558601271348E-003
          25          13  1.204127724988313E-002
          25          21  2.426550865403357E-003
          25          24   1.66321727185283     
          26          10  8.100186706692014E-003
          26          11  1.373571929595461E-002
          26          12  8.278721802463453E-003
          26          13  4.704346896354239E-003
          26          24   1.20482888955553     
          26          25  0.190610841195056     
          27          11  1.900064570525461E-002
          27          24  4.132579471083268E-003
          27          25  7.461054447306155E-003
          27          26  0.977296959550391     
          28           1  0.976270485198353     
          28          11  8.555825105725792E-003
          28          14  9.765215116046985E-003
          29           1  0.968310143015226     
          29           7  2.940458727890597E-003
          29          28  2.131714276274546E-003
          30           2  0.973713090434907     
          30          15  8.960337479594320E-003
          30          29  9.278860305294992E-003
          31           2  0.974933198755538     
          31          10  9.680467487175184E-003
          31          13  9.456438629535649E-003
          32           3  0.972558823170138     
          32           5  1.056201432275663E-002
          32           7  1.040012919271032E-002
          33           4  0.972185785395311     
          33           6  1.072325244906593E-002
          33           8  1.062987955361671E-002
          34           3  1.082074354064133E-002
          34           5  0.968426818028085     
          34           7  9.227198492543234E-003
          35           4  1.049881903064085E-002
          35           6  9.781460766705075E-003
          35           8  0.962870844228661     
          36           7  8.998074223236676E-003
          36           9  0.953781542217063     
          36          11  8.098877156921083E-003
          37           6  8.455446003230716E-003
          37          10  0.971410514471757     
          37          12  8.195774990519586E-003
          37          26  7.321225163146594E-003
          37          29  7.561157957233898E-003
          38           2  8.306207803740303E-003
          38          10  8.810910513185163E-003
          38          13  0.956229856341222     
          38          22  4.558765049196135E-002
          39          12  8.302579063725911E-003
          39          13  0.972002514908009     
          39          15  7.662343568898912E-003
          39          26  4.796551398790854E-003
          40          15  8.657002692159826E-003
          40          16  0.968909629392281     
          40          18  1.680036099601799E-002
          41          14  1.598363278341449E-002
          41          17  0.971158827158424     
          41          19  7.127510194313173E-003
          42          16  1.959695689587373E-002
          42          18  0.962861590008052     
          42          22  9.196087835992040E-003
          43          15  8.231293776679990E-003
          43          16  1.411516939141640E-002
          43          18  0.968524706465652     
          43          22  1.045007541397398E-002
          44          12  9.158163431554329E-003
          44          15  7.688655729564738E-003
          44          20  0.976074040550426     
          44          22  1.302000008826881E-002
          45          20  0.969464709085981     
          45          22  9.385341356578203E-003
          45          35  6.417861323099877E-003
          46          15  4.581439080845119E-003
          46          19  7.960427664988378E-003
          46          21  0.975727222492118     
          46          25  4.706491400804306E-003
          47           7  5.015745267398352E-003
          47          21  0.972135520011684     
          47          22  1.815943356428312E-002
          47          25  8.771359288784373E-003
          47          45  9.088114630097325E-003
          48          24  9.438372868244081E-003
          48          26  1.256448926544283E-002
          48          27  0.983448223412321     
          49          24  5.697658886310129E-003
          49          25  3.007828891988174E-003
          49          26  1.228723603383187E-002
          49          27  0.978988481388757     
          50          25  1.853827023860489E-002
          50          26  4.834087573175868E-003
          50          27  0.977603157504311     
