$coord
         -2.497618845547         -2.836409723267          3.698394384524     c 
         -5.127302363883         -2.457835601620          2.595273405742     c 
         -5.180759846920         -1.241846677606         -0.044680107755     c 
         -3.185615955816          0.957649841386         -0.325394755244     c 
         -0.552240247646          0.568458487812          1.018909458433     c 
         -1.048595238599         -0.347716029967          3.737143535800     c 
         -2.597227894886          1.492197620896         -3.117339750953     c 
         -1.098142883939          3.940263355618         -3.394759685438     c 
          1.353266176232          3.926091055206         -1.857202778136     c 
          1.048621891441          3.116328981907          0.954037399872     c 
          1.501897581330         -1.302105424363         -0.003142020310     c 
          3.658744038224          2.215194811289          1.840651869851     c 
          3.865920441458         -0.327683644221          0.684200846426     c 
          6.163817035125         -1.500975262610          0.272773692508     c 
          6.174392603697         -3.837351345551         -0.908353665081     c 
          3.893704943952         -4.868458948322         -1.589254289949     c 
          1.562473463408         -3.690731445066         -1.143929168457     c 
         -0.382387725639         -5.134829840564         -1.942992303370     o 
          8.330106396274         -0.296406949338          1.037333365008     o 
         -4.792639989313         -3.226964880909         -1.824898351449     o 
         -7.934803393500         -0.413982047709         -0.547671365354     c 
         -4.567709293500          3.267407085679          0.782164104712     c 
          2.664524573465          6.481912917619         -2.185633192739     c 
          0.353569114230          5.328738161584          2.708095788737     c 
         -2.690551346086         -3.553498615560          5.624886370971     h 
         -1.455397521827         -4.247235856461          2.622846831894     h 
         -6.214138763089         -1.268035592640          3.881883121171     h 
         -6.093374336628         -4.274444372186          2.449729251218     h 
          0.737787204214         -0.623624438994          4.722705460173     h 
         -2.148996270571          1.040617920362          4.789781877818     h 
         -1.474966754261         -0.054531450569         -3.900725188755     h 
         -4.340247214726          1.659930573933         -4.218498694177     h 
         -0.602516574713          4.187151487583         -5.385517885441     h 
         -2.269061361048          5.553370483086         -2.872557464579     h 
          2.574165640430          2.492671868410         -2.718557449915     h 
          3.750132279851          2.100899138418          3.899848305087     h 
          5.190184665511          3.446066804542          1.229491782775     h 
          7.923980575221         -4.823864064748         -1.283774356061     h 
          3.808083694089         -6.689895589421         -2.500675464396     h 
         -2.033326353085         -4.352231267450         -1.632224788530     h 
          9.759464716774         -1.340115746084          0.608084434508     h 
         -5.041808106817         -2.572015895384         -3.506183323899     h 
         -8.111452230036          0.556578164950         -2.352734486925     h 
         -9.062925370624         -2.133539384696         -0.642850521767     h 
         -8.718455819343          0.765455124251          0.931296636030     h 
         -5.270799804419          2.879478794883          2.669492259364     h 
         -3.375056074237          4.902347149997          0.874104722114     h 
         -6.155426727919          3.765460895474         -0.418173298676     h 
          4.408845382715          6.582744505885         -1.109498164563     h 
          3.128594153477          6.761274543060         -4.169358345630     h 
          1.451908130536          8.034423464274         -1.601600045509     h 
         -0.706575696981          6.827376361759          1.790186307706     h 
         -0.686216119172          4.696738029341          4.358910813177     h 
          2.095512088310          6.195883490920          3.377672772261     h 
$end
