$coord
         -2.564280308884         -2.834425196765          3.741958289005     c 
         -5.182602139884         -2.485357781033          2.508713480368     c 
         -5.139534244439         -1.277374449108         -0.174867320831     c 
         -3.176814913759          0.978055902654         -0.362631374589     c 
         -0.555760191564          0.561917889220          1.025170935009     c 
         -1.102319005455         -0.312322902123          3.773155811545     c 
         -2.619945126927          1.624619981592         -3.157001477667     c 
         -1.148424087805          4.131729885343         -3.333030989198     c 
          1.338419659804          4.032090474876         -1.809066255573     c 
          1.046021986561          3.120846592379          0.984427263528     c 
          1.521813845443         -1.349908123457          0.008529948059     c 
          3.686603336403          2.211890037496          1.817498957504     c 
          3.885639829075         -0.333460358342          0.598594114883     c 
          6.175055849390         -1.487663426858          0.146017208415     c 
          6.175707069965         -3.871880218555         -0.980958987803     c 
          3.891746544622         -4.972641788947         -1.522057460662     c 
          1.543209281370         -3.811390902760         -1.015969709306     c 
         -0.407772999007         -5.376370532876         -1.548389879261     o 
          8.352087402038         -0.224264016145          0.824717862340     o 
         -4.596170356182         -3.226511080879         -1.954991810954     o 
         -7.909250616851         -0.456752040345         -0.796850831374     c 
         -4.608714200779          3.240317428826          0.842173315506     c 
          2.683732733820          6.620478385864         -2.006577905832     c 
          0.307916188363          5.304468255551          2.803565408748     c 
         -2.829354701269         -3.505783752446          5.658725563965     h 
         -1.482933461802         -4.255219892096          2.744100444348     h 
         -6.311521835946         -1.277586981774          3.711488241384     h 
         -6.153604011804         -4.283783239351          2.363821415094     h 
          0.660519851246         -0.546125649977          4.777915462971     h 
         -2.203959665721          1.088597205639          4.764784221712     h 
         -1.498032014879          0.131973403977         -3.992761587995     h 
         -4.362084861431          1.786218767094         -4.214100399839     h 
         -0.683327325549          4.512832614762         -5.289684741794     h 
         -2.316170465621          5.677243056783         -2.690936022208     h 
          2.524719957295          2.643668057430         -2.723420852149     h 
          3.794431059460          2.055713040695          3.856206916070     h 
          5.173243540106          3.476587883342          1.220416640930     h 
          7.921844488245         -4.840054747985         -1.394232725234     h 
          3.805200004551         -6.834973745040         -2.348232239138     h 
         -2.090254696369         -4.570103601363         -1.587903803757     h 
          9.825368669683         -1.244187827112          0.400192974025     h 
         -4.896037985240         -2.626343622100         -3.666745965450     h 
         -9.032422191100         -2.163552501093         -0.953498487827     h 
         -8.718218805389          0.704379534505          0.673236833830     h 
         -8.011003288366          0.558427967852         -2.570067044888     h 
         -5.302106243226          2.772996339474          2.701837503864     h 
         -3.451014164605          4.883703351174          0.991120079422     h 
         -6.195040838216          3.737322797056         -0.334935190617     h 
          4.433005618345          6.640814477270         -0.948490676866     h 
          3.116867909006          7.021968161609         -3.966964652327     h 
          1.485449915029          8.119560389084         -1.303091898903     h 
          2.026127084565          6.222286976688          3.427656663398     h 
         -0.837046739132          6.740307456573          1.922175693790     h 
         -0.664544989179          4.614926059284          4.460547192007     h 
$end
