   -0.01032866
   -0.03392958
   -0.06251708
   -0.05515863
   -0.03807736
    0.11705989
   -0.07469510
    0.00927488
   -0.49273017
    0.08065258
   -0.11312350
    0.01231952
   -0.11743834
    0.04737772
   -0.47558332
   -0.11903913
    0.04033085
    0.04176433
    0.03796399
    0.03687695
    0.03527655
    0.02705491
    0.05196464
    0.06035050
    0.31989837
    0.02911337
    0.04747482
    0.03539135
    0.03499364
    0.03444958
    0.03856048
    0.30715503
    0.04641087
    0.04881604
    0.05209003
