$coord
 0.20451018509089 -1.29605144433874  -0.44889520979038  c
 1.16097179888406  1.18734356493637  -1.69685623113495  c
-0.92537202231366  3.22686001753175  -1.62612854247917  c
-2.43465634937071  3.35460700915751   0.83493226709555  c
-3.20294057949705  0.70235105803106   1.69438003625433  c
-0.82196336903716 -0.87308210422561   2.24947830782971  c
-2.22904407260196 -2.14753449087717  -1.79674149704252  c
-4.32758667347091 -0.73222882710578  -0.49224880672808  c
 0.87180211921049  0.05293954791540   4.04777219107375  o
 2.23604665949588 -3.37458572571375  -0.50881408811822  c
-6.73194755890866 -0.72987630251685  -1.15705249612842  c
 3.70259957135958  2.17912321496231  -0.80964848780531  c
 4.02411383457697  3.94799156459298   0.93867262003042  c
 1.44981675331147  0.70805134753556  -3.69552105073459  h
 1.36411488277442 -5.73151246623014   0.35301735020576  o
 5.95064530238002  1.26923479745020  -2.28878309926936  c
-0.07621932915239  5.06507248735523  -2.02339814113371  h
-2.25975300653247  2.82919006981507  -3.14815585234809  h
-1.36965927233021  4.26530509400102   2.34800009589763  h
-4.12946251244127  4.48744654743051   0.51277026774536  h
-4.46736894226201  0.82067156454102   3.31988353216435  h
-1.45221743851557 -2.69519321399767   3.01984136368364  h
-2.18496383326121 -1.79234285240502  -3.82574294806980  h
-2.46906833052339 -4.18196684376881  -1.52758394466103  h
 1.74050875704541  1.49508519045688   3.34576771901862  h
 3.86901928657842 -2.76458159667861   0.61649747328867  h
 2.83141360018689 -3.70639921306647  -2.45968012124334  h
-7.39901572526651 -1.77997545908566  -2.76769568373068  h
-8.12988557567129  0.31877794337821  -0.11519514913127  h
 5.88625641409653  4.62695732229273   1.40445851392393  h
 2.50753700073355  4.86216010614356   1.93837718200541  h
 1.05313607230818 -5.61371389829659   2.14326321415847  h
 7.70267153084542  1.82180234005050  -1.37023865631315  h
 5.94823205011925 -0.76577281717580  -2.54544034633418  h
 5.90822485012438  2.13085179494470  -4.16152496233120  h
$end