           1           2  0.958320735315404     
           2           3  0.987361481379898     
           3           4   1.00883746047885     
           4           5  0.981371611412411     
           1           6  0.959262737347045     
           5           6  0.962387378385527     
           1           7  0.983116943876019     
           5           8  0.994721888555863     
           7           8   1.00659433732524     
           6           9   1.00019043515787     
           1          10  0.974687672207140     
           8          11   1.93539633552210     
           2          12  0.997101133370852     
          12          13   1.91521818142589     
           2          14  0.958593031362759     
          10          15  0.994897775277816     
          12          16   1.02428075114967     
           3          17  0.975420822654944     
           3          18  0.976199804421519     
           4          19  0.966893439193027     
           4          20  0.975501541688928     
           5          21  0.965440153929161     
           6          22  0.955718916531956     
           7          23  0.964119014800145     
           7          24  0.954586187171810     
           9          25  0.852800179642913     
          10          26  0.967979897484315     
          10          27  0.968759042167425     
          11          28  0.974802006018947     
          11          29  0.974822827057750     
          13          30  0.973817246015293     
          13          31  0.961734372926163     
          15          32  0.886115530253308     
          16          33  0.983461481565978     
          16          34  0.971722212868613     
          16          35  0.965162068660841     
