    0.00021653
   -0.03700367
   -0.06194291
   -0.05919550
   -0.03338802
    0.11307274
   -0.07059342
    0.01586083
   -0.50767080
    0.08317189
   -0.11343984
    0.00737788
   -0.11019807
    0.04636308
   -0.47551961
   -0.11677063
    0.04219546
    0.04338929
    0.03738593
    0.04152004
    0.04243431
    0.02672916
    0.06270822
    0.04957886
    0.32559462
    0.03062345
    0.03119916
    0.03258794
    0.03254122
    0.03281679
    0.03504070
    0.31147252
    0.04602601
    0.04462981
    0.05118605
