   -0.00040548
   -0.03627027
   -0.06085398
   -0.05890333
   -0.03655109
    0.11242843
   -0.07111014
    0.01397590
   -0.49449652
    0.08508266
   -0.11374614
    0.00882987
   -0.11483969
    0.04463550
   -0.47297316
   -0.11234528
    0.04182432
    0.04228126
    0.03858704
    0.04044653
    0.04130422
    0.03602225
    0.06173048
    0.04903935
    0.32137261
    0.02602190
    0.02736117
    0.03178453
    0.03244261
    0.03372369
    0.02582308
    0.30892173
    0.05480826
    0.04765434
    0.04639335
