           1           2  0.958471549645994     
           2           3  0.983640207036586     
           3           4   1.00835929743145     
           4           5  0.978935109185533     
           1           6  0.967456111354440     
           5           6  0.966669663018057     
           1           7  0.980981840806382     
           5           8  0.997015016628857     
           7           8   1.00851106400305     
           6           9  0.990139696765854     
           1          10  0.984496988258423     
           8          11   1.93361217216931     
           2          12  0.998650507846649     
          12          13   1.92492716976647     
           2          14  0.960839218141144     
          10          15  0.983215219485989     
          12          16   1.02709048089749     
           3          17  0.975268167986345     
           3          18  0.976932660084472     
           4          19  0.970711508481043     
           4          20  0.975718379561317     
           5          21  0.963397039757384     
           6          22  0.953366447012447     
           7          23  0.952684579488747     
           7          24  0.963957806341606     
           9          25  0.863031066020239     
          10          26  0.971127105503594     
          10          27  0.968716234569483     
          11          28  0.975351780845636     
          11          29  0.975186698619772     
          13          30  0.975379051437609     
          13          31  0.975200394463546     
          15          32  0.888858485444419     
          16          33  0.969478332783833     
          16          34  0.960368808061832     
          16          35  0.981774291085439     
