*************************************************
******************* ORCA 6.1.1 ******************
*************************************************
$Calculation_Status
   &GeometryIndex 1
   &version [&Type "String"] "6.1.1"
   &progName [&Type "String"] "LeanSCF"
   &Status [&Type "String"] "NORMAL TERMINATION"
$End
$Geometry
   &GeometryIndex 1
   &NAtoms [&Type "Integer"] 35
   &NCorelessECP [&Type "Integer"] 0
   &NGhostAtoms [&Type "Integer"] 0
   &CartesianCoordinates [&Type "Coordinates", &Dim(35,4), &Units "Bohr"] 
              C      0.292284512209   -1.173304449552    0.712797913787
              C     -1.746677795836    0.888804770922    1.416368949653
              C     -0.696379176238    3.625641262147    1.016213147629
              C      1.014402772607    3.963508357319   -1.325432602914
              C      2.893603047492    1.732471065686   -1.605989974569
              C      1.368007072197   -0.726834857525   -1.983212141300
              C      2.696078646855   -0.679689340846    2.374531581087
              C      4.267651189202    1.226987658229    0.876338127618
              O      2.974049542602   -2.824363791860   -2.599760605752
              C     -0.703282978864   -3.879390042506    1.160996197802
              C      6.451540918717    2.269056305462    1.605691544293
              C     -4.402487655665    0.567289348807    0.299137498587
              C     -6.318528376234   -0.120195327959    1.828569237531
              H     -2.011238421094    0.665196998621    3.471807176658
              O     -2.586013272560   -4.709920897967   -0.596862455801
              C     -4.920879186512    1.140314848855   -2.463880083174
              H     -2.276449067922    4.979922031536    0.949389052703
              H      0.408771683299    4.132860218273    2.705609973074
              H     -0.117048161048    4.106329284439   -3.069800490688
              H      2.067935105171    5.751494400671   -1.152096761610
              H      4.198184746915    2.110850934583   -3.187136227802
              H     -0.107502250678   -0.507515295609   -3.434715295731
              H      3.771914066579   -2.445493427726    2.625851896313
              H      2.216777971539    0.007511208037    4.279896414806
              H      3.901554768454   -2.387440304466   -4.139580112940
              H     -1.393693261789   -4.024083642115    3.132891426156
              H      0.874769018279   -5.215542547394    0.965832543019
              H      7.310062235158    1.836616711484    3.433923479316
              H      7.473423385910    3.596016231336    0.397088387225
              H     -8.253816370572   -0.299012961477    1.131110944711
              H     -6.025532139306   -0.513196510055    3.834358267089
              H     -4.152505153915   -3.812486484974   -0.187561434701
              H     -4.231470233938    3.029020672393   -2.997991243229
              H     -3.988674145625   -0.228255933373   -3.721945122178
              H     -6.959822603342    1.073348394245   -2.860170148791
$End
$SCF_Energy
   &GeometryIndex 1
   &Method [&Type "String"] "SCF"
   &totalEnergy [&Type "ArrayOfDoubles", &Dim (1,1)] "Total energy of each state"
                                                         0

0                                     -6.5777006342334380e+02
   &Mult [&Type "ArrayOfIntegers", &Dim (1,1)] "Multiplicity of each state"
                                                         0

0                                                        1
$End
$DFT_Energy
   &GeometryIndex 1
   &nAlphaEl [&Type "Integer"] 57
   &nBetaEl [&Type "Integer"] 57
   &nTotalEl [&Type "Integer"] 114
   &finalEn [&Type "Double"]      -6.5777006342334380e+02  "No Van der Waals correction"
   &eExchange [&Type "Double"]      -9.1092915254214446e+01
   &eCorr [&Type "Double"]      -4.0411950225678082e+00
   &eXC [&Type "Double"]      -9.5134110276782252e+01
   &eCNL [&Type "Double"]       0.0000000000000000e+00
$End
$Solvation_Details
   &GeometryIndex 1
   &Solvent [&Type "String"] "CHLOROFORM"
   &Epsilon [&Type "Double"]       4.8029999999999999e+00
   &Refrac [&Type "Double"]       1.4459000000000000e+00
   &RSolv [&Type "Double"]       1.3000000000000000e+00
   &SurfaceType [&Type "String"] "GAUSSIAN VDW"
   &CPCMDielEnergy [&Type "Double"]      -1.3997544000000001e-02
   &NPoints [&Type "Integer"] 2574
   &SurfaceArea [&Type "Double"]       9.1190583570399997e+02
$End
$SCF_Timings
   &GeometryIndex 1
   &TOTAL [&Type "Double"]       1.4657387000000000e+01
   &PREP [&Type "Double"]       5.0949600000000006e-01
   &FOCK [&Type "Double"]       1.0866333000000001e+01
   &DENS [&Type "Double"]       1.9655299999999976e-01
   &ETOT [&Type "Double"]       1.0968299999999975e-01
   &POP [&Type "Double"]       1.0000000010279564e-06
   &TRAFO [&Type "Double"]       3.7213400000000085e-01
   &DIIS [&Type "Double"]       1.6261930000000011e+00
   &SOSCF [&Type "Double"]       7.3440800000000017e-01
   &XC [&Type "Double"]       3.7428220000000016e+00
   &FOCKSTART [&Type "Double"]       2.8899999999995374e-02
   &SOLV [&Type "Double"]       4.3851549999999992e+00
   &SOLV_INIT [&Type "Double"]       2.5656000000000001e-01
   &INT_PREP [&Type "Double"]       1.0000000000287557e-06
   &INT_BF [&Type "Double"]       1.0378589999999901e+00
   &INT_DENS [&Type "Double"]       8.3552199999998678e-01
   &INT_DENSIO [&Type "Double"]       1.9664763856000012e+04
   &INT_FUNC [&Type "Double"]       3.3481899999997844e-01
   &INT_POT [&Type "Double"]       7.9904499999999090e-01
   &INT_POTIO [&Type "Double"]       1.1440999999999701e-02
   &INT_SUM [&Type "Double"]       1.2269999999978687e-03
   &SPLITRIJ [&Type "Double"]       3.2772210000000013e+00
$End
$Single_Point_Data
   &GeometryIndex 1
   &FinalEnergy [&Type "Double"]      -6.5777006342334380e+02  "Final single point energy"
   &Converged [&Type "Boolean"] true
$End
$Calculation_Info
   &GeometryIndex 1
   &Mult [&Type "Integer"] 1
   &Charge [&Type "Integer"] 0
   &NumOfAtoms [&Type "Integer"] 35
   &NumOfElectrons [&Type "Integer"] 114
   &NumOfBasisFuncts [&Type "Integer"] 605
   &NumOfAuxCBasisFuncts [&Type "Integer"] 0
   &NumOfAuxJBasisFuncts [&Type "Integer"] 955
   &NumOfAuxJKBasisFuncts [&Type "Integer"] 0
   &NumOfCABSBasisFuncts [&Type "Integer"] 0
$End
$SCF_Dipole_Moment
   &GeometryIndex 1
   &dipoleMagnitude [&Type "Double", &Units "a.u."]       1.3137029345748723e+00
   &dipoleElecContrib [&Type "ArrayOfDoubles", &Dim (3,1)] "Electronic contribution"
                                                         0

0                                      3.5001518020235545e+00
1                                     -4.6451630008719782e+00
2                                     -1.2152474671033653e+00
   &dipoleNucContrib [&Type "ArrayOfDoubles", &Dim (3,1)] "Nuclear contribution"
                                                         0

0                                     -3.6757009678111610e+00
1                                      5.9454093885496260e+00
2                                      1.1492382099257963e+00
   &dipoleTotal [&Type "ArrayOfDoubles", &Dim (3,1)] "Total"
                                                         0

0                                     -1.7554916578760649e-01
1                                      1.3002463876776478e+00
2                                     -6.6009257177569003e-02
   &doAtomicDipole [&Type "Boolean"] false
   &Method [&Type "String"] "SCF"
   &Level [&Type "String"] "Relaxed density"
   &Mult [&Type "Integer"] 1
   &State [&Type "Integer"] -1
   &Irrep [&Type "Integer"] 0
$End
$SCF_Spin_Spin_Coupling
   &GeometryIndex 1
   &numOfNucPairs [&Type "Integer"] 187 "Number of nuclei pairs to calculate"
   &numOfNucPairsDSO [&Type "Integer"] 0 "number of nuclear pairs to calculate DSO"
   &numOfNucPairsPSO [&Type "Integer"] 0 "number of nuclear pairs to calculate PSO"
   &numOfNucPairsFC [&Type "Integer"] 187 "number of nuclear pairs to calculate FC"
   &numOfNucPairsSD [&Type "Integer"] 0 "number of nuclear pairs to calculate SD"
   &numOfNucPairsSD_FC [&Type "Integer"] 0 "number of nuclear pairs to calculate SD/FC"
   &pairsInfo [&Type "ArrayOfIntegers", &Dim (187,4)] "Pairs Info: Col1->Index of A. Col2->Atom. Num. of A.  Col3->Index of B. Col4->Atom. Num. of B."
                                                         0                           1                           2                           3

0                                                       13                           1                          16                           1
1                                                       13                           1                          17                           1
2                                                       13                           1                          18                           1
3                                                       13                           1                          19                           1
4                                                       13                           1                          20                           1
5                                                       13                           1                          21                           1
6                                                       13                           1                          22                           1
7                                                       13                           1                          23                           1
8                                                       13                           1                          24                           1
9                                                       13                           1                          25                           1
10                                                      13                           1                          26                           1
11                                                      13                           1                          27                           1
12                                                      13                           1                          28                           1
13                                                      13                           1                          29                           1
14                                                      13                           1                          30                           1
15                                                      13                           1                          31                           1
16                                                      13                           1                          32                           1
17                                                      13                           1                          33                           1
18                                                      13                           1                          34                           1
19                                                      16                           1                          17                           1
20                                                      16                           1                          18                           1
21                                                      16                           1                          19                           1
22                                                      16                           1                          20                           1
23                                                      16                           1                          21                           1
24                                                      16                           1                          22                           1
25                                                      16                           1                          23                           1
26                                                      16                           1                          24                           1
27                                                      16                           1                          25                           1
28                                                      16                           1                          26                           1
29                                                      16                           1                          27                           1
30                                                      16                           1                          28                           1
31                                                      16                           1                          29                           1
32                                                      16                           1                          30                           1
33                                                      16                           1                          31                           1
34                                                      16                           1                          32                           1
35                                                      16                           1                          33                           1
36                                                      16                           1                          34                           1
37                                                      17                           1                          18                           1
38                                                      17                           1                          19                           1
39                                                      17                           1                          20                           1
40                                                      17                           1                          21                           1
41                                                      17                           1                          22                           1
42                                                      17                           1                          23                           1
43                                                      17                           1                          24                           1
44                                                      17                           1                          25                           1
45                                                      17                           1                          26                           1
46                                                      17                           1                          27                           1
47                                                      17                           1                          28                           1
48                                                      17                           1                          29                           1
49                                                      17                           1                          30                           1
50                                                      17                           1                          31                           1
51                                                      17                           1                          32                           1
52                                                      17                           1                          33                           1
53                                                      17                           1                          34                           1
54                                                      18                           1                          19                           1
55                                                      18                           1                          20                           1
56                                                      18                           1                          21                           1
57                                                      18                           1                          22                           1
58                                                      18                           1                          23                           1
59                                                      18                           1                          24                           1
60                                                      18                           1                          25                           1
61                                                      18                           1                          26                           1
62                                                      18                           1                          27                           1
63                                                      18                           1                          28                           1
64                                                      18                           1                          29                           1
65                                                      18                           1                          30                           1
66                                                      18                           1                          31                           1
67                                                      18                           1                          32                           1
68                                                      18                           1                          33                           1
69                                                      18                           1                          34                           1
70                                                      19                           1                          20                           1
71                                                      19                           1                          21                           1
72                                                      19                           1                          22                           1
73                                                      19                           1                          23                           1
74                                                      19                           1                          24                           1
75                                                      19                           1                          25                           1
76                                                      19                           1                          26                           1
77                                                      19                           1                          27                           1
78                                                      19                           1                          28                           1
79                                                      19                           1                          29                           1
80                                                      19                           1                          30                           1
81                                                      19                           1                          31                           1
82                                                      19                           1                          32                           1
83                                                      19                           1                          33                           1
84                                                      19                           1                          34                           1
85                                                      20                           1                          21                           1
86                                                      20                           1                          22                           1
87                                                      20                           1                          23                           1
88                                                      20                           1                          24                           1
89                                                      20                           1                          25                           1
90                                                      20                           1                          26                           1
91                                                      20                           1                          27                           1
92                                                      20                           1                          28                           1
93                                                      20                           1                          29                           1
94                                                      20                           1                          30                           1
95                                                      20                           1                          31                           1
96                                                      20                           1                          32                           1
97                                                      20                           1                          33                           1
98                                                      20                           1                          34                           1
99                                                      21                           1                          22                           1
100                                                     21                           1                          23                           1
101                                                     21                           1                          24                           1
102                                                     21                           1                          25                           1
103                                                     21                           1                          26                           1
104                                                     21                           1                          27                           1
105                                                     21                           1                          28                           1
106                                                     21                           1                          29                           1
107                                                     21                           1                          30                           1
108                                                     21                           1                          31                           1
109                                                     21                           1                          32                           1
110                                                     21                           1                          33                           1
111                                                     21                           1                          34                           1
112                                                     22                           1                          23                           1
113                                                     22                           1                          24                           1
114                                                     22                           1                          25                           1
115                                                     22                           1                          26                           1
116                                                     22                           1                          27                           1
117                                                     22                           1                          28                           1
118                                                     22                           1                          29                           1
119                                                     22                           1                          30                           1
120                                                     22                           1                          31                           1
121                                                     22                           1                          32                           1
122                                                     22                           1                          33                           1
123                                                     22                           1                          34                           1
124                                                     23                           1                          24                           1
125                                                     23                           1                          25                           1
126                                                     23                           1                          26                           1
127                                                     23                           1                          27                           1
128                                                     23                           1                          28                           1
129                                                     23                           1                          29                           1
130                                                     23                           1                          30                           1
131                                                     23                           1                          31                           1
132                                                     23                           1                          32                           1
133                                                     23                           1                          33                           1
134                                                     23                           1                          34                           1
135                                                     24                           1                          25                           1
136                                                     24                           1                          26                           1
137                                                     24                           1                          27                           1
138                                                     24                           1                          28                           1
139                                                     24                           1                          29                           1
140                                                     24                           1                          30                           1
141                                                     24                           1                          31                           1
142                                                     24                           1                          32                           1
143                                                     24                           1                          33                           1
144                                                     24                           1                          34                           1
145                                                     25                           1                          26                           1
146                                                     25                           1                          27                           1
147                                                     25                           1                          28                           1
148                                                     25                           1                          29                           1
149                                                     25                           1                          30                           1
150                                                     25                           1                          31                           1
151                                                     25                           1                          32                           1
152                                                     25                           1                          33                           1
153                                                     25                           1                          34                           1
154                                                     26                           1                          27                           1
155                                                     26                           1                          28                           1
156                                                     26                           1                          29                           1
157                                                     26                           1                          30                           1
158                                                     26                           1                          31                           1
159                                                     26                           1                          32                           1
160                                                     26                           1                          33                           1
161                                                     26                           1                          34                           1
162                                                     27                           1                          28                           1
163                                                     27                           1                          30                           1
164                                                     27                           1                          31                           1
165                                                     27                           1                          32                           1
166                                                     27                           1                          33                           1
167                                                     28                           1                          30                           1
168                                                     28                           1                          31                           1
169                                                     28                           1                          32                           1
170                                                     28                           1                          33                           1
171                                                     28                           1                          34                           1
172                                                     29                           1                          30                           1
173                                                     29                           1                          31                           1
174                                                     29                           1                          32                           1
175                                                     29                           1                          33                           1
176                                                     29                           1                          34                           1
177                                                     30                           1                          31                           1
178                                                     30                           1                          32                           1
179                                                     30                           1                          33                           1
180                                                     30                           1                          34                           1
181                                                     31                           1                          32                           1
182                                                     31                           1                          33                           1
183                                                     31                           1                          34                           1
184                                                     32                           1                          33                           1
185                                                     32                           1                          34                           1
186                                                     33                           1                          34                           1
   &pairsDistances [&Type "ArrayOfDoubles", &Dim (187,1)] "The distances of each pair"
                                                         0

0                                      2.6485190807641379e+00
1                                      2.2741199058593109e+00
2                                      4.0377982228358302e+00
3                                      4.2297967293126622e+00
4                                      4.8784392689726479e+00
5                                      3.8415319818507636e+00
6                                      3.5036522030412516e+00
7                                      2.3043028330033870e+00
8                                      5.3500034097625537e+00
9                                      2.5093033521934283e+00
10                                     3.7114923634126993e+00
11                                     4.9714587855295527e+00
12                                     5.4994321377697668e+00
13                                     3.5647200524645197e+00
14                                     2.2222046059970828e+00
15                                     3.2631682078738269e+00
16                                     3.8296998501133079e+00
17                                     3.9761807207677773e+00
18                                     4.2581180406422607e+00
19                                     1.7560581305899277e+00
20                                     2.4582580290830740e+00
21                                     2.5862228179117754e+00
22                                     4.3400046485924140e+00
23                                     3.8899625331121510e+00
24                                     5.1450073965938978e+00
25                                     3.9602201693786472e+00
26                                     5.7566932758037392e+00
27                                     4.9250184356422126e+00
28                                     5.6470409781880946e+00
29                                     5.4982117670246780e+00
30                                     5.2193143783818003e+00
31                                     4.2211327657995392e+00
32                                     3.8361888654565606e+00
33                                     4.7953701782692004e+00
34                                     2.5494006582861521e+00
35                                     3.8114792619639131e+00
36                                     3.8052237302507819e+00
37                                     3.0688882229122854e+00
38                                     2.3815738357144105e+00
39                                     3.8587372236315218e+00
40                                     4.0819845621390911e+00
41                                     3.9098935743926253e+00
42                                     2.5248890169552762e+00
43                                     5.3331633143145494e+00
44                                     4.4263762151213824e+00
45                                     5.0379397055732387e+00
46                                     3.8681002879576112e+00
47                                     3.9432323133243230e+00
48                                     5.2161139651468069e+00
49                                     4.2420140714494288e+00
50                                     5.0840745773583134e+00
51                                     3.9345090059833736e+00
52                                     4.7233424580206558e+00
53                                     5.1478554307312079e+00
54                                     1.7676663637257461e+00
55                                     2.5166221854882576e+00
56                                     2.4491711421810032e+00
57                                     5.0338874210098643e+00
58                                     4.6212987927334988e+00
59                                     4.0805925231621467e+00
60                                     5.4535254218742955e+00
61                                     5.4009094559315143e+00
62                                     5.3604368591338156e+00
63                                     4.4240922446279969e+00
64                                     5.3773803230878867e+00
65                                     5.3944317772252681e+00
66                                     4.9443351347262023e+00
67                                     2.2509769970265889e+00
68                                     3.0948231025588426e+00
69                                     3.9623494671466659e+00
70                                     2.4783145526907684e+00
71                                     3.7087009075736548e+00
72                                     4.8605740310579595e+00
73                                     4.1842509659402181e+00
74                                     4.6894021751856396e+00
75                                     5.9377814357978380e+00
76                                     5.9443625324482516e+00
77                                     4.2280479349473907e+00
78                                     3.1867438266369472e+00
79                                     6.4455484939669105e+00
80                                     6.0246144922656715e+00
81                                     6.0588811286474984e+00
82                                     3.7605738166744400e+00
83                                     4.7047410382446211e+00
84                                     5.4559934241571426e+00
85                                     2.6699115505492594e+00
86                                     3.9149390925856089e+00
87                                     4.2369414230044971e+00
88                                     2.4382245592491083e+00
89                                     5.5209510188024797e+00
90                                     4.7909766062123200e+00
91                                     3.8741199510744200e+00
92                                     2.6868224410971062e+00
93                                     7.0899286875513097e+00
94                                     6.7084852437638123e+00
95                                     5.6455395636380326e+00
96                                     4.4882805164369524e+00
97                                     4.5145391336990768e+00
98                                     5.9325567190306350e+00
99                                     3.9435635073543405e+00
100                                    4.2723568416822859e+00
101                                    2.3726674195934883e+00
102                                    4.0005936348357700e+00
103                                    3.4496184591116736e+00
104                                    5.4915596843597081e+00
105                                    4.9920268998012345e+00
106                                    4.9429988463412986e+00
107                                    4.9602436417101687e+00
108                                    3.2547147870886692e+00
109                                    2.8841335843734623e+00
110                                    2.0647394814346796e+00
111                                    3.7337390231650778e+00
112                                    1.7687144223509723e+00
113                                    3.5809014321105881e+00
114                                    2.8708795189763592e+00
115                                    2.2958172393652894e+00
116                                    2.9703739774521716e+00
117                                    3.9304865392391664e+00
118                                    6.5125317123906461e+00
119                                    5.3230127447592235e+00
120                                    4.5082787748602540e+00
121                                    5.9317927099199288e+00
122                                    5.4337352179893923e+00
123                                    6.6442588694365217e+00
124                                    4.7171584926739207e+00
125                                    2.9274970854244127e+00
126                                    3.3494993595360083e+00
127                                    2.8985602118745279e+00
128                                    3.9453306179057575e+00
129                                    5.7881961555872783e+00
130                                    4.3766927528724135e+00
131                                    4.5864228414537056e+00
132                                    5.3881849555827213e+00
133                                    5.3599327370761438e+00
134                                    6.1786182796502223e+00
135                                    4.8386331749845715e+00
136                                    3.4791070437230913e+00
137                                    4.9306861965175521e+00
138                                    4.4001763795317048e+00
139                                    7.0975814997396949e+00
140                                    6.8106471281711967e+00
141                                    4.8069884813408734e+00
142                                    5.2060756678680935e+00
143                                    4.3344817091832972e+00
144                                    6.0701831225261991e+00
145                                    1.7758322715786810e+00
146                                    5.5549440423585885e+00
147                                    6.3540125138858263e+00
148                                    4.2645434083980627e+00
149                                    3.0979389487489630e+00
150                                    2.2871981460040307e+00
151                                    5.1682758133779503e+00
152                                    4.3679088765480945e+00
153                                    5.0999725245394254e+00
154                                    5.2181654936676702e+00
155                                    5.8331863395865087e+00
156                                    5.4874082138775169e+00
157                                    4.6722078566749774e+00
158                                    2.8286177374011117e+00
159                                    5.5439590857814052e+00
160                                    4.4432412938736370e+00
161                                    5.6888216591725094e+00
162                                    1.8592534777371590e+00
163                                    7.1687409556684587e+00
164                                    7.0286601102359541e+00
165                                    7.0202956024140208e+00
166                                    7.1611500491779188e+00
167                                    7.6853266758219023e+00
168                                    7.3016856512916881e+00
169                                    6.4562348589176457e+00
170                                    6.7554849142483517e+00
171                                    7.9428102146594490e+00
172                                    1.8573043001761869e+00
173                                    2.9417753831833200e+00
174                                    3.5222919528313001e+00
175                                    3.4191808963472070e+00
176                                    2.3360713708603189e+00
177                                    2.9257988439132880e+00
178                                    4.1817376524933936e+00
179                                    4.1440928607346059e+00
180                                    3.6741339525931025e+00
181                                    3.9141579198068910e+00
182                                    2.6651529428060017e+00
183                                    3.3002696109970424e+00
184                                    1.7704050411758665e+00
185                                    1.7778744045432409e+00
186                                    1.7760619653599428e+00
   &pairsTotalSSCIso [&Type "ArrayOfDoubles", &Dim (187,1)] "The Spin-Spin coupling constant for each pair"
                                                         0

0                                      5.8803329949103866e-01
1                                      8.1829128622280543e+00
2                                     -5.7893152801333714e-01
3                                      7.8061897148485360e-01
4                                      1.8471226796043741e-01
5                                     -3.0524201994667288e-01
6                                     -1.9746166873164228e-01
7                                     -4.3953479313038130e-01
8                                      9.3572135837423143e-01
9                                     -3.1065407686765406e-01
10                                    -1.4679504060098009e-01
11                                     6.6857591493117846e-03
12                                     2.8227744707251819e-02
13                                     6.2288798205124407e-01
14                                    -6.0165588330826103e-01
15                                     9.2149358093605804e-02
16                                    -3.2512998757644107e-01
17                                    -5.6923571163666209e-01
18                                     1.3850697000033088e+00
19                                    -1.5485626376014391e+01
20                                     5.9766594662085213e+00
21                                     1.1848936629255964e+00
22                                     4.2848526026256289e-01
23                                     7.8792494664366802e-02
24                                    -4.3974942461773636e-02
25                                    -4.5240461465595502e-02
26                                    -1.1213244927614024e-02
27                                     1.3025495598845208e-01
28                                     7.3980483871736613e-01
29                                    -4.0576104757085261e-03
30                                     2.1784918978002266e-02
31                                     1.9391063174797402e-01
32                                     6.8575847185806366e-02
33                                     4.2945322202005955e-02
34                                    -8.5193077818896581e-02
35                                     1.5466565729846563e-01
36                                     5.3474348859289429e-02
37                                     1.3779233349591857e+01
38                                     6.4925418228117397e+00
39                                    -5.2213917631614426e-01
40                                    -3.4599608635435689e-03
41                                     3.7736162755904268e-01
42                                    -8.7560397227227083e-02
43                                    -3.4917302347855185e-03
44                                     3.9206185833617513e-02
45                                    -8.9679324944796690e-02
46                                    -3.6344647738475441e-02
47                                    -1.5430755399838604e-02
48                                     3.9048162024431191e-02
49                                    -1.7967068096702909e-01
50                                     4.6837987642932351e-02
51                                    -5.5371619769423966e-02
52                                     2.6698811328860450e-01
53                                    -3.9338333525886428e-02
54                                    -1.3697143590299607e+01
55                                     2.3188568920277079e+00
56                                    -2.4932413773314083e-01
57                                    -4.2525035803656791e-01
58                                    -5.8365493233860262e-02
59                                     6.7093120891203867e-02
60                                    -1.0891693587471135e-02
61                                    -4.6499220983467178e-03
62                                     1.0238383168933986e-01
63                                    -6.8068035217015960e-02
64                                    -5.9362700977424250e-02
65                                    -5.4563088342056566e-02
66                                     2.2771505271384712e-03
67                                    -5.1498900540130710e-01
68                                     8.6454305207695398e-02
69                                     1.7947802527142076e-01
70                                     4.7566290118288217e+00
71                                    -1.8070789127247980e-01
72                                     1.3979780179098178e-01
73                                     7.8558279704113304e-02
74                                     4.4433146451701024e-02
75                                    -4.2397244503470002e-02
76                                    -1.2367504191013035e-02
77                                     1.2046581593551715e-01
78                                     8.0543735454359333e-02
79                                    -3.1357775045254291e-02
80                                    -7.3652790282739244e-02
81                                     4.2986962023894727e-03
82                                    -9.2741550084735738e-02
83                                     1.3116771417216403e-02
84                                     1.7178033622032784e-01
85                                     8.7100472492633418e-01
86                                     2.8064954577838053e-01
87                                    -1.3526870230792742e+00
88                                    -8.8916094914742255e-02
89                                     1.1034429909673822e+00
90                                    -4.2165322538054675e-02
91                                    -1.1509993347182033e+00
92                                    -1.0678202575192119e+00
93                                    -1.4018422283845500e-02
94                                    -8.9585642210943429e-03
95                                    -6.1089043659124879e-03
96                                     1.0100107231753613e-02
97                                     6.9309931271637837e-03
98                                     1.1010521612206982e-02
99                                    -6.9674364060344873e-01
100                                    9.4653356877703720e-01
101                                    4.1592841937893771e-01
102                                   -4.9194479556634835e-01
103                                   -1.0001484839093713e-01
104                                    8.7395888878477401e-01
105                                    2.5645917639171689e-01
106                                   -1.8240372351924751e-02
107                                   -1.5319476024676780e-02
108                                   -3.1384269732555407e-06
109                                    7.2337505085683151e-02
110                                   -6.8768988405176334e-01
111                                    1.9137414512853217e-02
112                                   -1.8335551755351975e+01
113                                    1.6060408182141196e-02
114                                   -2.1860608778936291e-01
115                                   -4.0836812812271361e-01
116                                   -2.6642305084870728e+00
117                                   -3.1315842857977199e+00
118                                    6.8627739424159423e-02
119                                   -2.2939429159848996e-02
120                                    1.4739200753765839e-02
121                                    1.2460011791774226e-02
122                                   -6.6210435466988099e-02
123                                    6.6766179764970015e-03
124                                   -1.6601129142487742e-01
125                                   -4.5773157292121204e-02
126                                   -1.6489202662040864e-01
127                                   -2.0317568744776033e+00
128                                   -2.3805723484214498e+00
129                                    5.4850608266177568e-03
130                                    6.5832586232262439e-03
131                                    6.5363544418356290e-02
132                                   -7.0842261298967417e-03
133                                   -1.0166113660356996e-02
134                                    1.1599263518708965e-02
135                                   -1.2835999435926285e-01
136                                    6.0486303147520640e-02
137                                    4.6660413130614180e-03
138                                   -2.0679192217995168e-03
139                                   -5.9493284097347169e-04
140                                   -5.5822196059198449e-03
141                                   -2.4303552442714932e-03
142                                   -2.6024094221347239e-03
143                                   -5.2952747540997696e-03
144                                   -1.1427133366495638e-02
145                                   -1.2709970027815965e+01
146                                   -4.3602350990659270e-03
147                                   -3.0011589279934085e-02
148                                    6.3336927713857211e-02
149                                    2.9748469060533508e-02
150                                    3.7373033002952845e+00
151                                   -2.1173111070391704e-02
152                                   -3.7817056213556945e-02
153                                   -6.9909608823537847e-03
154                                   -2.7745848228852971e-02
155                                   -3.0128995784916290e-02
156                                    3.9549427444059478e-03
157                                   -5.2735693413688736e-02
158                                    1.4044497735283246e+01
159                                    1.3887300539404918e-02
160                                    2.8243122935698471e-03
161                                   -1.3669473529038877e-02
162                                    3.7219014739962208e-01
163                                    1.0614550504405577e-05
164                                   -9.8013984581944817e-03
165                                   -4.7785286215772327e-04
166                                   -4.9518047149912725e-03
167                                   -2.1365870510415075e-03
168                                   -2.3903815002664936e-02
169                                    7.6660005713640573e-04
170                                   -3.0118491559776297e-03
171                                    1.3433205955646781e-02
172                                    1.9556301708281822e+00
173                                    5.3037752252137818e-02
174                                   -1.8438072271714954e+00
175                                   -2.3912774366167406e+00
176                                   -4.7082678512284903e-01
177                                    8.7564959723399699e-02
178                                   -8.2954575032664979e-01
179                                   -2.2138452720491295e+00
180                                    6.0354013327042300e-01
181                                    1.5977889611381918e-01
182                                    1.6338328679798586e-01
183                                   -1.5108483361172685e-03
184                                   -1.7720661926435241e+01
185                                   -1.3164253142691807e+01
186                                   -1.4143731418360540e+01
   &Method [&Type "String"] "SCF"
   &Level [&Type "String"] "Relaxed density"
   &Mult [&Type "Integer"] 1
   &State [&Type "Integer"] -1
   &Irrep [&Type "Integer"] 0
$End
$Calculation_Timings
   &GeometryIndex 1
   &GTOINT [&Type "Double"]       1.5978900000000000e+00
   &SCF [&Type "Double"]       1.6595388000000000e+01
   &PROPINT [&Type "Double"]       1.1304119999999998e+00
   &RESPONSE [&Type "Double"]       8.8896920000000001e+00
   &PROP [&Type "Double"]       6.3659200000000027e-01
   &SUM [&Type "Double"]       2.8849974000000000e+01
$End
