*************************************************
******************* ORCA 6.1.1 ******************
*************************************************
$Calculation_Status
   &GeometryIndex 1
   &version [&Type "String"] "6.1.1"
   &progName [&Type "String"] "LeanSCF"
   &Status [&Type "String"] "NORMAL TERMINATION"
$End
$Geometry
   &GeometryIndex 1
   &NAtoms [&Type "Integer"] 35
   &NCorelessECP [&Type "Integer"] 0
   &NGhostAtoms [&Type "Integer"] 0
   &CartesianCoordinates [&Type "Coordinates", &Dim(35,4), &Units "Bohr"] 
              C      0.203432598781   -1.237613723962    0.193326181278
              C     -1.759842333897    0.708436808540    1.304783807145
              C     -0.666726675424    3.459074596732    1.365267867301
              C      1.061760522538    4.175398553725   -0.876350986260
              C      2.882012917184    1.983294939273   -1.560771425612
              C      1.283002083898   -0.294031610318   -2.393785492896
              C      2.636941140724   -1.171676069330    1.869444746644
              C      4.225062238759    0.987328405693    0.789704073882
              O      2.957765254532   -2.091730431770   -3.554132024208
              C     -0.955613157688   -3.905103328503    0.006183013079
              C      6.398911929102    1.868327014643    1.730916449600
              C     -4.434670423806    0.591829024357    0.204102536742
              C     -6.371448046736   -0.077275154823    1.710817218127
              H     -1.985234124642    0.156339249881    3.300213574599
              O     -1.808534485592   -4.898509873143    2.377857785377
              C     -4.937502035082    1.322679854162   -2.522688054137
              H     -2.230776783438    4.822882001851    1.529667149121
              H      0.440734070632    3.650993223814    3.117050872238
              H     -0.058350742843    4.667326677455   -2.564553343217
              H      2.162724036768    5.871225418761   -0.377683880306
              H      4.203040089435    2.587737975714   -3.050452167216
              H     -0.199186787803    0.260204190846   -3.744221176995
              H      3.671626448240   -2.970579270128    1.689030011083
              H      2.214295389373   -0.919951888827    3.890239624101
              H      1.939404647825   -3.429575829296   -4.321811326393
              H      0.500851190193   -5.235038162735   -0.654133940334
              H     -2.500344677638   -3.917186884067   -1.404097110658
              H      7.236968086178    1.093864326205    3.452555024184
              H      7.429867241506    3.405678905162    0.814706559047
              H     -8.317244766719   -0.126912919995    1.022792856931
              H     -6.097002519940   -0.554066459026    3.702641815573
              H     -3.409536465669   -4.069321189055    2.789279843971
              H     -4.068881414823    3.153330347807   -2.996616427027
              H     -4.165681806822   -0.076504807586   -3.856872015816
              H     -6.978270129704    1.469187736557   -2.885758333028
$End
$SCF_Energy
   &GeometryIndex 1
   &Method [&Type "String"] "SCF"
   &totalEnergy [&Type "ArrayOfDoubles", &Dim (1,1)] "Total energy of each state"
                                                         0

0                                     -6.5776856311055144e+02
   &Mult [&Type "ArrayOfIntegers", &Dim (1,1)] "Multiplicity of each state"
                                                         0

0                                                        1
$End
$DFT_Energy
   &GeometryIndex 1
   &nAlphaEl [&Type "Integer"] 57
   &nBetaEl [&Type "Integer"] 57
   &nTotalEl [&Type "Integer"] 113
   &finalEn [&Type "Double"]      -6.5776856311055144e+02  "No Van der Waals correction"
   &eExchange [&Type "Double"]      -9.1094007773366386e+01
   &eCorr [&Type "Double"]      -4.0400023198390684e+00
   &eXC [&Type "Double"]      -9.5134010093205461e+01
   &eCNL [&Type "Double"]       0.0000000000000000e+00
$End
$Solvation_Details
   &GeometryIndex 1
   &Solvent [&Type "String"] "CHLOROFORM"
   &Epsilon [&Type "Double"]       4.8029999999999999e+00
   &Refrac [&Type "Double"]       1.4459000000000000e+00
   &RSolv [&Type "Double"]       1.3000000000000000e+00
   &SurfaceType [&Type "String"] "GAUSSIAN VDW"
   &CPCMDielEnergy [&Type "Double"]      -1.4620713000000000e-02
   &NPoints [&Type "Integer"] 2621
   &SurfaceArea [&Type "Double"]       9.1847037874000000e+02
$End
$SCF_Timings
   &GeometryIndex 1
   &TOTAL [&Type "Double"]       1.4653233000000000e+01
   &PREP [&Type "Double"]       5.4411300000000007e-01
   &FOCK [&Type "Double"]       1.0875349999999999e+01
   &DENS [&Type "Double"]       2.1595199999999615e-01
   &ETOT [&Type "Double"]       1.1362399999999884e-01
   &TRAFO [&Type "Double"]       3.9029100000000039e-01
   &DIIS [&Type "Double"]       1.5610669999999998e+00
   &SOSCF [&Type "Double"]       7.7128999999999870e-01
   &XC [&Type "Double"]       3.6979250000000010e+00
   &FOCKSTART [&Type "Double"]       2.8052000000001853e-02
   &SOLV [&Type "Double"]       4.5666099999999989e+00
   &SOLV_INIT [&Type "Double"]       2.7063499999999996e-01
   &INT_PREP [&Type "Double"]       7.0000000008674235e-06
   &INT_BF [&Type "Double"]       1.0701490000000158e+00
   &INT_DENS [&Type "Double"]       8.8129299999997812e-01
   &INT_DENSIO [&Type "Double"]       1.9746588092000013e+04
   &INT_FUNC [&Type "Double"]       3.3848799999999746e-01
   &INT_POT [&Type "Double"]       8.4255499999999561e-01
   &INT_POTIO [&Type "Double"]       1.2371000000017784e-02
   &INT_SUM [&Type "Double"]       7.9699999999949256e-04
   &SPLITRIJ [&Type "Double"]       3.1439449999999995e+00
$End
$Single_Point_Data
   &GeometryIndex 1
   &FinalEnergy [&Type "Double"]      -6.5776856311055144e+02  "Final single point energy"
   &Converged [&Type "Boolean"] true
$End
$Calculation_Info
   &GeometryIndex 1
   &Mult [&Type "Integer"] 1
   &Charge [&Type "Integer"] 0
   &NumOfAtoms [&Type "Integer"] 35
   &NumOfElectrons [&Type "Integer"] 114
   &NumOfBasisFuncts [&Type "Integer"] 605
   &NumOfAuxCBasisFuncts [&Type "Integer"] 0
   &NumOfAuxJBasisFuncts [&Type "Integer"] 955
   &NumOfAuxJKBasisFuncts [&Type "Integer"] 0
   &NumOfCABSBasisFuncts [&Type "Integer"] 0
$End
$SCF_Dipole_Moment
   &GeometryIndex 1
   &dipoleMagnitude [&Type "Double", &Units "a.u."]       1.4481614062681076e+00
   &dipoleElecContrib [&Type "ArrayOfDoubles", &Dim (3,1)] "Electronic contribution"
                                                         0

0                                      4.0267410434344617e+00
1                                     -4.2844727214318095e+00
2                                     -2.1569628626756063e-01
   &dipoleNucContrib [&Type "ArrayOfDoubles", &Dim (3,1)] "Nuclear contribution"
                                                         0

0                                     -5.1975361829452753e+00
1                                      4.8731637769499381e+00
2                                     -4.0062590305814361e-01
   &dipoleTotal [&Type "ArrayOfDoubles", &Dim (3,1)] "Total"
                                                         0

0                                     -1.1707951395108136e+00
1                                      5.8869105551812861e-01
2                                     -6.1632218932570426e-01
   &doAtomicDipole [&Type "Boolean"] false
   &Method [&Type "String"] "SCF"
   &Level [&Type "String"] "Relaxed density"
   &Mult [&Type "Integer"] 1
   &State [&Type "Integer"] -1
   &Irrep [&Type "Integer"] 0
$End
$SCF_Spin_Spin_Coupling
   &GeometryIndex 1
   &numOfNucPairs [&Type "Integer"] 187 "Number of nuclei pairs to calculate"
   &numOfNucPairsDSO [&Type "Integer"] 0 "number of nuclear pairs to calculate DSO"
   &numOfNucPairsPSO [&Type "Integer"] 0 "number of nuclear pairs to calculate PSO"
   &numOfNucPairsFC [&Type "Integer"] 187 "number of nuclear pairs to calculate FC"
   &numOfNucPairsSD [&Type "Integer"] 0 "number of nuclear pairs to calculate SD"
   &numOfNucPairsSD_FC [&Type "Integer"] 0 "number of nuclear pairs to calculate SD/FC"
   &pairsInfo [&Type "ArrayOfIntegers", &Dim (187,4)] "Pairs Info: Col1->Index of A. Col2->Atom. Num. of A.  Col3->Index of B. Col4->Atom. Num. of B."
                                                         0                           1                           2                           3

0                                                       13                           1                          16                           1
1                                                       13                           1                          17                           1
2                                                       13                           1                          18                           1
3                                                       13                           1                          19                           1
4                                                       13                           1                          20                           1
5                                                       13                           1                          21                           1
6                                                       13                           1                          22                           1
7                                                       13                           1                          23                           1
8                                                       13                           1                          24                           1
9                                                       13                           1                          25                           1
10                                                      13                           1                          26                           1
11                                                      13                           1                          27                           1
12                                                      13                           1                          28                           1
13                                                      13                           1                          29                           1
14                                                      13                           1                          30                           1
15                                                      13                           1                          31                           1
16                                                      13                           1                          32                           1
17                                                      13                           1                          33                           1
18                                                      13                           1                          34                           1
19                                                      16                           1                          17                           1
20                                                      16                           1                          18                           1
21                                                      16                           1                          19                           1
22                                                      16                           1                          20                           1
23                                                      16                           1                          21                           1
24                                                      16                           1                          22                           1
25                                                      16                           1                          23                           1
26                                                      16                           1                          24                           1
27                                                      16                           1                          25                           1
28                                                      16                           1                          26                           1
29                                                      16                           1                          27                           1
30                                                      16                           1                          28                           1
31                                                      16                           1                          29                           1
32                                                      16                           1                          30                           1
33                                                      16                           1                          31                           1
34                                                      16                           1                          32                           1
35                                                      16                           1                          33                           1
36                                                      16                           1                          34                           1
37                                                      17                           1                          18                           1
38                                                      17                           1                          19                           1
39                                                      17                           1                          20                           1
40                                                      17                           1                          21                           1
41                                                      17                           1                          22                           1
42                                                      17                           1                          23                           1
43                                                      17                           1                          24                           1
44                                                      17                           1                          25                           1
45                                                      17                           1                          26                           1
46                                                      17                           1                          27                           1
47                                                      17                           1                          28                           1
48                                                      17                           1                          29                           1
49                                                      17                           1                          30                           1
50                                                      17                           1                          31                           1
51                                                      17                           1                          32                           1
52                                                      17                           1                          33                           1
53                                                      17                           1                          34                           1
54                                                      18                           1                          19                           1
55                                                      18                           1                          20                           1
56                                                      18                           1                          21                           1
57                                                      18                           1                          22                           1
58                                                      18                           1                          23                           1
59                                                      18                           1                          24                           1
60                                                      18                           1                          25                           1
61                                                      18                           1                          26                           1
62                                                      18                           1                          27                           1
63                                                      18                           1                          28                           1
64                                                      18                           1                          29                           1
65                                                      18                           1                          30                           1
66                                                      18                           1                          31                           1
67                                                      18                           1                          32                           1
68                                                      18                           1                          33                           1
69                                                      18                           1                          34                           1
70                                                      19                           1                          20                           1
71                                                      19                           1                          21                           1
72                                                      19                           1                          22                           1
73                                                      19                           1                          23                           1
74                                                      19                           1                          24                           1
75                                                      19                           1                          25                           1
76                                                      19                           1                          26                           1
77                                                      19                           1                          27                           1
78                                                      19                           1                          28                           1
79                                                      19                           1                          29                           1
80                                                      19                           1                          30                           1
81                                                      19                           1                          31                           1
82                                                      19                           1                          32                           1
83                                                      19                           1                          33                           1
84                                                      19                           1                          34                           1
85                                                      20                           1                          21                           1
86                                                      20                           1                          22                           1
87                                                      20                           1                          23                           1
88                                                      20                           1                          24                           1
89                                                      20                           1                          25                           1
90                                                      20                           1                          26                           1
91                                                      20                           1                          27                           1
92                                                      20                           1                          28                           1
93                                                      20                           1                          29                           1
94                                                      20                           1                          30                           1
95                                                      20                           1                          31                           1
96                                                      20                           1                          32                           1
97                                                      20                           1                          33                           1
98                                                      20                           1                          34                           1
99                                                      21                           1                          22                           1
100                                                     21                           1                          23                           1
101                                                     21                           1                          24                           1
102                                                     21                           1                          25                           1
103                                                     21                           1                          26                           1
104                                                     21                           1                          27                           1
105                                                     21                           1                          28                           1
106                                                     21                           1                          29                           1
107                                                     21                           1                          30                           1
108                                                     21                           1                          31                           1
109                                                     21                           1                          32                           1
110                                                     21                           1                          33                           1
111                                                     21                           1                          34                           1
112                                                     22                           1                          23                           1
113                                                     22                           1                          24                           1
114                                                     22                           1                          25                           1
115                                                     22                           1                          26                           1
116                                                     22                           1                          27                           1
117                                                     22                           1                          28                           1
118                                                     22                           1                          29                           1
119                                                     22                           1                          30                           1
120                                                     22                           1                          31                           1
121                                                     22                           1                          32                           1
122                                                     22                           1                          33                           1
123                                                     22                           1                          34                           1
124                                                     23                           1                          24                           1
125                                                     23                           1                          25                           1
126                                                     23                           1                          26                           1
127                                                     23                           1                          27                           1
128                                                     23                           1                          28                           1
129                                                     23                           1                          29                           1
130                                                     23                           1                          30                           1
131                                                     23                           1                          31                           1
132                                                     23                           1                          32                           1
133                                                     23                           1                          33                           1
134                                                     23                           1                          34                           1
135                                                     24                           1                          25                           1
136                                                     24                           1                          26                           1
137                                                     24                           1                          27                           1
138                                                     24                           1                          28                           1
139                                                     24                           1                          29                           1
140                                                     24                           1                          30                           1
141                                                     24                           1                          31                           1
142                                                     24                           1                          32                           1
143                                                     24                           1                          33                           1
144                                                     24                           1                          34                           1
145                                                     25                           1                          26                           1
146                                                     25                           1                          27                           1
147                                                     25                           1                          28                           1
148                                                     25                           1                          29                           1
149                                                     25                           1                          30                           1
150                                                     25                           1                          31                           1
151                                                     25                           1                          32                           1
152                                                     25                           1                          33                           1
153                                                     25                           1                          34                           1
154                                                     26                           1                          27                           1
155                                                     26                           1                          28                           1
156                                                     26                           1                          29                           1
157                                                     26                           1                          30                           1
158                                                     26                           1                          31                           1
159                                                     26                           1                          32                           1
160                                                     26                           1                          33                           1
161                                                     26                           1                          34                           1
162                                                     27                           1                          28                           1
163                                                     27                           1                          30                           1
164                                                     27                           1                          31                           1
165                                                     27                           1                          32                           1
166                                                     27                           1                          33                           1
167                                                     28                           1                          30                           1
168                                                     28                           1                          31                           1
169                                                     28                           1                          32                           1
170                                                     28                           1                          33                           1
171                                                     28                           1                          34                           1
172                                                     29                           1                          30                           1
173                                                     29                           1                          31                           1
174                                                     29                           1                          32                           1
175                                                     29                           1                          33                           1
176                                                     29                           1                          34                           1
177                                                     30                           1                          31                           1
178                                                     30                           1                          32                           1
179                                                     30                           1                          33                           1
180                                                     30                           1                          34                           1
181                                                     31                           1                          32                           1
182                                                     31                           1                          33                           1
183                                                     31                           1                          34                           1
184                                                     32                           1                          33                           1
185                                                     32                           1                          34                           1
186                                                     33                           1                          34                           1
   &pairsDistances [&Type "ArrayOfDoubles", &Dim (187,1)] "The distances of each pair"
                                                         0

0                                      2.6443905396784713e+00
1                                      2.2532932640137329e+00
2                                      4.0459526633215832e+00
3                                      4.2132745883599698e+00
4                                      4.8654784784892318e+00
5                                      3.8460959897543048e+00
6                                      3.5250353759993702e+00
7                                      2.3152686069159856e+00
8                                      4.9175581254460958e+00
9                                      3.7747970639525317e+00
10                                     3.3042654181106275e+00
11                                     4.9059943010530507e+00
12                                     5.4322582396150363e+00
13                                     3.5640482031917240e+00
14                                     2.2183361101735763e+00
15                                     2.3751685327559264e+00
16                                     3.8515089792512498e+00
17                                     3.9611465320841677e+00
18                                     4.2637442770300353e+00
19                                     1.7574803360257918e+00
20                                     2.4540517466967207e+00
21                                     2.5945802618077809e+00
22                                     4.3433607193443899e+00
23                                     3.8437097081003566e+00
24                                     5.1740921985959396e+00
25                                     4.0408877414784525e+00
26                                     5.7903999157533788e+00
27                                     5.6349928090455270e+00
28                                     4.8807366455194954e+00
29                                     5.4800193493477201e+00
30                                     5.1807415212836858e+00
31                                     4.1601031167164075e+00
32                                     3.6883725479545357e+00
33                                     4.7932875067494649e+00
34                                     2.7319730812744498e+00
35                                     3.9868736511751215e+00
36                                     3.8627014923557730e+00
37                                     3.0656969772957336e+00
38                                     2.3729247423320734e+00
39                                     3.8642095235249920e+00
40                                     4.0641361889580336e+00
41                                     3.9714081898960454e+00
42                                     2.6266002624790485e+00
43                                     5.4921645763055960e+00
44                                     5.1083283234356509e+00
45                                     4.9178779556902681e+00
46                                     3.8466585415768013e+00
47                                     3.8961586441031830e+00
48                                     5.1675633730293651e+00
49                                     4.1251202539515237e+00
50                                     4.5685885842452967e+00
51                                     4.0287463023686394e+00
52                                     4.8427350666487925e+00
53                                     5.1804155954191158e+00
54                                     1.7681918879176686e+00
55                                     2.5223629310513669e+00
56                                     2.4154015055642057e+00
57                                     5.0297815817749676e+00
58                                     4.6749730456905931e+00
59                                     4.5100930119850862e+00
60                                     5.3449318189892887e+00
61                                     4.7627085327652132e+00
62                                     5.3495838433141296e+00
63                                     4.3983687051076510e+00
64                                     5.3982071366818669e+00
65                                     5.3707184423437626e+00
66                                     5.7048884335252197e+00
67                                     2.2799629137828532e+00
68                                     3.3902130581429937e+00
69                                     4.0376099501309062e+00
70                                     2.4870129498663611e+00
71                                     3.6813301445320654e+00
72                                     4.8708916035162275e+00
73                                     4.2445791708565030e+00
74                                     5.3473328545785073e+00
75                                     5.9444135849708077e+00
76                                     5.7631928943871182e+00
77                                     4.2082686234314419e+00
78                                     3.1415264534326655e+00
79                                     6.4326870408574033e+00
80                                     5.9436875982613619e+00
81                                     6.2589431351465006e+00
82                                     3.8553262730248066e+00
83                                     4.9508187664089247e+00
84                                     5.5305005385206281e+00
85                                     2.6605738862916763e+00
86                                     3.8756579777332614e+00
87                                     4.2476878889854630e+00
88                                     3.4679669810482245e+00
89                                     4.7521283079717946e+00
90                                     5.0190972678304568e+00
91                                     3.8787454879217709e+00
92                                     2.6993688235842712e+00
93                                     7.1138067271956826e+00
94                                     6.7263001006000138e+00
95                                     6.1796078317958116e+00
96                                     4.3876251520843512e+00
97                                     4.6670912439830987e+00
98                                     5.9470661112152845e+00
99                                     3.9223910953734320e+00
100                                    4.2828275425159124e+00
101                                    2.2774092918194180e+00
102                                    3.3566849842573472e+00
103                                    2.8112264377317944e+00
104                                    5.4938936220650030e+00
105                                    4.9888894851268759e+00
106                                    4.9859936936656819e+00
107                                    5.0453386706928436e+00
108                                    4.4820331979089838e+00
109                                    2.5872181219480228e+00
110                                    2.1073711393256827e+00
111                                    3.6721455630966529e+00
112                                    1.7689255294729398e+00
113                                    3.3191470882679384e+00
114                                    2.4059824422628817e+00
115                                    3.6874474687550238e+00
116                                    3.0094035297273831e+00
117                                    3.9438964823698992e+00
118                                    6.5297839418658956e+00
119                                    5.4307164816732127e+00
120                                    3.8364673063669090e+00
121                                    5.7816821118223123e+00
122                                    5.3064653762281226e+00
123                                    6.5682066128580097e+00
124                                    4.5463547153437833e+00
125                                    3.4379088589798297e+00
126                                    4.0729890056506841e+00
127                                    2.8729139600833546e+00
128                                    3.9377389619322045e+00
129                                    5.7911549254016013e+00
130                                    4.4035282910333375e+00
131                                    3.4602737076549785e+00
132                                    5.3835485147435529e+00
133                                    5.3295593500326452e+00
134                                    6.1740580848495199e+00
135                                    2.2932972217037340e+00
136                                    2.8231589114106495e+00
137                                    5.5239222177292486e+00
138                                    5.3770680883673379e+00
139                                    6.3649093512710371e+00
140                                    6.1993791471980195e+00
141                                    4.7209032247623659e+00
142                                    4.7681860738152357e+00
143                                    3.6940713796405200e+00
144                                    5.4375386677344535e+00
145                                    1.7793542031863636e+00
146                                    5.3521552047976337e+00
147                                    5.9123742388444267e+00
148                                    5.4652463746879736e+00
149                                    4.8622334074729672e+00
150                                    2.8253863962600816e+00
151                                    5.2046510435433921e+00
152                                    4.0524239890689113e+00
153                                    5.4447178497978035e+00
154                                    6.3393787239818025e+00
155                                    6.6338766249574723e+00
156                                    3.8919642999351347e+00
157                                    3.7540007606705061e+00
158                                    2.2720249683236373e+00
159                                    3.9240778698673284e+00
160                                    2.5674798697273609e+00
161                                    3.7887080693082522e+00
162                                    1.8589070605169391e+00
163                                    7.1109483990441706e+00
164                                    6.2712852755200839e+00
165                                    6.9734121524454995e+00
166                                    7.1940451762455728e+00
167                                    7.6134598947384262e+00
168                                    7.0455576167511218e+00
169                                    6.4118086424655605e+00
170                                    6.8672035554885325e+00
171                                    7.9383259351764854e+00
172                                    1.8554077519850432e+00
173                                    3.4598907349865975e+00
174                                    3.5484178074994492e+00
175                                    3.3904175705856709e+00
176                                    2.3437928703105508e+00
177                                    2.3909043624405979e+00
178                                    4.1914752530297665e+00
179                                    4.1365384724662766e+00
180                                    3.6768185464086161e+00
181                                    4.9096132449315952e+00
182                                    4.1223438787081754e+00
183                                    4.6016210469431043e+00
184                                    1.7694822687216269e+00
185                                    1.7798903953514746e+00
186                                    1.7743525878515218e+00
   &pairsTotalSSCIso [&Type "ArrayOfDoubles", &Dim (187,1)] "The Spin-Spin coupling constant for each pair"
                                                         0

0                                      5.9818179720147102e-01
1                                      8.7347416118495946e+00
2                                     -5.6848098391650537e-01
3                                      6.5046768005176925e-01
4                                      2.0337555125096962e-01
5                                     -4.3935672419818228e-01
6                                     -2.0777889542955932e-01
7                                     -4.5805637313553371e-01
8                                     -9.7177920281406177e-02
9                                     -5.5144884386407766e-01
10                                    -1.7735759163941603e-01
11                                     9.7488195309642679e-03
12                                     3.6653567651805899e-02
13                                     7.1943526354982779e-01
14                                    -5.6296677220435687e-01
15                                    -2.1144458120643667e-01
16                                    -2.4445290658367980e-01
17                                    -5.2014897411084782e-01
18                                     1.4366509323906638e+00
19                                    -1.5468523278264124e+01
20                                     6.1083262114507111e+00
21                                     1.0899991905612343e+00
22                                     3.8163291925846210e-01
23                                     1.0468631201769410e-01
24                                    -9.7678616812129693e-02
25                                    -4.3719948889579044e-02
26                                     1.2305254017747413e-01
27                                     6.0434004215064041e-01
28                                    -3.1015689489662983e-02
29                                    -5.6109401644089292e-03
30                                     2.2358552958236515e-02
31                                     1.5142012957005002e-01
32                                     3.2623928212004223e-02
33                                     2.2769776028070461e-02
34                                    -2.0580798780761484e-02
35                                     1.3335072710594068e-01
36                                     1.2944378036749329e-01
37                                     1.3716405089566800e+01
38                                     6.7726392447396577e+00
39                                    -5.4922857485167653e-01
40                                    -7.4641032569257824e-03
41                                     3.0761712388667350e-01
42                                    -7.4191234947629969e-02
43                                     1.1632053677099036e-02
44                                    -2.0619618784446382e-02
45                                     6.2107114733578064e-02
46                                    -4.4579642930097731e-02
47                                    -2.4323321907797308e-02
48                                    -1.6024414740302657e-02
49                                    -2.0771334396522873e-01
50                                    -2.9126397853877512e-02
51                                    -1.1813086759164501e-01
52                                     2.0360643945612061e-01
53                                     6.2512664005707347e-02
54                                    -1.3654367160324664e+01
55                                     2.3304133130471785e+00
56                                    -2.7177961996272593e-01
57                                    -3.9677076029601960e-01
58                                     1.0418640596903938e-02
59                                    -8.6641560776015883e-02
60                                     3.3341624478081856e-04
61                                     1.3915500498514817e-03
62                                     1.1153954416602982e-01
63                                    -5.1240556643218693e-02
64                                    -4.9876079173780105e-02
65                                    -4.5039225907957427e-02
66                                    -3.8477538516247093e-03
67                                    -4.5448513433352061e-01
68                                    -1.1262499378945426e-02
69                                     1.6278407130214845e-01
70                                     4.9264868006752369e+00
71                                     8.4013348830747139e-02
72                                     1.6568407443448396e-01
73                                     7.1389154202887023e-02
74                                     6.2907409677080939e-01
75                                    -1.6080244553952981e-02
76                                    -4.1126165953275515e-03
77                                     1.1616492174715000e-01
78                                     7.4775121206526546e-02
79                                    -5.4467005541691732e-02
80                                    -9.3484394568121756e-02
81                                     1.7177562405875629e-03
82                                    -1.1878679298550789e-01
83                                    -7.5871061279194962e-02
84                                     1.2333692645730994e-01
85                                     8.5764952376240666e-01
86                                     1.5099385007400862e-01
87                                    -1.4071957256665508e+00
88                                     6.4405516693040593e-02
89                                    -6.2590396064090281e-02
90                                    -1.0533904802684799e-01
91                                    -1.2418905115309786e+00
92                                    -1.1193620379034850e+00
93                                    -1.0630347750664038e-02
94                                    -8.0595811550873350e-03
95                                    -4.8165810428621073e-02
96                                     1.2266142665728607e-02
97                                     3.4149933140208951e-03
98                                     4.3723745844320653e-03
99                                    -6.4350842064509206e-01
100                                    1.2523915462820363e+00
101                                    2.7626673884061526e+00
102                                   -5.9625812023616755e-02
103                                   -1.2456984034900381e-01
104                                    7.7398702358571081e-01
105                                    2.3017495898220955e-01
106                                   -1.8419290789865879e-02
107                                   -1.5478602865968744e-02
108                                    2.8857306582525361e-02
109                                   -4.0045857114952968e-02
110                                   -7.5283171815595051e-01
111                                   -2.1796848271566738e-02
112                                   -1.8552282376184053e+01
113                                    7.0434995061676692e-02
114                                   -3.8442469990657424e-01
115                                    2.2969371084439799e-01
116                                   -2.7865025448851739e+00
117                                   -3.2807106120908025e+00
118                                    8.8278272799815219e-02
119                                   -3.6576330927569484e-02
120                                    2.6149390993561675e-02
121                                    2.5571538023377400e-03
122                                   -7.3615813435212396e-02
123                                   -5.9374171620811059e-03
124                                    4.3281082302624382e-02
125                                   -1.8792730623998433e-01
126                                   -3.2882432729122135e-01
127                                   -1.9614590700581744e+00
128                                   -2.2876138234884467e+00
129                                    9.9852600640923037e-03
130                                    2.5854568597889014e-03
131                                    3.5475733916379634e-02
132                                   -1.6769215381715580e-02
133                                   -1.7612783722931461e-02
134                                    3.7386032280246166e-03
135                                   -2.6821126854650290e-01
136                                   -3.4106937380566518e-04
137                                    7.4701142476801020e-03
138                                    1.3929794691193074e-02
139                                   -3.0658195600077257e-04
140                                   -4.4896167811811548e-04
141                                   -3.1656774844126524e-02
142                                   -1.5277729857002995e-03
143                                    1.6507291111179063e-02
144                                    1.9577519181180451e-02
145                                   -1.2023804724917625e+01
146                                   -1.7006051997749939e-02
147                                   -2.1402436226027272e-03
148                                    5.1816363230111568e-03
149                                    2.7739928836895512e-02
150                                    1.4160464593983537e+01
151                                    3.7259304237251108e-02
152                                    2.4521417391705110e-02
153                                   -1.9191123207206749e-02
154                                    2.6070262403824099e-02
155                                    2.5574475233121241e-01
156                                   -1.1485820413826489e-02
157                                   -1.6819941575632658e-02
158                                    4.4909777750006441e+00
159                                    1.8246508258121651e-02
160                                   -7.8373229909574654e-02
161                                   -1.4108087207240163e-02
162                                    3.4168666912449031e-01
163                                   -2.1084732324971352e-04
164                                    2.9395709031084689e-03
165                                    1.6017024195366094e-03
166                                   -5.2798910031429582e-03
167                                   -1.3635541836884246e-03
168                                    3.6596848885705113e-03
169                                    2.3157443764413701e-03
170                                   -4.8225592213353985e-03
171                                    8.4351207778742242e-03
172                                    1.4866262803288885e+00
173                                   -2.0510179719846935e-02
174                                   -1.6798271632120949e+00
175                                   -2.5482921365038473e+00
176                                   -5.0419010516599505e-01
177                                   -2.5397369719288088e-01
178                                   -4.1721819817963512e-01
179                                   -2.6246855461932350e+00
180                                    5.0165577117511229e-01
181                                   -5.2448405838127307e-02
182                                   -9.9060838602799642e-02
183                                   -7.8311674129262713e-03
184                                   -1.7656989384994461e+01
185                                   -1.2879136445809358e+01
186                                   -1.4441523689894412e+01
   &Method [&Type "String"] "SCF"
   &Level [&Type "String"] "Relaxed density"
   &Mult [&Type "Integer"] 1
   &State [&Type "Integer"] -1
   &Irrep [&Type "Integer"] 0
$End
$Calculation_Timings
   &GeometryIndex 1
   &GTOINT [&Type "Double"]       1.6429230000000001e+00
   &SCF [&Type "Double"]       1.6685386999999999e+01
   &PROPINT [&Type "Double"]       1.1564949999999996e+00
   &RESPONSE [&Type "Double"]       8.6940160000000013e+00
   &PROP [&Type "Double"]       6.4301700000000039e-01
   &SUM [&Type "Double"]       2.8821838000000000e+01
$End
