$coord
-0.82906283085118  0.40962747323444  -4.85341161904575  c
 2.04547982674751  0.34800658226917  -5.01479991275528  c
-4.86352827182682  5.95398382124361   1.44003634214553  c
-6.99976729139593  5.01441489636400   0.25608711933838  c
-6.87960689707454  2.72377688841715  -0.97329026234500  c
-4.64711890802408  1.31508977364859  -1.00101006188328  c
-2.51679132461836  2.16740827925646   0.34229974221804  c
-2.67693268292196  4.52100268598288   1.49400446477848  c
-4.49406416593220 -0.86927927984197  -2.36584652448446  n
-1.99892888482616 -1.63313476048184  -3.12962950748228  c
-0.43212348224610 -2.07915926992956  -0.71322402739555  c
-0.20578920861335  0.49243831262134   0.72489626606240  c
 2.27861016912148 -2.75453451416485  -1.51342413458434  c
 3.26170825254295 -0.18391500207799  -2.43657773029850  c
 2.30950038788072  1.52698560086690  -0.32849286551836  c
 6.06971546985799  0.16731195470021  -2.69291722804114  c
 7.41448123707425  1.70764668182871  -1.24663370020178  c
 6.35579637252635  2.94390357613395   1.08719987312299  c
 4.19039727144038  1.35000781363108   1.84623244331143  n
 2.60452615193872  2.14559990208658   3.99845750806433  c
 0.33869038364875  0.38763413326187   3.60974484895423  c
 5.08733552469405 -0.93113369598086   2.38621311054049  o
 2.18392283926356  3.51204050387380  -0.87843196253945  h
-1.64789551707246 -4.24362231199785   0.73820034125318  c
-3.64113657532689 -5.20915298035958   0.21214213979069  o
-0.19674644939486 -5.07062847567203   2.62615149458246  o
-1.14177980762816 -7.15398597268924   4.02618946251002  c
-1.63555560604014  0.22301603795556  -6.74496580111769  h
-1.40504180056927  2.25185840238897  -4.12398642174505  h
 2.65607989811282 -1.13836920950789  -6.30997659172117  h
 2.72090793796088  2.14931642343395  -5.76800553605745  h
-4.90218028685615  7.78031958308860   2.34736411386134  h
-8.73582712669541  6.08655088117270   0.25627205266133  h
-8.50894622011217  1.98692312234830  -1.95959181516353  h
-1.06331275148372  5.28843150795695   2.47327585600843  h
-5.96372912847910 -1.31006677597143  -3.48776534643886  h
-2.15095371068391 -3.43014693301286  -4.13933115038467  h
 3.39390720402733 -3.33613136394289   0.12157126573638  h
 2.31068828843147 -4.20379440600524  -2.97439267009847  h
 6.95150408715162 -0.81242662652776  -4.25117356651038  h
 9.40743219685712  1.98764549340339  -1.57819420594967  h
 5.79451671627672  4.91240869709541   0.77379145840683  h
 7.75097349393948  2.85594556346543   2.60513869135550  h
 3.61772185951872  1.73923118502158   5.74341300837939  h
 2.14640449134593  4.15265848319076   3.88828041025208  h
-1.29744160189876  0.93441917609025   4.72853315514454  h
 0.95957145009530 -1.49934289554049   4.14142589119672  h
 0.30629491110319 -7.61508349574974   5.40746461658279  h
-2.90997904964636 -6.64682821553601   4.96187229222427  h
-1.49156454319084 -8.75615163799926   2.77427696204308  h
$end