    0.00060905
   -0.03765315
   -0.06108258
   -0.05822475
   -0.03340745
    0.11363430
   -0.07031791
    0.01496042
   -0.48730727
    0.08430691
   -0.11353475
    0.00808889
   -0.11281842
    0.04703523
   -0.48731938
   -0.11119201
    0.04262245
    0.04314331
    0.03805093
    0.04175367
    0.03321238
    0.02503400
    0.06553168
    0.04885917
    0.30711349
    0.01900604
    0.04279171
    0.03348272
    0.03268198
    0.03431034
    0.02783161
    0.32390690
    0.05327433
    0.04535054
    0.04626563
