$coord
-0.04992225613825 -1.10669123478271   0.53212594730607  c
-1.95308185074732  1.02501279466068   1.37949125751240  c
-0.71497854101955  3.70653869042722   1.20973002434472  c
 1.06643420541773  4.11722679665082  -1.06852058808695  c
 2.78915789246134  1.78765200697332  -1.51559227346791  c
 1.07567351227348 -0.48936953300879  -2.11061864037836  c
 2.35495726919496 -0.93701144849020   2.24222926869743  c
 4.08186612541906  0.96552699275773   0.92613318088219  c
 2.50602068569369 -2.65398677045230  -2.95097124902278  o
-1.38431709276629 -3.70727529226719   0.67714961907687  c
 6.33141299633089  1.77495275879472   1.74721563253976  c
-4.60468721612125  0.94193759371000   0.21580365933819  c
-6.58768358074391  0.34372880764331   1.68722044949465  c
-2.25764388791739  0.65986403853662   3.40827810519184  h
 0.26120139659727 -5.84357835367346   0.51747595419614  o
-5.03389540038104  1.65757728449591  -2.52906900581029  c
-2.20356170399673  5.16196282223323   1.22331033394273  h
 0.38540768700241  4.00575891781141   2.95099652539325  h
-0.01706080608874  4.48642842533104  -2.81080339913877  h
 2.23988569491762  5.80323591376708  -0.72810937067930  h
 4.14069576875163  2.19555452941898  -3.04920078081011  h
-0.37096480582687 -0.02466449865102  -3.53149858407309  h
 3.27316157892229 -2.79850558137306   2.35987163981203  h
 1.88892229915261 -0.37118478521408   4.19137396199124  h
 3.37739963391362 -2.20863061803120  -4.52187441340585  h
-2.86444983677793 -3.79160503253202  -0.80076668253175  h
-2.36060796116987 -3.86901783477809   2.51063245183134  h
 7.13737464197490  1.12952036601180   3.53645085322941  h
 7.45793298505985  3.12091377113268   0.65799988142046  h
-8.51860005944889  0.33590101435471   0.95485893013018  h
-6.35995398074723 -0.15400828521240   3.67860791595646  h
 1.29996346680448 -5.57833368036983  -0.99718319044314  h
-4.16317297237229  3.49021700367921  -2.99328246583304  h
-4.22662246172785  0.25539662611951  -3.83811983272817  h
-7.06521811122832  1.79723694741735  -2.94515104056698  h
$end
