           1           2  0.958986277845159     
           2           3  0.982541662005968     
           3           4   1.00855818850005     
           4           5  0.978789074653610     
           1           6  0.969469541924694     
           5           6  0.976703936772646     
           1           7  0.982168808341741     
           5           8  0.993956650408950     
           7           8   1.01050084075338     
           6           9  0.967668214658980     
           1          10  0.977429239131435     
           8          11   1.93419371029560     
           2          12  0.998165681307568     
          12          13   1.92698772516246     
           2          14  0.960856248046710     
          10          15   1.00063969776499     
          12          16   1.02576969799282     
           3          17  0.975338162421924     
           3          18  0.976937311181359     
           4          19  0.970247750915813     
           4          20  0.975706629317626     
           5          21  0.961616851746258     
           6          22  0.954700800452062     
           7          23  0.952121759358443     
           7          24  0.964106964111166     
           9          25  0.883788818693580     
          10          26  0.966865658302528     
          10          27  0.971421247620965     
          11          28  0.975258665402498     
          11          29  0.975053593666837     
          13          30  0.975305212692321     
          13          31  0.975275512815686     
          15          32  0.860530820768215     
          16          33  0.970044826673882     
          16          34  0.962145879443966     
          16          35  0.981812080701912     
