$coord
 1.88596445137236  2.81309412212825  -0.18883047962985  c
 3.99225984018697  1.68698141151945   1.46301633496231  c
 5.64993287128625 -0.36536909149055   0.24909977724306  c
 4.36899740575141 -2.24134251113781  -1.54604905370764  c
 2.00070276677170 -3.59132936487157  -0.56386535981436  c
-0.00490399482002 -1.71555225110805   0.34110899025953  c
-0.03008647099493  0.80852289870588  -1.07915956958344  c
 0.26668754824366  4.68279655252449   1.38603665881861  c
-2.21888033616064  3.32939929153280   1.96804193850565  c
-2.68441033316882  1.75751971163396  -0.41358064592937  c
-2.46186147443982 -2.72045056395626  -0.02207942701313  o
-4.25618540951217 -0.69698021808805  -0.20013203510014  c
 0.13129185592107  0.42926831337349  -3.10033721619035  h
-3.46402354965193  2.97706284442100  -1.88425690542786  h
 0.25255686262601 -1.37666095574607   2.37384059379565  h
 2.61659773414445 -5.49135404096634   1.51695684246047  c
-5.79855759569647 -1.11505616568958  -2.61629811920109  c
-6.02624918609479 -0.76651992134437   2.08726329390023  c
 3.04546100626582  4.20439646915833  -2.44381432651388  c
 5.23879087780445  3.23192060545202   2.03914160198580  h
 3.14729879087444  0.94388043405649   3.18904723686672  h
 7.15915029240086  0.54876110146983  -0.82489278562718  h
 6.56239175039907 -1.41111032040582   1.77667046339662  h
 5.76591778024007 -3.68500690426756  -2.03092861735160  h
 3.89076990918257 -1.27089039255584  -3.29951421602099  h
 1.16965281916871 -4.62903931161084  -2.15181164785665  h
-0.12025646270637  6.36788576521184   0.26255014539287  h
 1.23522460929941  5.28116990253911   3.10211393329199  h
-1.98463857460961  2.11413371596923   3.61228374324694  h
-3.74947797825203  4.64954591956975   2.35660637751402  h
 3.47451163849644 -4.55318258121768   3.13214785705050  h
 0.89143166729108 -6.41644872782972   2.13905616204982  h
 3.91930002630701 -6.92356937699794   0.82545160107509  h
-7.30065966240035  0.27840997463490  -2.75980057578620  h
-6.62409178725187 -2.99495086228937  -2.57937200483713  h
-4.58388669332301 -0.97573350626014  -4.26738688376404  h
-7.25510697472984  0.87853702583182   2.08981902867628  h
-7.17637422479292 -2.46616724546333   2.00243312775766  h
-4.95672797639753 -0.81227708305083   3.83817081829436  h
 4.21439854746646  5.76409527526338  -1.78695115782243  h
 4.22064971821474  2.95365382538120  -3.57040152448710  h
 1.56745149124961  4.96567755322077  -3.65410818986658  h
$end