   -0.00822533
   -0.03641628
   -0.06045897
   -0.05930729
   -0.02959280
    0.11667887
   -0.06638983
    0.01706671
   -0.50638468
    0.07719421
   -0.11272037
    0.00829954
   -0.11397039
    0.04472742
   -0.47532480
   -0.11193307
    0.04225032
    0.04255188
    0.03927508
    0.04134163
    0.04455169
    0.02030808
    0.05011302
    0.04628610
    0.32049129
    0.04972754
    0.03044033
    0.03321775
    0.03399749
    0.03424139
    0.02735013
    0.31334487
    0.05477085
    0.04636039
    0.04613724
