           1           2  0.958327719667947     
           2           3  0.982370768491738     
           3           4   1.00857898498984     
           4           5  0.979856820664400     
           1           6  0.966608961509635     
           5           6  0.977066939910616     
           1           7  0.982359540866610     
           5           8  0.994780249436182     
           7           8   1.00538356058992     
           6           9  0.982770635976192     
           1          10  0.977315848074210     
           8          11   1.93786590642662     
           2          12  0.997862602846758     
          12          13   1.92531396983216     
           2          14  0.961283740420015     
          10          15  0.985108910570386     
          12          16   1.02714765259117     
           3          17  0.975254898820038     
           3          18  0.976604864989501     
           4          19  0.970281840393935     
           4          20  0.975600379804483     
           5          21  0.962391634647369     
           6          22  0.953206580439469     
           7          23  0.952882384515885     
           7          24  0.966653928506043     
           9          25  0.852568846440274     
          10          26  0.968982579112738     
          10          27  0.970300074118002     
          11          28  0.975137257034707     
          11          29  0.975009045403377     
          13          30  0.975273904208424     
          13          31  0.975253945413254     
          15          32  0.881380725073372     
          16          33  0.968348258851385     
          16          34  0.961452024123017     
          16          35  0.982115046655163     
