$coord
 0.17557729557504 -1.19584285862125   0.22369332098553  c
-1.84602997655785  0.75849741031653   1.22896989397110  c
-0.68191019914529  3.46249712574451   1.43550631593950  c
 1.05559946233183  4.22790418584049  -0.78268224034894  c
 2.84178583911139  2.03312982113397  -1.55125106791600  c
 1.24069828822776 -0.26673252663664  -2.36749811952139  c
 2.58383043439332 -1.05269180597546   1.94335602025550  c
 4.23815106463243  1.00324044854656   0.75281904822328  c
 2.70576656579244 -2.13470958232955  -3.68706986483623  o
-0.89352832358503 -3.89877495261045   0.06750153154372  c
 6.52291943808019  1.73091880016623   1.55312231583620  c
-4.39540232320383  0.68435208972725  -0.15479756033922  c
-4.88198212316175  1.81944903220845  -2.37419498509849  c
-2.25357600367560  0.15307453474440   3.17994342993690  h
-1.81303637738552 -4.85157668668158   2.43979358465276  o
-6.49406662758416 -0.68721265402211   1.24312869823541  c
-2.21082823591639  4.85510027892060   1.65873822694616  h
 0.43427137943673  3.55069512687641   3.19164943750438  h
-0.05658895509216  4.80064387916994  -2.44828890676801  h
 2.19069675386588  5.88488057194986  -0.23128812705658  h
 4.13231597570373  2.66166467147371  -3.05842897891945  h
-0.27127025094108  0.23484249162560  -3.69574436893080  h
 3.59949264999029 -2.87684104208678   1.94812209487664  h
 2.12456349499606 -0.63242445722318   3.92948836056706  h
 4.28467154913820 -2.42076212085454  -2.76241075839081  h
 0.56680027652996 -5.16411614536560  -0.71745010037091  h
-2.51973405827985 -3.95563020042482  -1.22800821660136  h
 7.40303670820566  0.91434144306969   3.23390333834903  h
 7.60067323491535  3.18740906064319   0.56231602246298  h
-6.76300415693880  1.72410077767093  -3.22107559674465  h
-3.48509759107064  2.90406177850501  -3.42808842536628  h
-0.37252044702271 -5.02047809052328   3.58706373108923  h
-8.24202845494289 -0.77352029544721   0.12182954354494  h
-5.93433414651212 -2.62188154260659   1.76046420385757  h
-6.92516438144020  0.29717684090876   3.03281521884688  h
$end
