$coord
 0.27226687837774 -1.15831470028069   0.67396923234536  c
-1.76542981424525  0.92391554174972   1.34493938979041  c
-0.67051176727198  3.64971446016077   1.04281153720457  c
 1.06192591115114  4.01091693928423  -1.27559728105865  c
 2.92575513048482  1.76634748401390  -1.55880414787633  c
 1.39646955708466 -0.68131742783473  -1.99382249277594  c
 2.64255414429926 -0.70124274235148   2.38959778019586  c
 4.25361214537593  1.21382159353248   0.94055215649529  c
 3.01155589588911 -2.77298625616914  -2.60377804366087  o
-0.77666209640373 -3.85848337992070   1.03962306040576  c
 6.43653060709618  2.22159820419500   1.71844787656999  c
-4.37094946279131  0.61008458021092   0.09618108313799  c
-4.90643851646494  1.15610191340854  -2.32921856677468  c
-2.10641755290735  0.66778433095079   3.38560645296243  h
-2.44311562954928 -4.73046281332303  -0.90788856874610  o
-6.45186655490366 -0.26645157941418   1.87137270864781  c
-2.23307547265722  5.02219568047584   0.99350651744388  h
 0.43293169684688  4.09389395459999   2.75143813856645  h
-0.05397487748567  4.19050112993508  -3.02676235041930  h
 2.12812903241221  5.78756253545895  -1.06759643828787  h
 4.26187691306126  2.15396797166758  -3.11082128751023  h
-0.06416427104627 -0.44945933185432  -3.46175601156197  h
 3.70339498206161 -2.47514555046472   2.64174045880557  h
 2.12958847725174 -0.03127774198413   4.29230758553439  h
 3.94377587525171 -2.33167082150496  -4.13945898752615  h
-1.69628483540563 -3.96646255087318   2.92086064420222  h
 0.80408173040284 -5.20671584524746   1.05899608453212  h
 7.26003318020761  1.75673931336530   3.55482163447352  h
 7.49122394504314  3.55486755302548   0.54548341105316  h
-6.82490771551033  0.94562290986485  -3.06315054822404  h
-3.50448013665583  1.85095238927538  -3.66773385640230  h
-3.62893959018122 -3.37051389982718  -1.31997256144353  h
-8.27060151931314 -0.48625198268561   0.89074802879326  h
-5.97391928090806 -2.08224660296005   2.77523055139940  h
-6.70590019721954  1.11034786849618   3.41685005902229  h
$end
