   -0.06971631
   -0.06603879
   -0.05297743
   -0.03621047
   -0.06581459
    0.07163768
   -0.02379863
   -0.04624487
   -0.19828103
    0.05172482
   -0.00835735
    0.01276280
   -0.06583451
    0.02297719
    0.00666320
   -0.03783652
   -0.03889383
   -0.02060509
    0.28857805
   -0.02155568
   -0.05477794
   -0.72578991
    0.05196863
    0.36159278
   -0.46371221
   -0.26143190
    0.02700643
    0.04803597
    0.05096941
    0.05209856
    0.04070360
    0.02753102
    0.03104899
    0.02914843
    0.03163101
    0.17007870
    0.03836081
    0.08434290
    0.04800348
    0.05238852
    0.05539962
    0.05875413
    0.07545071
    0.07105723
    0.05393655
    0.06064054
    0.05440213
    0.08872813
    0.07057017
    0.06968487
