$coord
-0.64415228740676 -0.86368136456132  -5.27140005310862  c
 1.48018015348669  1.04193443235986  -4.69258172154275  c
-4.84697824497390  5.84055744980508   1.15947804381627  c
-6.83286092429289  4.95710956123919  -0.33205080852619  c
-6.64032477351604  2.62166930656264  -1.49528276872114  c
-4.47677958659283  1.11048226182722  -1.18161660013510  c
-2.47156002149561  1.95703682161281   0.34410417009529  c
-2.71590186729881  4.33733263379280   1.47295359948298  c
-4.38070315483471 -1.24812135046904  -2.31218410443686  n
-1.89779428348836 -2.21819308440462  -2.97039740400352  c
-0.11756376363795 -2.26440331395027  -0.62846193252640  c
-0.13988040958982  0.33425888016677   0.86708102005942  c
 2.57126691757240 -2.55065472739507  -1.75157239380866  c
 3.19260549544270  0.22580574625359  -2.43439604497691  c
 2.29074780786206  1.59069200190680  -0.09807401608811  c
 5.91271060753966  0.93976215258688  -2.88367804399289  c
 7.26830843095863  2.31139808306815  -1.25221560524000  c
 6.35310743892162  3.09939706447811   1.33476188248825  c
 4.24317219722343  1.35374855937131   2.06359152688124  n
 2.59356210615046  2.00225591845248   4.27749777163177  c
 0.35032337702707  0.21930134174141   3.80838782274885  c
 5.22102497784372 -0.98262216008952   2.49173658715047  o
 2.06644095528202  3.62569521826712  -0.40627951111606  h
-0.84690187979907 -4.51801692988570   0.97699231699847  c
 0.23637290507537 -6.54206295024056   0.95055541912143  o
-2.91079484797754 -4.05715012748032   2.38175659166551  o
-3.79133143798902 -6.14504292738660   3.91306577463966  c
 0.12273320840990 -2.33577144344475  -6.50763473338337  h
-2.13621526216731  0.07683840078082  -6.35925880161573  h
 2.64749227138533  1.24137981437340  -6.39314413152702  h
 0.68916473965774  2.91892899178025  -4.31077454858893  h
-4.95600009223033  7.67323701487315   2.07660284311313  h
-8.52082848765716  6.09542058448620  -0.60175940704121  h
-8.16944993209936  1.92026838599538  -2.67788047833806  h
-1.19961187805962  5.05478946357095   2.65359218913419  h
-5.65192830979214 -1.46301022278048  -3.72067586636300  h
-2.17245377308497 -4.19987384809390  -3.52644808891492  h
 3.88296609207901 -3.23521857994169  -0.33182120803286  h
 2.58079722658904 -3.81253503255768  -3.38917482919339  h
 6.75199135170886  0.37763317204612  -4.67747804274742  h
 9.19481344548854  2.85569350763960  -1.71703476191538  h
 5.70067921105619  5.07248750611164   1.37280571532310  h
 7.84083471704059  2.85714135487141   2.74987740312381  h
 3.64589774095156  1.60028697915698   6.00537814095897  h
 2.07594117948570  4.00616693877323   4.20591161462150  h
-1.32384046728316  0.80201836975520   4.86141473102158  h
 0.88657436171054 -1.67560734017159   4.41525377047024  h
-5.43558481206241 -5.42684440677970   4.92512444681428  h
-4.31690747255973 -7.74117192685956   2.71013561300824  h
-2.31627008904306 -6.73072974818972   5.23627154646544  h
$end
