           1           2   1.00845892407464     
           3           4   1.41411903492603     
           4           5   1.47094528273090     
           5           6   1.33633538397893     
           6           7   1.32333921966547     
           3           8   1.43885969198590     
           5           8  0.101327973232509     
           7           8   1.42261590514025     
           6           9   1.15488764442416     
           1          10  0.967785137056411     
           9          10   1.00603189260306     
          10          11  0.941542981280944     
           7          12  0.990520794638898     
          11          12  0.952948608991914     
          11          13  0.978859017693946     
           2          14  0.965368744615038     
          13          14  0.966614572083528     
          12          15  0.963810208202790     
          14          15  0.979535976326150     
          14          16   1.00408243030989     
          16          17   1.93013837833930     
          17          18   1.01437024870034     
          15          19  0.900473496172091     
          18          19  0.943300583497303     
          19          20  0.942210625325065     
          12          21  0.965520554922279     
          20          21   1.00471174603460     
          19          22   1.02065894045155     
          15          23  0.958398396893396     
          11          24  0.951582459331517     
          24          25   1.71083384743904     
          24          26   1.15479542852198     
          25          26  0.170205965623063     
          26          27  0.942274497933422     
           1          28  0.978551292218082     
           1          29  0.973010994871416     
           2          30  0.974444293858350     
           2          31  0.975978318203542     
           3          32  0.971606728132573     
           4          33  0.970934671170968     
           5          34  0.967144189784613     
           8          35  0.960300046026681     
           9          36  0.938757161212577     
          10          37  0.962158533019732     
          13          38  0.952376768824415     
          13          39  0.973556267516005     
          16          40  0.963340358581167     
          17          41  0.964478145862236     
          18          42  0.955348881146155     
          18          43  0.964405722641286     
          20          44  0.972506628061969     
          20          45  0.963711050817588     
          21          46  0.974420700353761     
          21          47  0.972548891298784     
          27          48  0.979211212947727     
          27          49  0.976672156705450     
          27          50  0.976736377394297     
