    0.00177565
   -0.03475689
   -0.06234466
   -0.05813299
   -0.03605966
    0.10531964
   -0.06891948
    0.00908235
   -0.48701625
    0.08629907
   -0.11307393
    0.01287573
   -0.11354287
    0.05626623
   -0.47570817
   -0.11540365
    0.04059693
    0.04101391
    0.03851297
    0.04134102
    0.04126417
    0.04473619
    0.04850747
    0.05683000
    0.30995555
    0.02828719
    0.02533811
    0.03402045
    0.03435724
    0.02891356
    0.03061828
    0.30537039
    0.05608987
    0.04766402
    0.03992257
