$coord
 0.16231765476672 -1.19818638751902   0.22680047999910  c
-1.84933409622872  0.77061817463882   1.23190479924597  c
-0.66922927556354  3.46766103677303   1.43272290732705  c
 1.08124480012838  4.21966566850245  -0.77957521036203  c
 2.85043471689690  2.01120153090241  -1.54450376918128  c
 1.22585810027712 -0.26952362027612  -2.36477312342529  c
 2.56751371989579 -1.07686398209744   1.94648008941570  c
 4.23401575085735  0.97003986785272   0.76170670622727  c
 2.66724640767856 -2.14487462766160  -3.69771922752098  o
-0.91553558454581 -3.88081549418544   0.05355800063596  c
 6.52017495490488  1.69010219468327   1.56736138693136  c
-4.39794294395799  0.70359868868914  -0.14975656202604  c
-4.89561784432456  1.88139245119010  -2.34446138935288  c
-2.25713986077433  0.17569049642825   3.18536456797009  h
-1.65194165792461 -4.69645855127845   2.53968755285319  o
-6.48332861705471 -0.71374448216691   1.22171697275550  c
-2.19099200736790  4.86939572308548   1.64778066102196  h
 0.44164843421123  3.55272869718324   3.19207464365765  h
-0.02044619554506  4.80248669014367  -2.44878528428725  h
 2.22790219141806  5.86681871406156  -0.22291289027834  h
 4.14678098901636  2.62903730520034  -3.05120093934649  h
-0.28593869957127  0.25444834945273  -3.68582211228798  h
 3.55868340131629 -2.91177947939791   1.94877685781209  h
 2.10461834846951 -0.66701969582737   3.93255247836436  h
 4.24060822798444 -2.45878036639820  -2.77205195846141  h
 0.54723043806154 -5.14475391547332  -0.72925900853046  h
-2.53829745901298 -3.91774542355078  -1.26479659808066  h
 7.39460225934693  0.86833237906263   3.24910386384809  h
 7.60896241285403  3.13966013038921   0.57735121358270  h
-6.77577747749239  1.78682495617379  -3.19354443804529  h
-3.50734838153160  3.00085975545554  -3.37385809008724  h
-2.23699560387875 -6.44431784924781   2.40533903413237  h
-5.89443036856595 -2.64402761574793   1.72245206480458  h
-6.93465268921506  0.24468185945115   3.02081733741711  h
-8.22505918436986 -0.81175642774679   0.09306018234774  h
$end
