           1           2  0.958338927634052     
           2           3  0.985866541260563     
           3           4   1.00851861218345     
           4           5  0.978496192507216     
           1           6  0.959568354605888     
           5           6  0.973982446347225     
           1           7  0.982279603554320     
           5           8  0.994295924737781     
           7           8   1.00676474219494     
           6           9  0.983009809380352     
           1          10  0.987370572236702     
           8          11   1.93481385411205     
           2          12  0.997017582805631     
          12          13   1.92716548795636     
           2          14  0.961599469790486     
          10          15  0.984693366753799     
          12          16   1.02456879813956     
           3          17  0.976319500101444     
           3          18  0.976971865571458     
           4          19  0.970173331629337     
           4          20  0.975704489757812     
           5          21  0.963134452777301     
           6          22  0.957753541080937     
           7          23  0.957707514393591     
           7          24  0.962360573839503     
           9          25  0.884005817582191     
          10          26  0.968303758039657     
          10          27  0.967278375565934     
          11          28  0.975073105677048     
          11          29  0.974878670535166     
          13          30  0.974495623762994     
          13          31  0.967440186028695     
          15          32  0.893439121326335     
          16          33  0.971479404583089     
          16          34  0.966666765789533     
          16          35  0.984208323072708     
