    0.01454420
   -0.06552142
   -0.05854564
   -0.06413071
   -0.01912982
    0.11422021
   -0.03068593
   -0.06034094
   -0.06242283
   -0.03489041
   -0.33581860
    0.14056134
    0.02859680
    0.02688335
    0.01296638
   -0.10568475
   -0.11297330
   -0.11165123
   -0.10682382
    0.03330500
    0.03080307
    0.03461120
    0.03099846
    0.03208051
    0.03283214
    0.03204177
    0.03015247
    0.02704037
    0.03771501
    0.03023762
    0.03437682
    0.05564860
    0.03187706
    0.04558020
    0.03657973
    0.04925594
    0.03326739
    0.04724251
    0.04015435
    0.03399330
    0.03800763
    0.03304597
