$coord
 1.81728122925479  2.90877351643908  -0.00885188289584  c
 4.24845657573487  1.94240923413649   1.24545058519347  c
 5.64889876779697 -0.10497597795201  -0.25135849922862  c
 4.81778838089433 -2.79844836860045   0.38796146066091  c
 2.21323171176842 -3.57951359829295  -0.59931064793675  c
 0.17286525072420 -1.72013074627215   0.25459219120457  c
 0.20425021282219  0.80341372233644  -1.17739693856269  c
-0.00264050505544  4.12057813816134   1.90372313581778  c
-2.58422716346490  4.06352826263519   0.60693089880677  c
-2.57601301551530  1.67693425266076  -1.05004572267288  c
-2.25857773218683 -2.71768625670624  -0.23265536821610  o
-4.04151911585947 -0.69872561694759  -0.11491689243950  c
 0.76594814842237  0.42879511990455  -3.12772110972887  h
-3.28087863081218  2.14715866762555  -2.93117370537577  h
 0.37243924062880 -1.39686104823770   2.30037044879305  h
 1.58405415369019 -6.24438614111190   0.31638407932954  c
-6.20507810463455 -1.36752004698721  -1.91145105081023  c
-5.07643609160490 -0.50439277848352   2.58527427998622  c
 2.50849652561437  4.83158380131835  -2.06024278997132  c
 5.50186202295778  3.56214792661491   1.50875257229830  h
 3.82857229156724  1.20459587969202   3.12595639389990  h
 5.44249969127266  0.22119452962043  -2.27539212521168  h
 7.66224107263859  0.03938597388503   0.18727041925054  h
 4.84612997024776 -3.02984409886058   2.44087341944415  h
 6.20582227311357 -4.11286739624403  -0.39426030447503  h
 2.24079730889897 -3.59310078696061  -2.66927556784160  h
 0.56837579819280  6.03084920901891   2.41766275607403  h
-0.05267486361461  2.98972665640095   3.62785461087664  h
-4.12637615126193  4.09715306797681   1.96260644857524  h
-2.79305876046448  5.72379837590711  -0.59674098380046  h
 1.54483098897052 -6.30262752599879   2.37102144083532  h
-0.26221295211167 -6.80178337620172  -0.38256492403307  h
 2.99222978611495 -7.58415127178024  -0.35271998706006  h
-5.47070393495334 -1.68661235424324  -3.80309809477986  h
-7.58317280069426  0.15446927900864  -1.96380300293781  h
-7.12525040945373 -3.09057236578521  -1.27830815568103  h
-6.65182668419012  0.80905748975458   2.67676827674904  h
-5.74133563301659 -2.36489251193475   3.15216899134422  h
-3.61961824144856  0.08557132107535   3.90537088735057  h
 3.83322973381967  4.01368354017141  -3.40189348199771  h
 0.84104008284201  5.43375031279104  -3.09547889435002  h
 3.38836090225767  6.49052237255522  -1.22149871189955  h
$end