           1           2  0.987422053212009     
           2           3   1.00517874536204     
           3           4   1.00774418272870     
           4           5  0.996747070937586     
           5           6  0.981324776329608     
           1           7  0.976318862374502     
           6           7  0.974035027928695     
           1           8  0.983604217479945     
           8           9   1.00706339535792     
           7          10  0.981281744533379     
           9          10  0.995715210101797     
           6          11  0.971060063215481     
          10          12  0.959631715759091     
          11          12  0.957199015037681     
           7          13  0.968324223255317     
          10          14  0.973918601797291     
           6          15  0.954876741435408     
           5          16   1.00628821555121     
          12          17  0.995554516114749     
          12          18  0.991071602082601     
           1          19  0.998896767176118     
           2          20  0.976425630558789     
           2          21  0.972538309902355     
           3          22  0.973760233963351     
           3          23  0.978137110978540     
           4          24  0.974753644000673     
           4          25  0.976196803885164     
           5          26  0.966453431191025     
           8          27  0.978291030319175     
           8          28  0.974194089038871     
           9          29  0.973558628038439     
           9          30  0.979461303617802     
          16          31  0.986943146934584     
          16          32  0.983655343434097     
          16          33  0.986723014462417     
          17          34  0.984978236208252     
          17          35  0.986064947840128     
          17          36  0.984174203188574     
          18          37  0.983618372113795     
          18          38  0.983229267041746     
          18          39  0.982104462217227     
          19          40  0.982964290651479     
          19          41  0.984428444754401     
          19          42  0.985063961681704     
