   -0.00999545
   -0.02968572
   -0.05815068
   -0.05771907
   -0.02932297
    0.12170628
   -0.07098043
    0.00955376
   -0.47049140
    0.07712226
   -0.11237225
    0.01347662
   -0.11763314
    0.03897309
   -0.48054280
   -0.11854763
    0.04024870
    0.03707756
    0.05627910
    0.03511291
    0.03886631
    0.01362925
    0.05191289
    0.04308795
    0.31100563
    0.04924104
    0.02541341
    0.03616081
    0.03780148
    0.03026686
    0.02154164
    0.30618353
    0.07288633
    0.03820321
    0.04969091
