$coord
 0.18622902666860 -1.36244906759529  -0.50482817835820  c
 1.18462984209922  1.16309835039357  -1.76273719815102  c
-0.87607941671276  3.27147738616848  -1.63599663053587  c
-2.36067029002923  3.37204409240304   0.87614870574411  c
-3.20767538950585  0.69376298327995   1.72076638991826  c
-0.87948427044064 -0.98683353993733   2.21372665366633  c
-2.31679073257626 -2.11698667460029  -1.89113401895246  c
-4.41890587818361 -0.71823956549552  -0.47479403613861  c
 0.75362893630228  0.08825482934036   4.06669513624796  o
 2.22723366048113 -3.44376396319630  -0.65610254989027  c
-6.87991708117497 -0.75384915374837  -1.04856506418667  c
 3.82678364407219  2.09955994473665  -0.99048329133748  c
 5.84778550881096  1.37952413310703  -2.35420819980235  c
 1.38414529925866  0.66579607629026  -3.77859966290901  h
 1.52974433383840 -5.78926903101572   0.50983025921576  o
 4.15902080041345  3.97565932675596   1.15293935793390  c
-0.01687485777155  5.12379856458897  -2.03655229500942  h
-2.23102408867493  2.94715998002498  -3.18250826245692  h
-1.22323588557644  4.23379521721453   2.38838252140850  h
-4.04407356215662  4.57256880215365   0.62568261373562  h
-4.46542608747110  0.82435470350430   3.37344693602597  h
-1.53453784316843 -2.85701149062990   2.88285528150157  h
-2.26534278954073 -1.65005066276863  -3.91893470692066  h
-2.65482470482579 -4.17136195380496  -1.77158827822798  h
 2.10910170359206 -1.12209053696897   4.41259536278343  h
 3.93491913729396 -2.82583243520153   0.35315795219527  h
 2.77978008492538 -3.73146339790714  -2.65466247131982  h
-7.60560955501158 -1.80340400250880  -2.67353640436679  h
-8.26864416998523  0.26905877358492   0.08730330739477  h
 7.75107688241661  2.03969122174628  -1.90127741026248  h
 5.68207163154617  0.10661815971029  -3.97238622885808  h
 0.19286592913177 -6.57734635962597  -0.49647931922359  h
 3.37231924143046  3.25182404509028   2.92741730925807  h
 6.16929739396298  4.42216454991437   1.43365965661266  h
 3.17507554798618  5.76620850508989   0.73839435045894  h
$end
