   -0.00985604
   -0.02541846
   -0.05837629
   -0.05785687
   -0.02833274
    0.11763195
   -0.07077490
    0.00919555
   -0.46814945
    0.07811973
   -0.11234224
    0.01467179
   -0.11539219
    0.03786726
   -0.47979723
   -0.11879226
    0.03955199
    0.03763145
    0.05566747
    0.03600558
    0.04049669
    0.00713840
    0.05421053
    0.05284674
    0.30768291
    0.04132116
    0.02378654
    0.03669799
    0.03748194
    0.02828849
    0.02053166
    0.30827306
    0.07240160
    0.03788523
    0.04970298
