           1           2  0.956833367993293     
           2           3  0.989112747690099     
           3           4   1.00971210406763     
           4           5  0.979029550768742     
           1           6  0.957803727515457     
           5           6  0.975486309110451     
           1           7  0.980373845703991     
           5           8  0.994672384608888     
           7           8   1.00540623728012     
           6           9  0.985512937399006     
           1          10  0.979933936904910     
           8          11   1.93667768301866     
           2          12  0.997575195044349     
          12          13   1.91947935430970     
           2          14  0.956296464850479     
          10          15  0.993771090751024     
          12          16   1.02989026525651     
           3          17  0.973375724210066     
           3          18  0.975610354191350     
           4          19  0.969924384938056     
           4          20  0.976293124002147     
           5          21  0.964801450481935     
           6          22  0.959091458173167     
           7          23  0.964336694410345     
           7          24  0.958514397231595     
           9          25  0.887988009801671     
          10          26  0.969959431723628     
          10          27  0.964391070442127     
          11          28  0.974676438491090     
          11          29  0.974613464019762     
          13          30  0.975279574348836     
          13          31  0.970796826527959     
          15          32  0.880266336103371     
          16          33  0.957897368571628     
          16          34  0.983447425318668     
          16          35  0.963614222896208     
