$coord
-2.59964592458212 -2.81717209989541   3.71852370401323  c
-5.17126006642511 -2.49267774878269   2.46235595189411  c
-5.15894324841296 -1.26862096735047  -0.19215783852682  c
-3.16358352201222  0.95104429282357  -0.34609575395002  c
-0.56194542868446  0.55753775833704   1.06138231045300  c
-1.13148342847551 -0.33725772425845   3.77157408946815  c
-2.53230338548283  1.51709016244964  -3.11705855154188  c
-1.07833858600508  3.98829837631866  -3.35805551782947  c
 1.35554532647350  3.97355435665440  -1.79678527443794  c
 1.04944211523560  3.10940119306480   1.00124531162097  c
 1.49753382821730 -1.32487252807492   0.08802142734194  c
 3.67505703890330  2.20872168459438   1.83867512145523  c
 3.87548928855689 -0.30393626342367   0.62623058479866  c
 6.17498371908866 -1.42917191717772   0.06803662341093  c
 6.16704239675794 -3.76329774023827  -1.10972081007889  c
 3.86562019934690 -4.89820918217207  -1.54617415660070  c
 1.56988366118068 -3.77660546505711  -0.90523469575247  c
-0.52835458285515 -5.27469081608023  -1.23289333675946  o
 8.34474898552229 -0.17470793514132   0.68805165596418  o
-4.82435944259141 -3.05396252014301  -2.13419147976930  o
-7.90253231843696 -0.41732952297849  -0.71357942365262  c
-4.56702085023672  3.24036000459838   0.77366386013042  c
 2.64699425533937  6.54771215130945  -2.06704522765650  c
 0.36300111196548  5.29063856048387   2.79640377563956  c
-2.89482184911264 -3.47249726131144   5.65636580042862  h
-1.50740367936488 -4.26137471215905   2.74977778041055  h
-6.34682505572685 -1.33187401798283   3.69880761195630  h
-6.09088929494735 -4.33232086732788   2.28850778695987  h
 0.62553764358236 -0.61168109240792   4.81554274072685  h
-2.25396721315690  1.06762365462544   4.77480760311065  h
-1.39525114859951 -0.02266192998904  -3.88657199767918  h
-4.26476927444136  1.61622943232405  -4.22900106670612  h
-0.56476741132069  4.27425397483813  -5.33906228184473  h
-2.27419347627667  5.57705084590354  -2.82040849474664  h
 2.59682294076899  2.56899680823135  -2.67871065952607  h
 3.78350781917658  2.02450552952494   3.89244084376208  h
 5.19344029369745  3.46533969948975   1.25083758758609  h
 7.90603851496733 -4.69640916329977  -1.63501197095117  h
 3.82247059437602 -6.76110978847720  -2.39179853776676  h
-0.06651266606027 -6.80258319182391  -2.11371580360350  h
 9.78126592705410 -1.16493971125380   0.16382874990069  h
-3.21939260506515 -3.88169855198273  -1.87593446899031  h
-9.01428848714106 -2.13888033966344  -0.87932983850693  h
-8.71384900317556  0.73502587272708   0.77186462259562  h
-8.02454370195488  0.56295918813816  -2.51195584295285  h
-5.33183894602655  2.81245737116240   2.62840277161401  h
-3.38339179635708  4.87746577603389   0.93713803769463  h
-6.11837807282118  3.75259565351607  -0.46572683862928  h
 4.38479881732281  6.65339914079486  -0.97956751301457  h
 3.11823690368446  6.86641128554932  -4.04319833197476  h
 1.41295297269760  8.07596141241439  -1.46563849323372  h
 2.10538714165221  6.15756956403022   3.46629735864396  h
-0.71504763861792  6.79292165369091   1.90810998213919  h
-0.66284527305304  4.62934797815336   4.44389871858349  h
$end