! hf-3c
! DEFGRID2
! scfconv6
! miniprint nopop noautostart
%MaxCore 2500
%pal
    nprocs 12
end
*xyz 0 1
C   -1.3756733791  -1.4907832738   1.9677580015
C   -2.7365129776  -1.3190682582   1.3030226543
C   -2.7299951982  -0.6713253049  -0.1016855490
C   -1.6740963039   0.5032709661  -0.1831459857
C   -0.2973687145   0.2950362758   0.5616593305
C   -0.5987552446  -0.1784691018   1.9958310565
C   -1.3400372421   0.8028095405  -1.6494763498
C   -0.5706322051   2.1105166101  -1.7770064522
C    0.7173236948   2.1027144109  -0.9508178197
C    0.5553408513   1.6454242502   0.5298362012
C    0.7924607741  -0.7010923489   0.0465789334
C    1.9447564329   1.1688051802   0.9729849721
C    2.0508206117  -0.1608361441   0.3313869541
C    3.2676606604  -0.7562852087   0.0360034306
C    3.2634582936  -1.9914514011  -0.5872389629
C    2.0455981146  -2.5920206723  -0.8182001274
C    0.8307466569  -1.9984935458  -0.4790295713
O   -0.2795932044  -2.7912461732  -0.6524190570
O    4.4158509919  -0.0924514578   0.3641012561
O   -2.5529410731  -1.6160873679  -1.1293654943
C   -4.1818400095  -0.2208412729  -0.3776099690
C   -2.4167633546   1.7147246688   0.4094052835
C    1.4007290367   3.4649000525  -1.0938332279
C    0.1920919159   2.7996853561   1.4797931499
H   -1.5318737515  -1.8375664148   2.9932198768
H   -0.7976836744  -2.2550223838   1.4551197358
H   -3.3585951796  -0.7047973778   1.9573246949
H   -3.2231598076  -2.2925654723   1.2110261673
H    0.3310202654  -0.3236876943   2.5482754754
H   -1.1927480828   0.5649621076   2.5267193689
H   -0.7383351110  -0.0119921769  -2.0566853288
H   -2.2568187088   0.8552717828  -2.2378909884
H   -0.2988620434   2.2618377961  -2.8253100859
H   -1.2034513603   2.9512482104  -1.4924959002
H    1.3741795204   1.3594545652  -1.4175126350
H    2.0021461143   1.0713221891   2.0597909884
H    2.7482502484   1.8337787962   0.6619147456
H    4.1836954088  -2.4852327012  -0.8652110742
H    2.0227643270  -3.5778252189  -1.2656852787
H   -0.0351969871  -3.5997719988  -1.1185302331
H    5.1760230201  -0.6164595470   0.0866944409
H   -1.7036291988  -2.0541064124  -0.9927017697
H   -4.7701560378  -1.1318467321  -0.4653213112
H   -4.6111703097   0.3889589411   0.4084531680
H   -4.2464056531   0.2979051729  -1.3292697863
H   -2.8214876612   1.4882883468   1.3908908472
H   -1.7904138334   2.5810437345   0.4959120928
H   -3.2377062424   1.9857881007  -0.2464520294
H    2.3203356075   3.5208271988  -0.5183648042
H    1.6500999069   3.6335483714  -2.1395684155
H    0.7477025129   4.2736147337  -0.7755824897
H    1.1141228950   3.2584454864   1.8342855676
H   -0.3783869149   3.5946593330   1.0097283180
H   -0.3507626127   2.4497454503   2.3516099284
*
