*************************************************
******************* ORCA 6.1.1 ******************
*************************************************
$Calculation_Status
   &GeometryIndex 1
   &version [&Type "String"] "6.1.1"
   &progName [&Type "String"] "LeanSCF"
   &Status [&Type "String"] "NORMAL TERMINATION"
$End
$Geometry
   &GeometryIndex 1
   &NAtoms [&Type "Integer"] 35
   &NCorelessECP [&Type "Integer"] 0
   &NGhostAtoms [&Type "Integer"] 0
   &CartesianCoordinates [&Type "Coordinates", &Dim(35,4), &Units "Bohr"] 
              C     -0.049880393724   -1.103126120974    0.532525837432
              C     -1.952451477302    1.031386756911    1.381264319467
              C     -0.710532388966    3.711848244958    1.212640897293
              C      1.069990348827    4.122251261364   -1.065899668869
              C      2.792469241915    1.791042438779   -1.513800631122
              C      1.075899245980   -0.483925727683   -2.110112863302
              C      2.357947642735   -0.940062202789    2.241007632036
              C      4.084780582565    0.967435450300    0.928441260496
              O      2.504403329761   -2.650913363420   -2.951850064212
              C     -1.388493737590   -3.701583371651    0.677757454355
              C      6.331677751700    1.778098888882    1.754350204882
              C     -4.604820410781    0.944444476937    0.215356319230
              C     -6.587821782422    0.343974015405    1.686199620098
              H     -2.258775909756    0.667150313851    3.409692078758
              O      0.253458803396   -5.841979108343    0.509963194498
              C     -5.035332565361    1.643625629105   -2.533768435922
              H     -2.195809951704    5.170283249518    1.229901352877
              H      0.392583239870    4.004287965098    2.953126995625
              H     -0.013917424229    4.491021466013   -2.807641373998
              H      2.244270483635    5.807597536698   -0.725976215480
              H      4.144053363229    2.199588210421   -3.046592034036
              H     -0.369560669909   -0.016562652855   -3.531100855237
              H      3.275111203802   -2.803098461790    2.345412117024
              H      1.897676700828   -0.383071781854    4.193939318607
              H      3.355895096285   -2.215410545111   -4.535538029142
              H     -2.872194042867   -3.782679301761   -0.795523051819
              H     -2.357328222634   -3.863684206597    2.514567226496
              H      7.135982031863    1.130044986860    3.543143142773
              H      7.460942756366    3.126817679498    0.671616443085
              H     -8.517679141511    0.324845105201    0.951960892115
              H     -6.360992316758   -0.151839980898    3.677365286104
              H      1.292763608239   -5.571008940598   -1.002785380354
              H     -4.148195471517    3.462769537990   -3.018334123140
              H     -4.248032741474    0.220022503566   -3.832501396867
              H     -7.067037195751    1.798685057238   -2.942615949584
$End
$SCF_Energy
   &GeometryIndex 1
   &Method [&Type "String"] "SCF"
   &totalEnergy [&Type "ArrayOfDoubles", &Dim (1,1)] "Total energy of each state"
                                                         0

0                                     -6.5777247972059195e+02
   &Mult [&Type "ArrayOfIntegers", &Dim (1,1)] "Multiplicity of each state"
                                                         0

0                                                        1
$End
$DFT_Energy
   &GeometryIndex 1
   &nAlphaEl [&Type "Integer"] 56
   &nBetaEl [&Type "Integer"] 56
   &nTotalEl [&Type "Integer"] 113
   &finalEn [&Type "Double"]      -6.5777247972059195e+02  "No Van der Waals correction"
   &eExchange [&Type "Double"]      -9.1094261507733336e+01
   &eCorr [&Type "Double"]      -4.0411819129151771e+00
   &eXC [&Type "Double"]      -9.5135443420648514e+01
   &eCNL [&Type "Double"]       0.0000000000000000e+00
$End
$Solvation_Details
   &GeometryIndex 1
   &Solvent [&Type "String"] "CHLOROFORM"
   &Epsilon [&Type "Double"]       4.8029999999999999e+00
   &Refrac [&Type "Double"]       1.4459000000000000e+00
   &RSolv [&Type "Double"]       1.3000000000000000e+00
   &SurfaceType [&Type "String"] "GAUSSIAN VDW"
   &CPCMDielEnergy [&Type "Double"]      -1.3027937000000000e-02
   &NPoints [&Type "Integer"] 2614
   &SurfaceArea [&Type "Double"]       9.1687595875600005e+02
$End
$SCF_Timings
   &GeometryIndex 1
   &TOTAL [&Type "Double"]       1.5192973000000000e+01
   &PREP [&Type "Double"]       5.5606600000000006e-01
   &FOCK [&Type "Double"]       1.1251861000000002e+01
   &DENS [&Type "Double"]       3.5048999999999886e-01
   &ETOT [&Type "Double"]       1.0257800000000028e-01
   &TRAFO [&Type "Double"]       3.6775800000000070e-01
   &DIIS [&Type "Double"]       1.5124780000000002e+00
   &SOSCF [&Type "Double"]       7.6838200000000167e-01
   &XC [&Type "Double"]       3.9080230000000027e+00
   &FOCKSTART [&Type "Double"]       8.7967000000002016e-02
   &SOLV [&Type "Double"]       4.5476510000000019e+00
   &SOLV_INIT [&Type "Double"]       2.8953900000000005e-01
   &INT_PREP [&Type "Double"]       2.0000000007236451e-06
   &INT_BF [&Type "Double"]       1.0964929999999917e+00
   &INT_DENS [&Type "Double"]       9.5151999999998238e-01
   &INT_DENSIO [&Type "Double"]       2.0429022517000009e+04
   &INT_FUNC [&Type "Double"]       3.4287699999997134e-01
   &INT_POT [&Type "Double"]       8.6547000000000029e-01
   &INT_POTIO [&Type "Double"]       1.3728000000016616e-02
   &INT_SUM [&Type "Double"]       2.1559999999984925e-03
   &SPLITRIJ [&Type "Double"]       3.1581770000000002e+00
$End
$Single_Point_Data
   &GeometryIndex 1
   &FinalEnergy [&Type "Double"]      -6.5777247972059195e+02  "Final single point energy"
   &Converged [&Type "Boolean"] true
$End
$Calculation_Info
   &GeometryIndex 1
   &Mult [&Type "Integer"] 1
   &Charge [&Type "Integer"] 0
   &NumOfAtoms [&Type "Integer"] 35
   &NumOfElectrons [&Type "Integer"] 114
   &NumOfBasisFuncts [&Type "Integer"] 605
   &NumOfAuxCBasisFuncts [&Type "Integer"] 0
   &NumOfAuxJBasisFuncts [&Type "Integer"] 955
   &NumOfAuxJKBasisFuncts [&Type "Integer"] 0
   &NumOfCABSBasisFuncts [&Type "Integer"] 0
$End
$SCF_Dipole_Moment
   &GeometryIndex 1
   &dipoleMagnitude [&Type "Double", &Units "a.u."]       1.7918255134987509e+00
   &dipoleElecContrib [&Type "ArrayOfDoubles", &Dim (3,1)] "Electronic contribution"
                                                         0

0                                      4.6904794879259804e+00
1                                     -5.3325409058875994e+00
2                                     -6.7851571754604945e-01
   &dipoleNucContrib [&Type "ArrayOfDoubles", &Dim (3,1)] "Nuclear contribution"
                                                         0

0                                     -4.7138244115027401e+00
1                                      6.7303312884983368e+00
2                                     -4.4232134985009353e-01
   &dipoleTotal [&Type "ArrayOfDoubles", &Dim (3,1)] "Total"
                                                         0

0                                     -2.3344923576759768e-02
1                                      1.3977903826107374e+00
2                                     -1.1208370673961430e+00
   &doAtomicDipole [&Type "Boolean"] false
   &Method [&Type "String"] "SCF"
   &Level [&Type "String"] "Relaxed density"
   &Mult [&Type "Integer"] 1
   &State [&Type "Integer"] -1
   &Irrep [&Type "Integer"] 0
$End
$SCF_Spin_Spin_Coupling
   &GeometryIndex 1
   &numOfNucPairs [&Type "Integer"] 187 "Number of nuclei pairs to calculate"
   &numOfNucPairsDSO [&Type "Integer"] 0 "number of nuclear pairs to calculate DSO"
   &numOfNucPairsPSO [&Type "Integer"] 0 "number of nuclear pairs to calculate PSO"
   &numOfNucPairsFC [&Type "Integer"] 187 "number of nuclear pairs to calculate FC"
   &numOfNucPairsSD [&Type "Integer"] 0 "number of nuclear pairs to calculate SD"
   &numOfNucPairsSD_FC [&Type "Integer"] 0 "number of nuclear pairs to calculate SD/FC"
   &pairsInfo [&Type "ArrayOfIntegers", &Dim (187,4)] "Pairs Info: Col1->Index of A. Col2->Atom. Num. of A.  Col3->Index of B. Col4->Atom. Num. of B."
                                                         0                           1                           2                           3

0                                                       13                           1                          16                           1
1                                                       13                           1                          17                           1
2                                                       13                           1                          18                           1
3                                                       13                           1                          19                           1
4                                                       13                           1                          20                           1
5                                                       13                           1                          21                           1
6                                                       13                           1                          22                           1
7                                                       13                           1                          23                           1
8                                                       13                           1                          24                           1
9                                                       13                           1                          25                           1
10                                                      13                           1                          26                           1
11                                                      13                           1                          27                           1
12                                                      13                           1                          28                           1
13                                                      13                           1                          29                           1
14                                                      13                           1                          30                           1
15                                                      13                           1                          31                           1
16                                                      13                           1                          32                           1
17                                                      13                           1                          33                           1
18                                                      13                           1                          34                           1
19                                                      16                           1                          17                           1
20                                                      16                           1                          18                           1
21                                                      16                           1                          19                           1
22                                                      16                           1                          20                           1
23                                                      16                           1                          21                           1
24                                                      16                           1                          22                           1
25                                                      16                           1                          23                           1
26                                                      16                           1                          24                           1
27                                                      16                           1                          25                           1
28                                                      16                           1                          26                           1
29                                                      16                           1                          27                           1
30                                                      16                           1                          28                           1
31                                                      16                           1                          29                           1
32                                                      16                           1                          30                           1
33                                                      16                           1                          31                           1
34                                                      16                           1                          32                           1
35                                                      16                           1                          33                           1
36                                                      16                           1                          34                           1
37                                                      17                           1                          18                           1
38                                                      17                           1                          19                           1
39                                                      17                           1                          20                           1
40                                                      17                           1                          21                           1
41                                                      17                           1                          22                           1
42                                                      17                           1                          23                           1
43                                                      17                           1                          24                           1
44                                                      17                           1                          25                           1
45                                                      17                           1                          26                           1
46                                                      17                           1                          27                           1
47                                                      17                           1                          28                           1
48                                                      17                           1                          29                           1
49                                                      17                           1                          30                           1
50                                                      17                           1                          31                           1
51                                                      17                           1                          32                           1
52                                                      17                           1                          33                           1
53                                                      17                           1                          34                           1
54                                                      18                           1                          19                           1
55                                                      18                           1                          20                           1
56                                                      18                           1                          21                           1
57                                                      18                           1                          22                           1
58                                                      18                           1                          23                           1
59                                                      18                           1                          24                           1
60                                                      18                           1                          25                           1
61                                                      18                           1                          26                           1
62                                                      18                           1                          27                           1
63                                                      18                           1                          28                           1
64                                                      18                           1                          29                           1
65                                                      18                           1                          30                           1
66                                                      18                           1                          31                           1
67                                                      18                           1                          32                           1
68                                                      18                           1                          33                           1
69                                                      18                           1                          34                           1
70                                                      19                           1                          20                           1
71                                                      19                           1                          21                           1
72                                                      19                           1                          22                           1
73                                                      19                           1                          23                           1
74                                                      19                           1                          24                           1
75                                                      19                           1                          25                           1
76                                                      19                           1                          26                           1
77                                                      19                           1                          27                           1
78                                                      19                           1                          28                           1
79                                                      19                           1                          29                           1
80                                                      19                           1                          30                           1
81                                                      19                           1                          31                           1
82                                                      19                           1                          32                           1
83                                                      19                           1                          33                           1
84                                                      19                           1                          34                           1
85                                                      20                           1                          21                           1
86                                                      20                           1                          22                           1
87                                                      20                           1                          23                           1
88                                                      20                           1                          24                           1
89                                                      20                           1                          25                           1
90                                                      20                           1                          26                           1
91                                                      20                           1                          27                           1
92                                                      20                           1                          28                           1
93                                                      20                           1                          29                           1
94                                                      20                           1                          30                           1
95                                                      20                           1                          31                           1
96                                                      20                           1                          32                           1
97                                                      20                           1                          33                           1
98                                                      20                           1                          34                           1
99                                                      21                           1                          22                           1
100                                                     21                           1                          23                           1
101                                                     21                           1                          24                           1
102                                                     21                           1                          25                           1
103                                                     21                           1                          26                           1
104                                                     21                           1                          27                           1
105                                                     21                           1                          28                           1
106                                                     21                           1                          29                           1
107                                                     21                           1                          30                           1
108                                                     21                           1                          31                           1
109                                                     21                           1                          32                           1
110                                                     21                           1                          33                           1
111                                                     21                           1                          34                           1
112                                                     22                           1                          23                           1
113                                                     22                           1                          24                           1
114                                                     22                           1                          25                           1
115                                                     22                           1                          26                           1
116                                                     22                           1                          27                           1
117                                                     22                           1                          28                           1
118                                                     22                           1                          29                           1
119                                                     22                           1                          30                           1
120                                                     22                           1                          31                           1
121                                                     22                           1                          32                           1
122                                                     22                           1                          33                           1
123                                                     22                           1                          34                           1
124                                                     23                           1                          24                           1
125                                                     23                           1                          25                           1
126                                                     23                           1                          26                           1
127                                                     23                           1                          27                           1
128                                                     23                           1                          28                           1
129                                                     23                           1                          29                           1
130                                                     23                           1                          30                           1
131                                                     23                           1                          31                           1
132                                                     23                           1                          32                           1
133                                                     23                           1                          33                           1
134                                                     23                           1                          34                           1
135                                                     24                           1                          25                           1
136                                                     24                           1                          26                           1
137                                                     24                           1                          27                           1
138                                                     24                           1                          28                           1
139                                                     24                           1                          29                           1
140                                                     24                           1                          30                           1
141                                                     24                           1                          31                           1
142                                                     24                           1                          32                           1
143                                                     24                           1                          33                           1
144                                                     24                           1                          34                           1
145                                                     25                           1                          26                           1
146                                                     25                           1                          27                           1
147                                                     25                           1                          28                           1
148                                                     25                           1                          29                           1
149                                                     25                           1                          30                           1
150                                                     25                           1                          31                           1
151                                                     25                           1                          32                           1
152                                                     25                           1                          33                           1
153                                                     25                           1                          34                           1
154                                                     26                           1                          27                           1
155                                                     26                           1                          28                           1
156                                                     26                           1                          29                           1
157                                                     26                           1                          30                           1
158                                                     26                           1                          31                           1
159                                                     26                           1                          32                           1
160                                                     26                           1                          33                           1
161                                                     26                           1                          34                           1
162                                                     27                           1                          28                           1
163                                                     27                           1                          30                           1
164                                                     27                           1                          31                           1
165                                                     27                           1                          32                           1
166                                                     27                           1                          33                           1
167                                                     28                           1                          30                           1
168                                                     28                           1                          31                           1
169                                                     28                           1                          32                           1
170                                                     28                           1                          33                           1
171                                                     28                           1                          34                           1
172                                                     29                           1                          30                           1
173                                                     29                           1                          31                           1
174                                                     29                           1                          32                           1
175                                                     29                           1                          33                           1
176                                                     29                           1                          34                           1
177                                                     30                           1                          31                           1
178                                                     30                           1                          32                           1
179                                                     30                           1                          33                           1
180                                                     30                           1                          34                           1
181                                                     31                           1                          32                           1
182                                                     31                           1                          33                           1
183                                                     31                           1                          34                           1
184                                                     32                           1                          33                           1
185                                                     32                           1                          34                           1
186                                                     33                           1                          34                           1
   &pairsDistances [&Type "ArrayOfDoubles", &Dim (187,1)] "The distances of each pair"
                                                         0

0                                      2.6476665765114151e+00
1                                      2.2683528220763711e+00
2                                      4.0410784937410007e+00
3                                      4.2269758773016495e+00
4                                      4.8795818363801109e+00
5                                      3.8236927338252684e+00
6                                      3.5021467778084423e+00
7                                      2.3062723270245695e+00
8                                      5.3695288009059112e+00
9                                      3.2561000649602407e+00
10                                     2.4445136236438376e+00
11                                     4.9780236766374308e+00
12                                     5.4998788387982538e+00
13                                     3.5628792546519672e+00
14                                     2.2181662817426422e+00
15                                     4.4588642758828572e+00
16                                     3.8417286397523163e+00
17                                     3.9813835975356269e+00
18                                     4.2582020505213425e+00
19                                     1.7573807723836652e+00
20                                     2.4550516506371740e+00
21                                     2.5895069644749298e+00
22                                     4.3414238551885296e+00
23                                     3.8490394177860643e+00
24                                     5.1509947035367167e+00
25                                     3.9734797855994630e+00
26                                     5.7631793785948533e+00
27                                     4.8705976745742037e+00
28                                     4.8294204139091663e+00
29                                     5.5186093126391418e+00
30                                     5.2316415340210476e+00
31                                     4.2175639873735689e+00
32                                     3.8035960356996781e+00
33                                     6.0919856892353703e+00
34                                     2.6339482288946736e+00
35                                     3.9010311187240068e+00
36                                     3.8344879360071942e+00
37                                     3.0668823147246118e+00
38                                     2.3793252296247336e+00
39                                     3.8643379942628973e+00
40                                     4.0575614023543380e+00
41                                     3.9251536987150404e+00
42                                     2.5408137734962799e+00
43                                     5.3847771226934160e+00
44                                     4.8887499346792191e+00
45                                     4.4166276726353155e+00
46                                     3.8916232664112944e+00
47                                     3.9577697520322053e+00
48                                     5.2100644851317091e+00
49                                     4.2138159937086277e+00
50                                     5.5030836802658660e+00
51                                     3.9801113617681163e+00
52                                     4.7890021166888257e+00
53                                     5.1651167083380765e+00
54                                     1.7682846590594696e+00
55                                     2.5154840807033341e+00
56                                     2.4231572912479762e+00
57                                     5.0362508332957701e+00
58                                     4.6263863113806449e+00
59                                     4.0756091335929021e+00
60                                     4.7529567360817566e+00
61                                     5.3866649138176053e+00
62                                     5.3640323584599212e+00
63                                     4.4223457280598986e+00
64                                     5.3915236945877378e+00
65                                     5.3938924983876140e+00
66                                     5.4535909493675403e+00
67                                     2.2571717729721970e+00
68                                     3.2283931266662771e+00
69                                     3.9956696124120139e+00
70                                     2.4827472034958928e+00
71                                     3.6899128486497181e+00
72                                     4.8684344709107190e+00
73                                     4.1885331327801794e+00
74                                     4.7365684763605760e+00
75                                     5.7521454431175405e+00
76                                     5.9213374453121048e+00
77                                     4.2345327546405596e+00
78                                     3.1906145265426207e+00
79                                     6.4528296428927456e+00
80                                     6.0092460627214441e+00
81                                     6.0440904197272083e+00
82                                     3.8018627467913380e+00
83                                     4.8216580221674459e+00
84                                     5.4913532955800761e+00
85                                     2.6731980030480877e+00
86                                     3.9193295922001070e+00
87                                     4.2380994538984567e+00
88                                     2.5006278715970418e+00
89                                     5.0225179763647256e+00
90                                     5.5489908434278865e+00
91                                     3.8713271309782074e+00
92                                     2.6819724175255781e+00
93                                     7.0961569998690228e+00
94                                     6.7165242866818859e+00
95                                     4.5116563533749066e+00
96                                     4.4387154692227533e+00
97                                     4.5816920302611033e+00
98                                     5.9367005397659831e+00
99                                     3.9451862512229003e+00
100                                    4.2647526816593713e+00
101                                    2.3500977731616151e+00
102                                    2.7966499459134164e+00
103                                    3.9352310913428621e+00
104                                    5.4915441846658162e+00
105                                    4.9883325798085352e+00
106                                    4.9246539007514585e+00
107                                    4.9606669411784754e+00
108                                    3.3471274021299600e+00
109                                    2.7316393607069096e+00
110                                    2.0623903820668028e+00
111                                    3.6852027892952863e+00
112                                    1.7686641120850755e+00
113                                    3.6547484361324134e+00
114                                    3.6896371553459000e+00
115                                    3.0342593582647357e+00
116                                    2.9846017018383506e+00
117                                    3.9418084237677760e+00
118                                    6.4982366800844158e+00
119                                    5.3354542794606497e+00
120                                    2.5268672652447983e+00
121                                    5.8721113477501712e+00
122                                    5.3940673764181675e+00
123                                    6.6115326265010088e+00
124                                    4.7827679255521334e+00
125                                    4.0716991028806087e+00
126                                    3.0417343626311819e+00
127                                    2.9057997361390457e+00
128                                    3.9485277035241277e+00
129                                    5.7845436982614045e+00
130                                    4.3805496044433854e+00
131                                    3.8989466227473493e+00
132                                    5.3799381698436264e+00
133                                    5.3590060361687479e+00
134                                    6.1724972435564949e+00
135                                    3.9327920979746365e+00
136                                    4.8805434958899179e+00
137                                    5.0409849556139461e+00
138                                    4.5059455256203309e+00
139                                    7.0511211588426210e+00
140                                    6.8205996141775573e+00
141                                    2.7999872433857633e+00
142                                    5.0440057834171439e+00
143                                    4.2415232913125891e+00
144                                    5.9702794639903312e+00
145                                    1.7732053349258747e+00
146                                    6.3307482868388947e+00
147                                    6.6235435704869809e+00
148                                    3.8084938785411508e+00
149                                    3.5640561374130746e+00
150                                    2.4010859852011075e+00
151                                    4.0669462433536818e+00
152                                    2.7566928525940462e+00
153                                    3.8654699958587608e+00
154                                    5.7023169350745411e+00
155                                    6.4521010295196408e+00
156                                    4.0278499640851360e+00
157                                    2.9538903583303617e+00
158                                    2.8304747280019029e+00
159                                    4.9499182693917367e+00
160                                    4.1172810862983980e+00
161                                    4.8507002895248545e+00
162                                    1.8587884257285097e+00
163                                    7.1747835893368759e+00
164                                    5.2841674070847855e+00
165                                    7.0168827916140177e+00
166                                    7.1941649380695871e+00
167                                    7.6836459819762730e+00
168                                    5.7117379608195931e+00
169                                    6.4485989093777558e+00
170                                    6.8146158594007327e+00
171                                    7.9533206674658450e+00
172                                    1.8563756585889708e+00
173                                    6.1445407580325622e+00
174                                    3.5380631354851539e+00
175                                    3.3938353388287510e+00
176                                    2.3334431893632019e+00
177                                    5.5463018073143644e+00
178                                    4.1933500013700487e+00
179                                    4.1330392333427728e+00
180                                    3.6711017638940877e+00
181                                    5.6815898036798247e+00
182                                    4.4978120928876724e+00
183                                    5.9860586088804100e+00
184                                    1.7700359963996608e+00
185                                    1.7784249691317711e+00
186                                    1.7734036285699304e+00
   &pairsTotalSSCIso [&Type "ArrayOfDoubles", &Dim (187,1)] "The Spin-Spin coupling constant for each pair"
                                                         0

0                                      5.9388422079482672e-01
1                                      8.4133383575933927e+00
2                                     -5.7284026079693651e-01
3                                      7.1465213086952117e-01
4                                      1.7556067869944472e-01
5                                     -2.8199494172992734e-01
6                                     -2.6739579062266683e-01
7                                     -4.8635017328787861e-01
8                                      8.4953679506527813e-01
9                                     -1.4218814668972296e-01
10                                    -2.6197520285122838e-01
11                                     1.1079456205706023e-02
12                                     3.6129630590546857e-02
13                                     6.4685409941365057e-01
14                                    -5.9905811790518348e-01
15                                     3.2875768376399134e-02
16                                    -2.8628822838213797e-01
17                                    -5.7244928337684986e-01
18                                     1.3160348477050072e+00
19                                    -1.5334370630963976e+01
20                                     6.0349948997636007e+00
21                                     1.1464951014021820e+00
22                                     3.2556436116695037e-01
23                                     7.9566151750403574e-02
24                                    -6.1054402627328010e-02
25                                    -5.0920286337691557e-02
26                                     1.9689909135399187e-02
27                                     3.4427078941373375e-02
28                                     1.1688578548820101e-01
29                                    -4.4290624579695981e-03
30                                     2.0277299648561845e-02
31                                     1.7489731421258120e-01
32                                     6.2097658130015887e-02
33                                    -5.1390151341017556e-02
34                                    -5.1628599879508942e-02
35                                     1.4022467019916587e-01
36                                     8.6289641968526815e-02
37                                     1.3795041362318893e+01
38                                     6.6390612576724255e+00
39                                    -5.1940050389661940e-01
40                                    -7.4363862543704428e-03
41                                     3.8398544833678561e-01
42                                    -9.0832011067905408e-02
43                                    -3.6292710605963996e-05
44                                     1.6672531033191035e-01
45                                     6.9997597242927548e-02
46                                    -3.3445067551092264e-02
47                                    -1.3685492726449731e-02
48                                     1.4859962314428390e-02
49                                    -1.7064072559367283e-01
50                                     1.4966739859167681e-02
51                                    -9.8180091963153762e-02
52                                     2.0151249715359679e-01
53                                     5.2369408836954422e-03
54                                    -1.3681828266381576e+01
55                                     2.3358140986764835e+00
56                                    -2.8091388824655017e-01
57                                    -4.2535694183548434e-01
58                                    -4.6385758780304778e-02
59                                     6.2764389785237462e-02
60                                    -2.8719954637145256e-03
61                                     1.6518769580957871e-02
62                                     1.1472806649884959e-01
63                                    -6.3357184667382396e-02
64                                    -5.5297340878284730e-02
65                                    -5.2319943048422891e-02
66                                    -7.3663369524885874e-03
67                                    -4.8105927826959755e-01
68                                     3.3509580937563940e-02
69                                     1.7721726069040405e-01
70                                     4.7869946900289841e+00
71                                    -1.4889409092369893e-01
72                                     1.5689035270620660e-01
73                                     8.4800372084996051e-02
74                                    -2.0319891338738742e-02
75                                    -9.7598803491534443e-03
76                                    -2.2551388008385770e-02
77                                     1.2547944708834918e-01
78                                     8.3619623673439183e-02
79                                    -4.4127282673974519e-02
80                                    -7.0738560329346056e-02
81                                    -3.8491722891384394e-03
82                                    -8.5210787499494234e-02
83                                    -3.9369997150624954e-02
84                                     1.5821575171496899e-01
85                                     8.2141277782786259e-01
86                                     4.2363534763283522e-01
87                                    -1.3730549614562517e+00
88                                     6.0190601997629968e-02
89                                    -5.1851188171924502e-02
90                                     7.7883766225226847e-01
91                                    -1.1259743393571156e+00
92                                    -1.0247334202611609e+00
93                                    -1.2197617761884043e-02
94                                    -8.0722987348878540e-03
95                                     6.8189703973129207e-02
96                                     7.7861498938933179e-03
97                                     8.3120688917087508e-03
98                                     1.1839676193329618e-02
99                                    -6.5366265686984959e-01
100                                    1.0318447587150290e+00
101                                    7.5917749381720312e-01
102                                   -2.3313126722289390e-01
103                                   -4.4871290726013174e-01
104                                    8.6317024930177066e-01
105                                    2.5053256503460719e-01
106                                   -1.9663332532450561e-02
107                                   -1.5186552427651344e-02
108                                    3.0295990271544962e-02
109                                    3.0387911141466984e-02
110                                   -7.7103183547893761e-01
111                                   -4.2825358402740495e-02
112                                   -1.8955233528602822e+01
113                                    5.8290442010763589e-02
114                                   -5.4126229152794504e-02
115                                   -2.7677686636784571e-01
116                                   -2.7511735676821560e+00
117                                   -3.2142633549226733e+00
118                                    9.2617351607677270e-02
119                                   -3.9719720655283931e-02
120                                    7.4141943823851045e-02
121                                   -5.9341279377985272e-03
122                                   -8.4091254021898001e-02
123                                   -3.7276060005570579e-03
124                                   -1.9837643150941522e-01
125                                   -5.3173154311678328e-01
126                                   -1.9740201834514118e-01
127                                   -2.0766472386362222e+00
128                                   -2.4309362248132080e+00
129                                    1.9236677552763197e-02
130                                    1.7367574218333491e-03
131                                    1.4345347488610900e-02
132                                   -1.5455245873129029e-02
133                                   -1.9365051226543133e-02
134                                    9.2585472448244478e-03
135                                    3.2812948925591098e-02
136                                    2.9229342297913137e-02
137                                    1.5736897472524152e-03
138                                    9.9393512420365131e-04
139                                    1.6008710293403883e-02
140                                    3.9985672939030024e-03
141                                   -8.2005504351666725e-01
142                                   -7.2605061948273703e-03
143                                   -9.4239550612459158e-03
144                                   -1.0109032998037471e-02
145                                   -1.2580603062933998e+01
146                                    2.3022660221042938e-02
147                                    2.7250619538026344e-01
148                                   -5.4800387065551404e-02
149                                   -4.8098487763963860e-02
150                                    4.0227615593105459e-01
151                                   -5.0071592919128487e-03
152                                   -5.3887837472242552e-02
153                                   -2.1895569371834456e-02
154                                   -1.1411663525408117e-02
155                                   -1.7552977451323261e-02
156                                    3.7333798418929129e-02
157                                    3.8791480559135880e-02
158                                    1.3993991280062065e+01
159                                    8.3606580743672665e-02
160                                    6.4655464608215724e-02
161                                   -8.1689709154972815e-03
162                                    3.3230015754224296e-01
163                                   -2.9687782755190843e-04
164                                    5.5442314280562052e-03
165                                   -3.9905574944513200e-05
166                                   -4.3862159110903210e-03
167                                   -1.8203892722460345e-03
168                                    1.1391863831463955e-02
169                                    1.3067465157631142e-03
170                                   -3.3533182751407202e-03
171                                    1.2278995631133206e-02
172                                    1.7144034021400878e+00
173                                    1.4961454640841958e-02
174                                   -1.7254888319579424e+00
175                                   -2.5818259054372881e+00
176                                   -5.0182372096792283e-01
177                                    2.9519290529133491e-02
178                                   -8.2120883451381599e-01
179                                   -2.3468843138830602e+00
180                                    5.8563215005028879e-01
181                                    2.3195037271394811e-02
182                                    1.4428981919717756e-02
183                                    2.6637645670964235e-04
184                                   -1.7424193643392393e+01
185                                   -1.3022597637747587e+01
186                                   -1.4492751806414995e+01
   &Method [&Type "String"] "SCF"
   &Level [&Type "String"] "Relaxed density"
   &Mult [&Type "Integer"] 1
   &State [&Type "Integer"] -1
   &Irrep [&Type "Integer"] 0
$End
$Calculation_Timings
   &GeometryIndex 1
   &GTOINT [&Type "Double"]       1.5975379999999999e+00
   &SCF [&Type "Double"]       1.7255669000000001e+01
   &PROPINT [&Type "Double"]       1.2285760000000003e+00
   &RESPONSE [&Type "Double"]       8.9332269999999987e+00
   &PROP [&Type "Double"]       6.6005699999999834e-01
   &SUM [&Type "Double"]       2.9675066999999999e+01
$End
