   -0.00012639
   -0.02751613
   -0.05925337
   -0.05742869
   -0.02838021
    0.11701492
   -0.07123563
    0.00984751
   -0.46861156
    0.08436552
   -0.11275270
    0.01412084
   -0.11616274
    0.05082303
   -0.47372059
   -0.11710883
    0.03948301
    0.03689947
    0.05496516
    0.03544363
    0.04029584
    0.00469622
    0.05907445
    0.04972340
    0.30688952
    0.01828664
    0.02335001
    0.03646021
    0.03723628
    0.02416358
    0.02947672
    0.30649504
    0.06873639
    0.03679689
    0.04765256
