           1           2  0.956553297132331     
           2           3  0.991100874526913     
           3           4   1.00937400984629     
           4           5  0.978776763869326     
           1           6  0.958985036408824     
           5           6  0.975303676474593     
           1           7  0.980136202380307     
           5           8  0.994831747841164     
           7           8   1.00588965528371     
           6           9  0.985601473392391     
           1          10  0.987481751244816     
           8          11   1.93598437196556     
           2          12  0.996735409819450     
          12          13   1.92192414807632     
           2          14  0.957635886123567     
          10          15  0.987774905475418     
          12          16   1.02892504321214     
           3          17  0.973121784399651     
           3          18  0.975622165087722     
           4          19  0.969796492655024     
           4          20  0.976477834471083     
           5          21  0.964966149398883     
           6          22  0.958590768819446     
           7          23  0.963534596443888     
           7          24  0.958904455147454     
           9          25  0.887614689305646     
          10          26  0.968061399866740     
          10          27  0.964964621552953     
          11          28  0.974726440301855     
          11          29  0.974639492796805     
          13          30  0.975803599059926     
          13          31  0.974727968672896     
          15          32  0.892528392168840     
          16          33  0.959600449049492     
          16          34  0.983669818237730     
          16          35  0.964846446289228     
