$coord
-0.01490615363049 -1.36063115055234  -0.25772894004132  c
 0.87768901784706  1.31992415681630  -1.12798151538735  c
-0.03087630999701  3.38962516569629   0.68324572035562  c
-2.88076191691983  3.22266023614437   1.14302743788640  c
-3.75522762097785  0.45624204374621   1.41001868930691  c
-1.53858813698562 -1.22312548490232   2.23032598192519  c
-2.16338951530155 -2.19609624104677  -2.03440776887755  c
-4.38649015055099 -0.65548842940690  -1.14312979698068  c
-0.13845537226978 -0.41962561146360   4.35184073116880  o
 2.07007031767875 -3.36736772723803  -0.08585213683424  c
-6.52257270722198 -0.30608061389289  -2.38362523322380  c
 3.68983489241309  1.51460498645664  -1.62453724133653  c
 5.39420422978133  1.95477993561041   0.14863099414356  c
-0.06001379435783  1.68776156000596  -2.93758656959512  h
 3.81767909230663 -2.98150549605564   1.86440198256242  o
 4.42205157651673  1.26419810417192  -4.35509822934756  c
 0.96496344079798  3.22477976317120   2.47239970395455  h
 0.43489728480298  5.22933849739361  -0.12624820297044  h
-3.35328374639055  4.27903488102416   2.85141606663210  h
-3.90899868983581  4.08403251032617  -0.42506348660633  h
-5.36781073830365  0.34583262961814   2.69813319831414  h
-2.27186407362073 -3.13854866311641   2.62424698172802  h
-1.73207777738483 -1.89710993568475  -4.02449870734907  h
-2.57044924851884 -4.20868947999514  -1.78508622849422  h
-1.28945055407066 -0.13497069272800   5.73098961529397  h
 3.15086889964312 -3.45404783302325  -1.84436953485633  h
 1.14024570887328 -5.21904562670649   0.17861215863837  h
-6.83810604564484 -1.12058690499768  -4.22127003650015  h
-8.04153791753838  0.80637660068492  -1.61141369357224  h
 7.37421697706761  2.08922624086593  -0.30022763395054  h
 4.91745367342125  2.15110042826440   2.11248111173313  h
 2.92963195152933 -2.18850970156802   3.25169449648326  h
 3.69027330717345  2.86510853893420  -5.42876174271135  h
 6.46352974681097  1.21333924638792  -4.56924508944481  h
 3.62749811555486 -0.44932931673106  -5.17402871078556  h
$end