   -0.06985000
   -0.06609249
   -0.05156696
   -0.03627361
   -0.06404485
    0.07011915
   -0.02306834
   -0.04547350
   -0.22066447
    0.05005612
   -0.00862792
    0.01390313
   -0.06602600
    0.02560768
    0.00519002
   -0.03484779
   -0.03803393
   -0.02003021
    0.28871062
   -0.02125091
   -0.05337642
   -0.72767061
    0.05254303
    0.36432115
   -0.45488600
   -0.26660632
    0.02679855
    0.04700728
    0.04503200
    0.05211337
    0.04433186
    0.02944802
    0.03224129
    0.02962002
    0.03327284
    0.16844208
    0.04951805
    0.07841453
    0.04984233
    0.05164016
    0.05441844
    0.05747726
    0.07378564
    0.07027269
    0.05280780
    0.05953476
    0.06139011
    0.08846507
    0.07003748
    0.07202785
