$coord
-0.83381215002782  0.01379342318880  -4.71012760646502  c
 2.04896164628962  0.12779198186129  -4.89008146369566  c
-4.93542711296521  6.03074351919132   1.10882928725612  c
-7.04630806000484  4.95157578115689  -0.03925041809269  c
-6.88189181089328  2.53899481459937  -1.04109704302356  c
-4.62715250310526  1.15273076276110  -0.89129905953661  c
-2.50251234787934  2.16922153028106   0.36243707679962  c
-2.72094761583116  4.62952328911366   1.30479917952477  c
-4.47560975279346 -1.21826725070881  -2.02698842750756  n
-1.91429991284354 -1.90762899706952  -2.78905686831438  c
-0.28024910545638 -2.10336501747230  -0.36123250501503  c
-0.11629594584644  0.59214560070647   0.87341283556356  c
 2.41545788903861 -2.80358021115500  -1.26350605608016  c
 3.35295505531002 -0.23204782566639  -2.30740388584565  c
 2.36448084795006  1.59744207088959  -0.32229148851464  c
 6.14336745871791  0.22430626628701  -2.69466859947215  c
 7.48619979687996  1.89551727405688  -1.36585606626912  c
 6.48388197947606  3.20302162225196   0.96152365902660  c
 4.31534601020652  1.64052912972837   1.89160655820613  n
 2.69292230177424  2.60489678661333   3.99652704345702  c
 0.46227578472385  0.76971209743088   3.79332685774486  c
 5.23045967662130 -0.64806806789488   2.63241096375062  o
 2.21194719590008  3.54998905048677  -0.99935931582879  h
-1.50584130614942 -4.05613568446012   1.33324115367479  c
-2.78326737471688 -3.61757734806981   3.18590537572363  o
-1.06344128708612 -6.41140832692875   0.47166978943515  o
-2.26317375078030 -8.42660272004856   1.87650216890964  c
-1.64935569812481 -0.40758471223161  -6.56852168749618  h
-1.52246198719730  1.89406953118299  -4.18630922487706  h
 2.77394449946361 -1.36846184910900  -6.13104009376784  h
 2.61284993882654  1.93790097722299  -5.73055817839127  h
-5.01227530363542  7.93644820941979   1.86508052198664  h
-8.80621482089942  5.99964110324706  -0.18539756994778  h
-8.49633834251287  1.69622042769626  -1.99553183013867  h
-1.11760852470085  5.49995661489768   2.23967290504400  h
-5.78348941490202 -1.48007959278087  -3.39724147558633  h
-1.97831342798644 -3.79777398636175  -3.63194358300286  h
 3.58517045705994 -3.42652411104998   0.30708482292507  h
 2.34914518672314 -4.25580686568906  -2.73678241190707  h
 7.02222932977778 -0.74857274405864  -4.28230965346541  h
 9.44927921741921  2.26683134412121  -1.84483865151197  h
 5.86370075305118  5.15190762908811   0.59384923859828  h
 7.90046103311959  3.21852169419484   2.46766677514059  h
 3.75745164902967  2.44913793264490   5.75683517210312  h
 2.18656393571235  4.58065892984231   3.64026866920267  h
-1.18630936928070  1.43041792534764   4.83830588666338  h
 1.04153741387493 -1.05133694197740   4.55541023960746  h
-1.76350914112136 -10.16028217438342   0.88262084454154  h
-1.54982668237925 -8.46849291723566   3.81518616480752  h
-4.31241899441374 -8.16200910871380   1.89840066684253  h
$end
