           1           2   1.00597484460940     
           3           4   1.41885698644982     
           4           5   1.46369465947694     
           5           6   1.35053714955699     
           4           7  0.100626784824883     
           6           7   1.31945936795843     
           3           8   1.43634598630481     
           5           8  0.100701380225235     
           7           8   1.42581361352092     
           6           9   1.13895284675647     
           1          10  0.978317786753989     
           9          10  0.995201805381126     
          10          11  0.941701103148324     
           7          12  0.988100846739871     
          11          12  0.960956347770287     
          11          13  0.970429364866142     
           2          14  0.969928980931309     
          13          14  0.967487880323052     
          12          15  0.964175290992346     
          14          15  0.977627541316450     
          14          16   1.00151792858779     
          16          17   1.93103337228423     
          17          18   1.01370812257786     
          15          19  0.899900112260134     
          18          19  0.945218419469676     
          19          20  0.945517911503481     
          12          21  0.965059220779779     
          20          21   1.00420402362862     
          19          22   1.01802621529861     
          15          23  0.962182519140053     
          11          24  0.953320491649652     
          24          25   1.72033655452418     
          24          26   1.15140270479051     
          25          26  0.170418834183636     
          26          27  0.941939648857577     
           1          28  0.974436533894362     
           1          29  0.969939151095262     
           2          30  0.974498071675089     
           2          31  0.975166495971553     
           3          32  0.971397277816903     
           4          33  0.970841783532883     
           5          34  0.967057075447567     
           8          35  0.959742865698179     
           9          36  0.940338511707304     
          10          37  0.964841437696451     
          13          38  0.958228102243971     
          13          39  0.973486176222105     
          16          40  0.964004162817723     
          17          41  0.964649036016316     
          18          42  0.956084967279822     
          18          43  0.964177632405600     
          20          44  0.971979096773080     
          20          45  0.962621067379684     
          21          46  0.973872995460395     
          21          47  0.972329764843682     
          27          48  0.979222491912336     
          27          49  0.976654938187072     
          27          50  0.976672363990053     
