   -0.00838891
   -0.03256733
   -0.06179345
   -0.05849441
   -0.03599375
    0.10660614
   -0.06860760
    0.00854890
   -0.48562536
    0.08124350
   -0.11275347
    0.00876380
   -0.10986994
    0.04272079
   -0.48331107
   -0.11428687
    0.04105909
    0.04168617
    0.03890392
    0.04188073
    0.04134883
    0.04508628
    0.05144681
    0.05273099
    0.31015728
    0.05045161
    0.02306743
    0.03413947
    0.03441043
    0.03211603
    0.03459609
    0.31014787
    0.04925047
    0.04662440
    0.04470513
