           1           2  0.959205519581891     
           2           3  0.984404756649712     
           3           4   1.00874127640111     
           4           5  0.978732563962412     
           1           6  0.959196068036333     
           5           6  0.972973184227900     
           1           7  0.982139339639819     
           5           8  0.994601872905574     
           7           8   1.00654008465588     
           6           9  0.984805449488572     
           1          10  0.980182729614781     
           8          11   1.93525054314598     
           2          12  0.996743270497329     
          12          13   1.93023984950459     
           2          14  0.959462264954710     
          10          15  0.992649040763589     
          12          16   1.02329796476511     
           3          17  0.976294280025489     
           3          18  0.976914569802461     
           4          19  0.969829023102350     
           4          20  0.975455994296773     
           5          21  0.963178651405917     
           6          22  0.957537431370692     
           7          23  0.957451360693386     
           7          24  0.962780858576620     
           9          25  0.883800066579478     
          10          26  0.968044067089435     
          10          27  0.965486561961714     
          11          28  0.975062684033164     
          11          29  0.974875127388511     
          13          30  0.974111052252138     
          13          31  0.966738670348833     
          15          32  0.879676785140698     
          16          33  0.965199626350366     
          16          34  0.971697379940724     
          16          35  0.983776888893758     
