*************************************************
******************* ORCA 6.1.1 ******************
*************************************************
$Calculation_Status
   &GeometryIndex 1
   &version [&Type "String"] "6.1.1"
   &progName [&Type "String"] "LeanSCF"
   &Status [&Type "String"] "NORMAL TERMINATION"
$End
$Geometry
   &GeometryIndex 1
   &NAtoms [&Type "Integer"] 35
   &NCorelessECP [&Type "Integer"] 0
   &NGhostAtoms [&Type "Integer"] 0
   &CartesianCoordinates [&Type "Coordinates", &Dim(35,4), &Units "Bohr"] 
              C      0.239731877923   -1.102613713796    0.775148857635
              C     -1.792198456443    1.001357151610    1.369353670064
              C     -0.657400306823    3.702897995352    0.988320513047
              C      1.130039487190    3.985854731302   -1.305172237517
              C      2.958731362089    1.701083458586   -1.534499281268
              C      1.356222078055   -0.690050707537   -1.922944516770
              C      2.610001647155   -0.637609200298    2.481980712320
              C      4.264742789188    1.198700368517    0.983963130371
              O      2.979517361613   -2.720179880619   -2.686158451469
              C     -0.816475361983   -3.800465503911    1.137474400747
              C      6.461300662181    2.190697112644    1.744099232590
              C     -4.372011128243    0.629336606673    0.084889793807
              C     -4.886279876276    1.181734448294   -2.343755049437
              H     -2.167067992939    0.819761074922    3.412745964252
              O     -2.187719954945   -4.753858421986   -1.006956530709
              C     -6.462489333746   -0.310655219691    1.816803525965
              H     -2.201416521967    5.091604265527    0.864339213454
              H      0.415883235045    4.188138277572    2.705125429341
              H      0.051568859490    4.164040347427   -3.079233523747
              H      2.228759311250    5.742863072586   -1.100262855368
              H      4.300230426043    2.012448130979   -3.094290185627
              H     -0.124916528647   -0.393942363409   -3.355246845388
              H      3.638278356101   -2.422778647287    2.788668620368
              H      2.107361849696    0.094767426513    4.364561321376
              H      1.880473581613   -4.179280406284   -2.997497336848
              H     -1.975017995687   -3.888354082577    2.877185369701
              H      0.757874203971   -5.131589116855    1.404110796621
              H      7.264881668185    1.768776435982    3.599530345646
              H      7.549042151179    3.463418702948    0.534889223044
              H     -6.786428251203    0.923362523246   -3.109460403607
              H     -3.488325793604    1.941858252741   -3.650698171613
              H     -3.457983440327   -3.491814943308   -1.485850161661
              H     -5.964155321124   -2.116578114916    2.727947226672
              H     -6.782256955907    1.055110186990    3.359839103826
              H     -8.255010293118   -0.571408834994    0.798635430006
$End
$SCF_Energy
   &GeometryIndex 1
   &Method [&Type "String"] "SCF"
   &totalEnergy [&Type "ArrayOfDoubles", &Dim (1,1)] "Total energy of each state"
                                                         0

0                                     -6.5777053488049228e+02
   &Mult [&Type "ArrayOfIntegers", &Dim (1,1)] "Multiplicity of each state"
                                                         0

0                                                        1
$End
$DFT_Energy
   &GeometryIndex 1
   &nAlphaEl [&Type "Integer"] 57
   &nBetaEl [&Type "Integer"] 57
   &nTotalEl [&Type "Integer"] 114
   &finalEn [&Type "Double"]      -6.5777053488049228e+02  "No Van der Waals correction"
   &eExchange [&Type "Double"]      -9.1091305923505985e+01
   &eCorr [&Type "Double"]      -4.0415614749448663e+00
   &eXC [&Type "Double"]      -9.5132867398450855e+01
   &eCNL [&Type "Double"]       0.0000000000000000e+00
$End
$Solvation_Details
   &GeometryIndex 1
   &Solvent [&Type "String"] "CHLOROFORM"
   &Epsilon [&Type "Double"]       4.8029999999999999e+00
   &Refrac [&Type "Double"]       1.4459000000000000e+00
   &RSolv [&Type "Double"]       1.3000000000000000e+00
   &SurfaceType [&Type "String"] "GAUSSIAN VDW"
   &CPCMDielEnergy [&Type "Double"]      -1.1449928999999999e-02
   &NPoints [&Type "Integer"] 2579
   &SurfaceArea [&Type "Double"]       9.0846884917199998e+02
$End
$SCF_Timings
   &GeometryIndex 1
   &TOTAL [&Type "Double"]       1.4675280000000001e+01
   &PREP [&Type "Double"]       5.0229599999999996e-01
   &FOCK [&Type "Double"]       1.0967229000000001e+01
   &DENS [&Type "Double"]       2.1291199999999755e-01
   &ETOT [&Type "Double"]       1.0232299999999905e-01
   &TRAFO [&Type "Double"]       3.5582200000000030e-01
   &DIIS [&Type "Double"]       1.5190459999999997e+00
   &SOSCF [&Type "Double"]       7.0528699999999933e-01
   &XC [&Type "Double"]       3.6487409999999958e+00
   &FOCKSTART [&Type "Double"]       8.7230999999998837e-02
   &SOLV [&Type "Double"]       4.5069789999999985e+00
   &SOLV_INIT [&Type "Double"]       2.5846799999999998e-01
   &SOLV_FINAL [&Type "Double"]       9.9999999925159955e-07
   &INT_PREP [&Type "Double"]       2.0000000000575113e-06
   &INT_BF [&Type "Double"]       1.0730819999999843e+00
   &INT_DENS [&Type "Double"]       9.0547299999996889e-01
   &INT_DENSIO [&Type "Double"]       1.9660190379000021e+04
   &INT_FUNC [&Type "Double"]       3.3662599999999809e-01
   &INT_POT [&Type "Double"]       8.4836099999998771e-01
   &INT_POTIO [&Type "Double"]       1.2038000000000881e-02
   &INT_SUM [&Type "Double"]       1.8570000000042164e-03
   &SPLITRIJ [&Type "Double"]       3.2623769999999990e+00
$End
$Single_Point_Data
   &GeometryIndex 1
   &FinalEnergy [&Type "Double"]      -6.5777053488049228e+02  "Final single point energy"
   &Converged [&Type "Boolean"] true
$End
$Calculation_Info
   &GeometryIndex 1
   &Mult [&Type "Integer"] 1
   &Charge [&Type "Integer"] 0
   &NumOfAtoms [&Type "Integer"] 35
   &NumOfElectrons [&Type "Integer"] 114
   &NumOfBasisFuncts [&Type "Integer"] 605
   &NumOfAuxCBasisFuncts [&Type "Integer"] 0
   &NumOfAuxJBasisFuncts [&Type "Integer"] 955
   &NumOfAuxJKBasisFuncts [&Type "Integer"] 0
   &NumOfCABSBasisFuncts [&Type "Integer"] 0
$End
$SCF_Dipole_Moment
   &GeometryIndex 1
   &dipoleMagnitude [&Type "Double", &Units "a.u."]       1.4678096658957780e+00
   &dipoleElecContrib [&Type "ArrayOfDoubles", &Dim (3,1)] "Electronic contribution"
                                                         0

0                                      4.4147658601765114e+00
1                                     -3.8446649606945931e+00
2                                     -3.1058636906181385e+00
   &dipoleNucContrib [&Type "ArrayOfDoubles", &Dim (3,1)] "Nuclear contribution"
                                                         0

0                                     -5.5534489524713342e+00
1                                      4.5272756159614600e+00
2                                      3.7318898274008721e+00
   &dipoleTotal [&Type "ArrayOfDoubles", &Dim (3,1)] "Total"
                                                         0

0                                     -1.1386830922948228e+00
1                                      6.8261065526686693e-01
2                                      6.2602613678273356e-01
   &doAtomicDipole [&Type "Boolean"] false
   &Method [&Type "String"] "SCF"
   &Level [&Type "String"] "Relaxed density"
   &Mult [&Type "Integer"] 1
   &State [&Type "Integer"] -1
   &Irrep [&Type "Integer"] 0
$End
$SCF_Spin_Spin_Coupling
   &GeometryIndex 1
   &numOfNucPairs [&Type "Integer"] 187 "Number of nuclei pairs to calculate"
   &numOfNucPairsDSO [&Type "Integer"] 0 "number of nuclear pairs to calculate DSO"
   &numOfNucPairsPSO [&Type "Integer"] 0 "number of nuclear pairs to calculate PSO"
   &numOfNucPairsFC [&Type "Integer"] 187 "number of nuclear pairs to calculate FC"
   &numOfNucPairsSD [&Type "Integer"] 0 "number of nuclear pairs to calculate SD"
   &numOfNucPairsSD_FC [&Type "Integer"] 0 "number of nuclear pairs to calculate SD/FC"
   &pairsInfo [&Type "ArrayOfIntegers", &Dim (187,4)] "Pairs Info: Col1->Index of A. Col2->Atom. Num. of A.  Col3->Index of B. Col4->Atom. Num. of B."
                                                         0                           1                           2                           3

0                                                       13                           1                          16                           1
1                                                       13                           1                          17                           1
2                                                       13                           1                          18                           1
3                                                       13                           1                          19                           1
4                                                       13                           1                          20                           1
5                                                       13                           1                          21                           1
6                                                       13                           1                          22                           1
7                                                       13                           1                          23                           1
8                                                       13                           1                          24                           1
9                                                       13                           1                          25                           1
10                                                      13                           1                          26                           1
11                                                      13                           1                          27                           1
12                                                      13                           1                          28                           1
13                                                      13                           1                          29                           1
14                                                      13                           1                          30                           1
15                                                      13                           1                          31                           1
16                                                      13                           1                          32                           1
17                                                      13                           1                          33                           1
18                                                      13                           1                          34                           1
19                                                      16                           1                          17                           1
20                                                      16                           1                          18                           1
21                                                      16                           1                          19                           1
22                                                      16                           1                          20                           1
23                                                      16                           1                          21                           1
24                                                      16                           1                          22                           1
25                                                      16                           1                          23                           1
26                                                      16                           1                          24                           1
27                                                      16                           1                          25                           1
28                                                      16                           1                          26                           1
29                                                      16                           1                          27                           1
30                                                      16                           1                          28                           1
31                                                      16                           1                          29                           1
32                                                      16                           1                          30                           1
33                                                      16                           1                          31                           1
34                                                      16                           1                          32                           1
35                                                      16                           1                          33                           1
36                                                      16                           1                          34                           1
37                                                      17                           1                          18                           1
38                                                      17                           1                          19                           1
39                                                      17                           1                          20                           1
40                                                      17                           1                          21                           1
41                                                      17                           1                          22                           1
42                                                      17                           1                          23                           1
43                                                      17                           1                          24                           1
44                                                      17                           1                          25                           1
45                                                      17                           1                          26                           1
46                                                      17                           1                          27                           1
47                                                      17                           1                          28                           1
48                                                      17                           1                          29                           1
49                                                      17                           1                          30                           1
50                                                      17                           1                          31                           1
51                                                      17                           1                          32                           1
52                                                      17                           1                          33                           1
53                                                      17                           1                          34                           1
54                                                      18                           1                          19                           1
55                                                      18                           1                          20                           1
56                                                      18                           1                          21                           1
57                                                      18                           1                          22                           1
58                                                      18                           1                          23                           1
59                                                      18                           1                          24                           1
60                                                      18                           1                          25                           1
61                                                      18                           1                          26                           1
62                                                      18                           1                          27                           1
63                                                      18                           1                          28                           1
64                                                      18                           1                          29                           1
65                                                      18                           1                          30                           1
66                                                      18                           1                          31                           1
67                                                      18                           1                          32                           1
68                                                      18                           1                          33                           1
69                                                      18                           1                          34                           1
70                                                      19                           1                          20                           1
71                                                      19                           1                          21                           1
72                                                      19                           1                          22                           1
73                                                      19                           1                          23                           1
74                                                      19                           1                          24                           1
75                                                      19                           1                          25                           1
76                                                      19                           1                          26                           1
77                                                      19                           1                          27                           1
78                                                      19                           1                          28                           1
79                                                      19                           1                          29                           1
80                                                      19                           1                          30                           1
81                                                      19                           1                          31                           1
82                                                      19                           1                          32                           1
83                                                      19                           1                          33                           1
84                                                      19                           1                          34                           1
85                                                      20                           1                          21                           1
86                                                      20                           1                          22                           1
87                                                      20                           1                          23                           1
88                                                      20                           1                          24                           1
89                                                      20                           1                          25                           1
90                                                      20                           1                          26                           1
91                                                      20                           1                          27                           1
92                                                      20                           1                          28                           1
93                                                      20                           1                          29                           1
94                                                      20                           1                          30                           1
95                                                      20                           1                          31                           1
96                                                      20                           1                          32                           1
97                                                      20                           1                          33                           1
98                                                      20                           1                          34                           1
99                                                      21                           1                          22                           1
100                                                     21                           1                          23                           1
101                                                     21                           1                          24                           1
102                                                     21                           1                          25                           1
103                                                     21                           1                          26                           1
104                                                     21                           1                          27                           1
105                                                     21                           1                          28                           1
106                                                     21                           1                          29                           1
107                                                     21                           1                          30                           1
108                                                     21                           1                          31                           1
109                                                     21                           1                          32                           1
110                                                     21                           1                          33                           1
111                                                     21                           1                          34                           1
112                                                     22                           1                          23                           1
113                                                     22                           1                          24                           1
114                                                     22                           1                          25                           1
115                                                     22                           1                          26                           1
116                                                     22                           1                          27                           1
117                                                     22                           1                          28                           1
118                                                     22                           1                          29                           1
119                                                     22                           1                          30                           1
120                                                     22                           1                          31                           1
121                                                     22                           1                          32                           1
122                                                     22                           1                          33                           1
123                                                     22                           1                          34                           1
124                                                     23                           1                          24                           1
125                                                     23                           1                          25                           1
126                                                     23                           1                          26                           1
127                                                     23                           1                          27                           1
128                                                     23                           1                          28                           1
129                                                     23                           1                          29                           1
130                                                     23                           1                          30                           1
131                                                     23                           1                          31                           1
132                                                     23                           1                          32                           1
133                                                     23                           1                          33                           1
134                                                     23                           1                          34                           1
135                                                     24                           1                          25                           1
136                                                     24                           1                          26                           1
137                                                     24                           1                          27                           1
138                                                     24                           1                          28                           1
139                                                     24                           1                          29                           1
140                                                     24                           1                          30                           1
141                                                     24                           1                          31                           1
142                                                     24                           1                          32                           1
143                                                     24                           1                          33                           1
144                                                     24                           1                          34                           1
145                                                     25                           1                          26                           1
146                                                     25                           1                          27                           1
147                                                     25                           1                          28                           1
148                                                     25                           1                          29                           1
149                                                     25                           1                          30                           1
150                                                     25                           1                          31                           1
151                                                     25                           1                          32                           1
152                                                     25                           1                          33                           1
153                                                     25                           1                          34                           1
154                                                     26                           1                          27                           1
155                                                     26                           1                          28                           1
156                                                     26                           1                          29                           1
157                                                     26                           1                          30                           1
158                                                     26                           1                          31                           1
159                                                     26                           1                          32                           1
160                                                     26                           1                          33                           1
161                                                     26                           1                          34                           1
162                                                     27                           1                          28                           1
163                                                     27                           1                          30                           1
164                                                     27                           1                          31                           1
165                                                     27                           1                          32                           1
166                                                     27                           1                          33                           1
167                                                     28                           1                          29                           1
168                                                     28                           1                          30                           1
169                                                     28                           1                          31                           1
170                                                     28                           1                          32                           1
171                                                     28                           1                          33                           1
172                                                     29                           1                          30                           1
173                                                     29                           1                          31                           1
174                                                     29                           1                          32                           1
175                                                     29                           1                          33                           1
176                                                     29                           1                          34                           1
177                                                     30                           1                          31                           1
178                                                     30                           1                          32                           1
179                                                     30                           1                          33                           1
180                                                     30                           1                          34                           1
181                                                     31                           1                          32                           1
182                                                     31                           1                          33                           1
183                                                     31                           1                          34                           1
184                                                     32                           1                          33                           1
185                                                     32                           1                          34                           1
186                                                     33                           1                          34                           1
   &pairsDistances [&Type "ArrayOfDoubles", &Dim (187,1)] "The distances of each pair"
                                                         0

0                                      2.6323149392364456e+00
1                                      2.2772044657519745e+00
2                                      4.0388512612166787e+00
3                                      4.2310184767598642e+00
4                                      4.8956748906585457e+00
5                                      3.7956869080248459e+00
6                                      3.5342375675918558e+00
7                                      2.3488744357173101e+00
8                                      4.8054485175937875e+00
9                                      2.5095531951453691e+00
10                                     3.6665707453150316e+00
11                                     5.0173476758671374e+00
12                                     5.5418215821125578e+00
13                                     4.2297249906513832e+00
14                                     3.8487254195025922e+00
15                                     3.5202176677728274e+00
16                                     2.5657679227587278e+00
17                                     2.4455864712860991e+00
18                                     3.5824933162910781e+00
19                                     1.7594646972173158e+00
20                                     2.4530137138398880e+00
21                                     2.5875768381989865e+00
22                                     4.3451656121241102e+00
23                                     3.8235746899327161e+00
24                                     5.1379545482302902e+00
25                                     3.9524083886694825e+00
26                                     5.7367522709281058e+00
27                                     4.8713760758284224e+00
28                                     5.6392128138624846e+00
29                                     5.5027625432940592e+00
30                                     5.2340673938184779e+00
31                                     3.8953932742540536e+00
32                                     2.9917284209036286e+00
33                                     4.7560472692092448e+00
34                                     4.4144015788646831e+00
35                                     3.4903600914344599e+00
36                                     4.3867492152874528e+00
37                                     3.0670425398094605e+00
38                                     2.3774530281283344e+00
39                                     3.8689695050783683e+00
40                                     4.0306507597386947e+00
41                                     3.8920626579743649e+00
42                                     2.5028746280332452e+00
43                                     5.4141481958133628e+00
44                                     4.4581646308974268e+00
45                                     4.9828972448798297e+00
46                                     3.8728415751723113e+00
47                                     3.9641377716422723e+00
48                                     5.1940693306189969e+00
49                                     4.1223249521418577e+00
50                                     5.0633383389236641e+00
51                                     4.7465414401473636e+00
52                                     4.1686851849122659e+00
53                                     5.3305874200445302e+00
54                                     1.7669419832658733e+00
55                                     2.5201672660018009e+00
56                                     2.4182030184382013e+00
57                                     5.0392271919497418e+00
58                                     4.6191850510706782e+00
59                                     4.5201329169699136e+00
60                                     5.4076379512583506e+00
61                                     5.4740554818462179e+00
62                                     5.3542446401995418e+00
63                                     4.4199717475138618e+00
64                                     4.0043406467074893e+00
65                                     2.2323200670544319e+00
66                                     4.5357602026209616e+00
67                                     5.5338490915569025e+00
68                                     5.2339953931539540e+00
69                                     5.4600627389368821e+00
70                                     2.4923703401679762e+00
71                                     3.6771200177049419e+00
72                                     4.8438719759211439e+00
73                                     4.1593471656529406e+00
74                                     5.3488726709725407e+00
75                                     5.9459407472567323e+00
76                                     5.9562203719038198e+00
77                                     4.2083380723659429e+00
78                                     3.1827709934867552e+00
79                                     5.5130530614656363e+00
80                                     3.8755654079475024e+00
81                                     5.7426577561289864e+00
82                                     6.3401935358309380e+00
83                                     5.8704323336332198e+00
84                                     6.5537965850947035e+00
85                                     2.6691070563783255e+00
86                                     3.9144315621040655e+00
87                                     4.2374057074071656e+00
88                                     3.5182164452510554e+00
89                                     5.5464418523714691e+00
90                                     4.8448237542596111e+00
91                                     3.8762281506668366e+00
92                                     2.6895030837906027e+00
93                                     5.8950516341156156e+00
94                                     4.1321991142231473e+00
95                                     5.1052266253399496e+00
96                                     6.6158775190831962e+00
97                                     6.8055112030998268e+00
98                                     7.0891035881408744e+00
99                                     3.9609014665297768e+00
100                                    4.2603643328530598e+00
101                                    2.2747455433433275e+00
102                                    3.9057795083841058e+00
103                                    3.5842177218304880e+00
104                                    5.4905902150427925e+00
105                                    4.9894994785208144e+00
106                                    3.5957364122749826e+00
107                                    2.1725787668400489e+00
108                                    2.6032503411409316e+00
109                                    4.5542895976744280e+00
110                                    5.0622186533405271e+00
111                                    4.8321922441868477e+00
112                                    1.7682107326277203e+00
113                                    3.3323416362359488e+00
114                                    3.0703608823648851e+00
115                                    2.2169545905333954e+00
116                                    2.9642843842153446e+00
117                                    3.9252293019093321e+00
118                                    6.5809541111353740e+00
119                                    5.5828568320461889e+00
120                                    4.4201751521103230e+00
121                                    5.0840733921542283e+00
122                                    5.8211778589799676e+00
123                                    6.4559211071772582e+00
124                                    4.5063679294538002e+00
125                                    3.1191560124896474e+00
126                                    3.2577804055585378e+00
127                                    2.8978233496193946e+00
128                                    3.9467568886990692e+00
129                                    6.1632011793212040e+00
130                                    5.2643917210858211e+00
131                                    4.6754822038842807e+00
132                                    4.5125489627391593e+00
133                                    4.7613319569923789e+00
134                                    5.8098349721348770e+00
135                                    3.7216378949084743e+00
136                                    2.4560479275522509e+00
137                                    5.4966206171387348e+00
138                                    5.3711167078583726e+00
139                                    5.3224991898105785e+00
140                                    4.3224098962360662e+00
141                                    2.9585127994622051e+00
142                                    5.2538971792722418e+00
143                                    6.3248846710234092e+00
144                                    6.0371534882606834e+00
145                                    1.7697225379841026e+00
146                                    5.7459155336707708e+00
147                                    6.4863104049837812e+00
148                                    4.7960569368781520e+00
149                                    4.7002954240973516e+00
150                                    2.4475523577815350e+00
151                                    2.3111585849355825e+00
152                                    3.6578487938186921e+00
153                                    3.9159399055529098e+00
154                                    5.1516986533283937e+00
155                                    5.8149248022635165e+00
156                                    5.6488586036091233e+00
157                                    5.1200449333619762e+00
158                                    2.8405623980061603e+00
159                                    3.9610077072823282e+00
160                                    5.2640153657745383e+00
161                                    5.3547381719920741e+00
162                                    1.8592567830088649e+00
163                                    6.8635577590413730e+00
164                                    6.8694203848037221e+00
165                                    7.3107522794151558e+00
166                                    7.4440935198890061e+00
167                                    7.9418706905347438e+00
168                                    6.2982710277743932e+00
169                                    6.9725653884253100e+00
170                                    7.8231002357798740e+00
171                                    7.8340825483445773e+00
172                                    1.8489236361094188e+00
173                                    3.0494773699697952e+00
174                                    3.5098732868167541e+00
175                                    3.4241163950567701e+00
176                                    2.3466063432236548e+00
177                                    3.0952249367785090e+00
178                                    4.2097952619115819e+00
179                                    4.1256800566757788e+00
180                                    3.6979743140798025e+00
181                                    2.6945598619143092e+00
182                                    3.9318267910533899e+00
183                                    3.2083640528348458e+00
184                                    1.7652787199170474e+00
185                                    1.7833985285844081e+00
186                                    1.7846952090178803e+00
   &pairsTotalSSCIso [&Type "ArrayOfDoubles", &Dim (187,1)] "The Spin-Spin coupling constant for each pair"
                                                         0

0                                      6.5525391698061342e-01
1                                      8.0241938178049743e+00
2                                     -5.8734342790634186e-01
3                                      8.9153831934188343e-01
4                                      2.3149949287604446e-01
5                                     -3.7263906547843517e-01
6                                     -2.3631944919240683e-01
7                                     -4.3109373266615025e-01
8                                     -5.7988983971302380e-02
9                                     -3.2889968064011704e-01
10                                    -2.0679843289606725e-01
11                                     1.6175076244266569e-02
12                                     4.0233535492019648e-02
13                                     1.4823385114893055e+00
14                                    -2.9163777105386740e-01
15                                     9.1629208852473082e-02
16                                    -4.6039589237661405e-01
17                                    -3.8569566769945651e-01
18                                     1.0144569671217765e+00
19                                    -1.4959463278344083e+01
20                                     6.0171983616681155e+00
21                                     1.1344118268193786e+00
22                                     4.6076413818095868e-01
23                                     1.4379286986100875e-01
24                                    -2.4313197630252671e-02
25                                    -4.9636575757530013e-02
26                                     8.1128732988682062e-02
27                                     1.6260257383969118e-01
28                                     5.6001163882094362e-01
29                                    -3.0238542200624052e-03
30                                     2.5860269022837931e-02
31                                     1.8255873178128171e-01
32                                     5.0454949684125595e-02
33                                     7.8599301958012652e-02
34                                    -1.7315623504794573e-02
35                                     7.3266300364175099e-02
36                                     9.3029029507356767e-02
37                                     1.3760185956758628e+01
38                                     6.6366964136207862e+00
39                                    -5.3275806384149016e-01
40                                    -2.9108134313005143e-03
41                                     4.3079194800799492e-01
42                                    -9.9225426176121179e-02
43                                     6.5253357124432226e-03
44                                     2.4483688454118569e-02
45                                    -7.9177225637508702e-02
46                                    -3.4548735760326257e-02
47                                    -1.3147100530211156e-02
48                                    -1.8668608439173062e-01
49                                    -2.4010741463038091e-01
50                                     2.6532223978676481e-02
51                                    -1.5078930468734886e-01
52                                    -1.6104827231527588e-01
53                                     5.6115218867575124e-02
54                                    -1.3672350176951319e+01
55                                     2.3882302693010962e+00
56                                    -2.2642121486231759e-01
57                                    -4.3857234828794533e-01
58                                    -5.6584414866532221e-02
59                                    -6.0918718704561919e-02
60                                    -7.6991943895538123e-03
61                                     4.5146073800790668e-04
62                                     9.7715957713956275e-02
63                                    -7.2610250142023491e-02
64                                     6.5479722314301519e-02
65                                    -4.3143890876062285e-01
66                                     8.1085709574174727e-05
67                                    -3.4455181475487581e-02
68                                    -1.9552187243746383e-02
69                                    -6.6126592115367091e-03
70                                     4.7025314776054206e+00
71                                     7.7119253066297938e-02
72                                     1.5293767345147416e-01
73                                     7.3891460354763128e-02
74                                     6.4236808794814515e-01
75                                    -3.5964043917562249e-02
76                                    -4.2627005989152172e-03
77                                     1.2480479807544798e-01
78                                     8.2521079883549703e-02
79                                     4.8391664399809867e-02
80                                    -5.2382440617132299e-02
81                                    -4.0004984395268663e-04
82                                     9.6263315260747447e-03
83                                    -6.4846751794541760e-02
84                                     6.1724599597482013e-02
85                                     7.6496559706704148e-01
86                                     2.9519774251309505e-01
87                                    -1.3746076491835961e+00
88                                    -1.5652133743317354e-02
89                                     8.1147728144834119e-01
90                                    -7.8063981739361812e-02
91                                    -1.1496196238673058e+00
92                                    -1.0724721698908930e+00
93                                     1.5269378337744392e-02
94                                     9.5056614169406299e-03
95                                     3.1080572371872436e-02
96                                     8.1407299175734107e-04
97                                    -8.1114654026775077e-03
98                                    -1.0821062039642873e-02
99                                    -6.2351301376310464e-01
100                                    1.1972231231779340e+00
101                                    2.1897682169937447e+00
102                                   -4.1147216114774932e-01
103                                   -6.4831076855942082e-02
104                                    7.9132024996054096e-01
105                                    2.2323080341146620e-01
106                                    1.3479524407667635e-02
107                                   -5.4957450451986711e-01
108                                   -4.7052781755224406e-02
109                                    2.2560084693333919e-02
110                                    3.8263751321628278e-02
111                                   -6.7042416328348571e-03
112                                   -1.8444607444982726e+01
113                                    3.4511947708246761e-02
114                                   -2.1784464882686397e-01
115                                   -5.3151741532737473e-01
116                                   -2.6560976241532868e+00
117                                   -3.1228091359872363e+00
118                                   -4.0061962049134661e-02
119                                   -3.6560000444503429e-02
120                                   -3.8853356643502965e-02
121                                   -5.6008203705946127e-02
122                                   -2.5641156710346908e-02
123                                    8.7192325856846997e-02
124                                    5.2954842345924527e-02
125                                    2.0888081727011107e-02
126                                   -2.3895226577017170e-01
127                                   -2.0554355821471622e+00
128                                   -2.4014947882783160e+00
129                                   -2.0418600966523072e-04
130                                   -1.9212657488520607e-02
131                                    7.4292394963237128e-03
132                                   -1.3952021145370072e-02
133                                   -6.7666474951450653e-03
134                                    1.4368917140751204e-02
135                                    8.4742556952113246e-02
136                                   -2.6503658007906581e-02
137                                    1.7512187417565474e-02
138                                    1.6085434440647379e-02
139                                   -2.7995074355657867e-03
140                                    5.8560391538446267e-03
141                                    9.9458059820688414e-03
142                                    3.6820954325445247e-03
143                                   -4.7976555672344630e-03
144                                   -1.0267315214674817e-03
145                                   -1.2609914259813625e+01
146                                   -1.6866034217250015e-02
147                                   -4.5439171805087275e-02
148                                   -1.8176890657178243e-02
149                                   -8.0089493782099890e-03
150                                    2.5836841413606448e-01
151                                   -3.9714725772413162e-01
152                                   -4.4347496144705109e-02
153                                    7.2250242234213183e-02
154                                   -1.9472030685960658e-02
155                                    8.5004081797892157e-03
156                                   -4.4290150126236591e-02
157                                   -4.0264043475801231e-02
158                                    1.4853370382421087e+01
159                                   -7.5035819632136860e-02
160                                   -3.8670053007134650e-02
161                                    8.7820285542566517e-02
162                                    2.8469366740758800e-01
163                                    7.0330851557307396e-03
164                                   -7.1943736681132422e-03
165                                    2.1106365449431279e-03
166                                   -1.2028940483360530e-03
167                                    1.0358911555482251e-02
168                                    2.7084025566659628e-03
169                                   -2.0676473129883039e-02
170                                   -8.1093787038478580e-04
171                                   -1.5765042560314559e-03
172                                    3.2717680314119590e-01
173                                    8.0200744881399194e-02
174                                   -2.0115246872838979e+00
175                                   -2.5511062549235524e+00
176                                   -4.7896983826617445e-01
177                                    1.0223833020496677e-01
178                                   -1.5782896990288144e+00
179                                   -2.0480171484971477e+00
180                                    3.6157945445433343e-01
181                                    1.0303964739574803e-01
182                                    1.2367469509005000e-01
183                                   -1.0853840667085974e-03
184                                   -1.8721206369791680e+01
185                                   -1.2671965399135070e+01
186                                   -1.2902699920023228e+01
   &Method [&Type "String"] "SCF"
   &Level [&Type "String"] "Relaxed density"
   &Mult [&Type "Integer"] 1
   &State [&Type "Integer"] -1
   &Irrep [&Type "Integer"] 0
$End
$Calculation_Timings
   &GeometryIndex 1
   &GTOINT [&Type "Double"]       1.6080219999999998e+00
   &SCF [&Type "Double"]       1.6667418999999999e+01
   &PROPINT [&Type "Double"]       1.1612369999999999e+00
   &RESPONSE [&Type "Double"]       8.7139739999999968e+00
   &PROP [&Type "Double"]       7.1030899999999875e-01
   &SUM [&Type "Double"]       2.8860960999999993e+01
$End
