   -0.00963191
   -0.02955623
   -0.06406155
   -0.05522592
   -0.03736310
    0.11571053
   -0.07678029
    0.01033018
   -0.49398014
    0.08137894
   -0.11235500
    0.01973363
   -0.11899444
    0.04699074
   -0.49067601
   -0.11805739
    0.04111472
    0.04112349
    0.03829781
    0.03799617
    0.03815968
    0.02933083
    0.05651825
    0.04881533
    0.32408298
    0.04562914
    0.01947269
    0.03764368
    0.03835980
    0.03145516
    0.03449101
    0.31842828
    0.06869527
    0.04247049
    0.04045316
