           1           2  0.958870918724291     
           2           3  0.987419601200508     
           3           4   1.00878120575026     
           4           5  0.980571298946607     
           1           6  0.960424315474584     
           5           6  0.965929195211409     
           1           7  0.980698641357360     
           5           8  0.994946722947408     
           7           8   1.00428465746135     
           6           9  0.989969274217213     
           1          10  0.981190364941611     
           8          11   1.93747508085385     
           2          12  0.996681701162857     
          12          13   1.91281649190003     
           2          14  0.957495863361510     
          10          15  0.995623423211304     
          12          16   1.02676419999167     
           3          17  0.975161849484737     
           3          18  0.976317206317130     
           4          19  0.966257274830986     
           4          20  0.975426360609642     
           5          21  0.965143985446851     
           6          22  0.961386542741523     
           7          23  0.963875909775721     
           7          24  0.958271718512320     
           9          25  0.848835467995974     
          10          26  0.969901720192588     
          10          27  0.964875684062842     
          11          28  0.974575228675600     
          11          29  0.974535825952284     
          13          30  0.974097931976509     
          13          31  0.962025271899151     
          15          32  0.861968179912608     
          16          33  0.959473516372542     
          16          34  0.972669733603670     
          16          35  0.983636238270268     
