   -0.00758031
   -0.03273342
   -0.06222792
   -0.05949965
   -0.02796632
    0.11155005
   -0.06700695
    0.01736249
   -0.48189782
    0.08160204
   -0.11300727
    0.00837717
   -0.11062074
    0.04333535
   -0.48366645
   -0.11514529
    0.04162944
    0.04311297
    0.03789964
    0.04316688
    0.04623927
    0.02085075
    0.05726764
    0.05038004
    0.30401027
    0.04772023
    0.01878039
    0.03408110
    0.03353856
    0.03178027
    0.03437592
    0.31208104
    0.04647480
    0.04505050
    0.05068534
