$coord
 0.14698335632818 -1.20294517647033   0.22675222232317  c
-1.83763998285195  0.79470587432531   1.23935297263127  c
-0.62130031746562  3.47894440550247   1.42711214710742  c
 1.11575984029086  4.20528123055130  -0.80522921195997  c
 2.85174832333945  1.97336679849604  -1.57397520022479  c
 1.19226851523423 -0.27731503323728  -2.38020860689488  c
 2.58131559956365 -1.12105884676884   1.90178995489090  c
 4.23222775023680  0.94154423741330   0.73539625094220  c
 2.82052085608504 -2.09106477151109  -3.58091061325700  o
-0.96013600925824 -3.89132587196233   0.09514127567479  c
 6.48374313180925  1.71852574259739   1.58051384883974  c
-4.40229707962121  0.76688774409908  -0.12418543164088  c
-4.90282582600654  1.98292281700890  -2.29647771543786  c
-2.24370913168624  0.23941141035247   3.21075447823434  h
-1.45657343770335 -5.00753882383693   2.51974710133586  o
-6.50807086621886 -0.64698545094905   1.22382843967839  c
-2.12284295651068  4.89890842008349   1.66085958792185  h
 0.51101678578231  3.54494607753753   3.17282458304111  h
 0.00699338922002  4.80512308033342  -2.46359096176622  h
 2.28774807452496  5.83755089051724  -0.25801784650977  h
 4.14542377779297  2.56226256249347  -3.09338549363054  h
-0.32991612869750  0.28387667944794  -3.68448660436126  h
 3.56391112404223 -2.95486565508307   1.81282967269929  h
 2.16254784231510 -0.76481185010686   3.90814926977999  h
 1.76652552434314 -3.36139625531841  -4.41176725651981  h
 0.44213133530721 -5.15173551173518  -0.77919783244563  h
-2.66548169087888 -3.92006626911209  -1.11556393829098  h
 7.34857329421571  0.91854288815502   3.27729535216850  h
 7.55844213694787  3.18678022200045   0.60310681609378  h
-6.79040840368854  1.92627480521948  -3.13148134746906  h
-3.50775453299282  3.09791541050949  -3.32006429074487  h
-2.66516682739935 -3.94710724556365   3.42894619399461  h
-6.81792868452717  0.14506157459345   3.12833558382887  h
-8.30059708371825 -0.53306622624675   0.17934598644681  h
-6.06670982877228 -2.66693271410036   1.48402546863162  h
$end
