           1           2  0.958095066725265     
           2           3  0.984426030386194     
           3           4   1.00848806466083     
           4           5  0.979711355181171     
           1           6  0.959460157342164     
           5           6  0.978250814314113     
           1           7  0.982564384819450     
           5           8  0.994324119878701     
           7           8   1.00764192948222     
           6           9  0.978480051160828     
           1          10  0.979923669412220     
           8          11   1.93665271544053     
           2          12  0.996977026165665     
          12          13   1.92949482687540     
           2          14  0.958306766181185     
          10          15  0.994081059357911     
          12          16   1.02337038345001     
           3          17  0.976280983850372     
           3          18  0.976817204236507     
           4          19  0.969807528820932     
           4          20  0.975401756628976     
           5          21  0.962571895331406     
           6          22  0.958015433004430     
           7          23  0.957376404865783     
           7          24  0.964876175384666     
           9          25  0.890251539163466     
          10          26  0.967281667077589     
          10          27  0.965506662010417     
          11          28  0.975178829649842     
          11          29  0.975037877226539     
          13          30  0.974085910557013     
          13          31  0.966434878232037     
          15          32  0.875885858078222     
          16          33  0.971934993493324     
          16          34  0.983518613941566     
          16          35  0.964126902288034     
