   -0.00002035
   -0.02619995
   -0.05871142
   -0.05678319
   -0.03607131
    0.11878021
   -0.07312800
    0.01001556
   -0.47110625
    0.07935020
   -0.11232490
    0.01545528
   -0.11290375
    0.04623910
   -0.47707731
   -0.11567890
    0.03892432
    0.03549951
    0.05146689
    0.03425359
    0.03191069
    0.00443553
    0.05287285
    0.04507077
    0.31052349
    0.01859709
    0.05427415
    0.03662928
    0.03787979
    0.02483380
    0.03362585
    0.30942241
    0.04653186
    0.06706367
    0.03634946
