$coord
 0.05386555001824 -1.50011723720079  -0.04454306364952  c
 1.27289166432812  0.80388082137534  -1.51687370611409  c
-0.70970758362429  2.95687833592312  -1.88053720239381  c
-2.37857332023037  3.46572244967127   0.46137434311950  c
-3.41307873757416  0.96459661181501   1.58815535768904  c
-1.19615297540443 -0.72476445839916   2.49272587722711  c
-2.37644096896687 -2.35667688056320  -1.50955559347928  c
-4.51701465937069 -0.69646927263524  -0.48549533956776  c
 0.54343841861496  0.38241513817015   4.22338824366682  o
 1.91161672058341 -3.71101156600444   0.31981097927627  c
-6.92364595690948 -0.72509012833824  -1.25596770572418  c
 3.85947030434159  1.76060352640085  -0.58505377028454  c
 5.98301587966078  0.68840647603454  -1.48138989031118  c
 1.65434611052940  0.02994197954573  -3.41141987078999  h
 2.86277588774356 -4.74960401334019  -1.99756947381872  o
 4.05086408656552  4.00603086436770   1.19031766010809  c
 0.24189130118202  4.70734062446682  -2.48094761554509  h
-1.95413632747172  2.43464061224383  -3.46592737677034  h
-1.31524580391315  4.48130257755709   1.93278044720844  h
-3.97691562191315  4.68656443715606  -0.08139762356486  h
-4.78696561336147  1.36759463737698   3.10116293143938  h
-2.01008070973110 -2.45694322917540   3.35231715686365  h
-2.17158803396005 -2.19527072120354  -3.57437535021124  h
-2.78977946639123 -4.36202795276518  -1.09921039237914  h
-0.37307992210129  0.76374045935299   5.78508365932666  h
 0.96638702299837 -5.19350153123284   1.45878514341480  h
 3.58174673249704 -3.07923121321596   1.37720764850707  h
-7.56592351828974 -1.96482313315498  -2.77854015115346  h
-8.34769504776671  0.49841459773678  -0.39581131772377  h
 7.85219389510096  1.35392869813637  -0.90627110787157  h
 5.93286840398051 -0.89854201298406  -2.79808811932207  h
 1.44009418124512 -5.48400281836394  -2.92240949173133  h
 3.15972327958529  5.70479525554554   0.37632380402390  h
 3.10304098989280  3.61864469046229   2.99295018171429  h
 6.04204247164637  4.46957711751829   1.56960933047317  h
$end
