           1           2  0.958011486671216     
           2           3  0.990989776092472     
           3           4   1.00961713746039     
           4           5  0.979375836937126     
           1           6  0.967200100280392     
           5           6  0.966914447845736     
           1           7  0.979227963024652     
           5           8  0.995470782978783     
           7           8   1.00357455800308     
           6           9  0.985292957891663     
           1          10  0.980522773763516     
           8          11   1.93711162982321     
           2          12  0.995296551948791     
          12          13   1.92599772221269     
           2          14  0.958541410956994     
          10          15  0.993488674552141     
          12          16   1.02829483429031     
           3          17  0.972863175141358     
           3          18  0.975524572336532     
           4          19  0.970098055498643     
           4          20  0.976639754398527     
           5          21  0.965198497631685     
           6          22  0.958813080045698     
           7          23  0.964302373976395     
           7          24  0.958905081115548     
           9          25  0.886910298834104     
          10          26  0.966706127325941     
          10          27  0.967300395302711     
          11          28  0.974634509910677     
          11          29  0.974502191559434     
          13          30  0.975703753933302     
          13          31  0.974406851809030     
          15          32  0.886721612931081     
          16          33  0.967902766571088     
          16          34  0.958901976047558     
          16          35  0.983781165934783     
