$coord
 0.13372263746244 -1.19269811305051   0.23989017601766  c
-1.86436112786729  0.79856558512486   1.23666129827457  c
-0.65454606069754  3.48369907597153   1.44295631917829  c
 1.08927626480622  4.22188534034420  -0.77908206288278  c
 2.83439995977314  1.99874274952748  -1.55540843716455  c
 1.19160509970485 -0.27574569999453  -2.36253578781804  c
 2.54856676130004 -1.07852883459020   1.94550420878127  c
 4.22505502157556  0.95048120059975   0.74410499412295  c
 2.62218254045793 -2.16387877214044  -3.68781508307910  o
-0.95348704106370 -3.88887749167167   0.09898009995987  c
 6.52313274161809  1.65169225572762   1.53047946860960  c
-4.41292332685497  0.76833633561473  -0.15326519251907  c
-4.89174118006793  1.97533108633614  -2.33538900342150  c
-2.28849921823728  0.23548837147214   3.20226651058938  h
-1.42706434570145 -5.01517609289828   2.52486832390210  o
-6.53157762772819 -0.63724619023566   1.18219432084723  c
-2.15998623448920  4.89992926337043   1.67486653777155  h
 0.46838754488830  3.54722102674180   3.19515512886941  h
-0.01563793999988  4.81970871425683  -2.44035459386915  h
 2.25404855128354  5.85719160866941  -0.22525877040250  h
 4.12541188564962  2.60558460395159  -3.07109778189283  h
-0.31935088721482  0.25050411154211  -3.68319035718857  h
 3.52298044978837 -2.92120146237499   1.95144297683612  h
 2.10248886887427 -0.65680565954484   3.93300522395847  h
 4.20684720255209 -2.46325261904539  -2.77659021292104  h
 0.44365025970849 -5.12690804513265  -0.80871725665903  h
-2.66612877908244 -3.91761170466519  -1.09948726131438  h
 7.40124011905870  0.82776840902847   3.20879530761243  h
 7.61552283365684  3.09056745269695   0.52969278752856  h
-6.77102419743156  1.91310437547312  -3.18819723752496  h
-3.48859764888786  3.08684027426757  -3.35118907319868  h
-2.67899366614240 -3.99500003109433   3.42152137789757  h
-6.07521933305042 -2.64638812343733   1.49447723607927  h
-6.88427654903499  0.19181559088938   3.06358596945378  h
-8.30479478488279 -0.56228766298306   0.10211595655093  h
$end
