$coord
 0.05203470603947 -1.41575154068227  -0.01436168328258  c
 1.17243614122095  0.88465216256627  -1.44874096624332  c
-0.79753789390448  3.02782546601233  -1.66256652093177  c
-2.45933392020463  3.40328078777202   0.66716421017640  c
-3.43800090898952  0.86252378862292   1.64919607893741  c
-1.17068784503331 -0.70012991570614   2.53922834053779  c
-2.30599704937214 -2.34884737388118  -1.44979974558737  c
-4.43479267489371 -0.71583712745375  -0.49561648255400  c
 0.29936562800848  0.60668464878433   4.30946039817675  o
 2.00590506241953 -3.53350636383708   0.30869484192861  c
-6.75968531179000 -0.66176542779803  -1.39822999381093  c
 3.72862843129964  1.81578150575197  -0.53376260183688  c
 4.07063978657107  3.36786861936766   1.39741610445342  c
 1.49163892016552  0.22298947691001  -3.39206430153581  h
 2.66845254751643 -4.74235777486075  -1.96143947730825  o
 5.94753904710890  1.00404215693131  -2.12010472310312  c
 0.18534265426098  4.78807788773063  -2.10005642342943  h
-2.03932768841963  2.59826620605820  -3.25511668467180  h
-1.41807219995338  4.31697323965941   2.18808257489771  h
-4.05325837895460  4.61072405916879   0.16021391755071  h
-4.82024754688592  1.16693657426810   3.14751882037997  h
-1.87228667830493 -2.46655397980463   3.40627108566863  h
-2.09414817410017 -2.23721362773931  -3.49578032934908  h
-2.66667219344788 -4.32827146940069  -0.98222427595079  h
 1.79963525998076 -0.35730951879164   4.66143655974307  h
 1.21423597359089 -5.02951616667359   1.49779501350120  h
 3.69921472056880 -2.78393745572445   1.26058768111991  h
-7.32799412712850 -1.82563725425141  -2.96831161060627  h
-8.18854435098155  0.54609456373625  -0.59955707559344  h
 5.93508842798330  4.01513484492248   1.90377045626072  h
 2.55206266326193  4.02541310160159   2.56831560013559  h
 3.23270492172950 -3.47992884230303  -3.14764830271333  h
 6.25542537670673 -1.02992286120929  -2.02038502271544  h
 5.63656640338593  1.50040982546230  -4.09581413938027  h
 7.66745561673528  1.93126038422187  -1.48508887071118  h
$end