   -0.06911896
   -0.06561956
   -0.05181639
   -0.03624892
   -0.06424224
    0.07057378
   -0.02271147
   -0.04543457
   -0.21723925
    0.05184192
   -0.00920256
    0.01239795
   -0.06534130
    0.02492756
    0.00225335
   -0.03484685
   -0.03896604
   -0.02287104
    0.29847937
   -0.02356583
   -0.05632715
   -0.71788396
    0.05194911
    0.36447193
   -0.45630958
   -0.25972530
    0.02831122
    0.04596503
    0.04541733
    0.05070000
    0.04379340
    0.02917400
    0.03207022
    0.02973531
    0.03323273
    0.16744625
    0.04546177
    0.08136266
    0.04649794
    0.05059034
    0.05363839
    0.05709014
    0.07289768
    0.06932060
    0.05259923
    0.06001040
    0.06098057
    0.08603865
    0.06990649
    0.06833569
