           1           2   1.00623239219592     
           3           4   1.41967687676975     
           4           5   1.46293248376773     
           5           6   1.35081413672181     
           4           7  0.100574756461758     
           6           7   1.31754801981242     
           3           8   1.43522355132939     
           5           8  0.100521583894265     
           7           8   1.42721990806944     
           6           9   1.14037380506571     
           1          10  0.977241405670549     
           9          10  0.996268575228419     
          10          11  0.939107672151024     
           7          12  0.988662740537596     
          11          12  0.960588391483675     
          11          13  0.974158234776757     
           2          14  0.969888389689989     
          13          14  0.967534974668938     
          12          15  0.964187915499011     
          14          15  0.978215482979976     
          14          16   1.00178901598995     
          16          17   1.93082962220227     
          17          18   1.01401497383469     
          15          19  0.891081434091442     
          18          19  0.941508997319580     
          19          20  0.941192567121903     
          12          21  0.964441804490726     
          20          21   1.00477387640956     
          19          22   1.03726456908215     
          15          23  0.963080049388431     
          11          24  0.950842826528501     
          24          25   1.72069699970543     
          24          26   1.15156516649963     
          25          26  0.171199205477085     
          26          27  0.946174162025939     
           1          28  0.974564504128382     
           1          29  0.969902484733750     
           2          30  0.974579845670873     
           2          31  0.975076849834098     
           3          32  0.971423991891448     
           4          33  0.970852541420595     
           5          34  0.967022899751862     
           8          35  0.959611554229748     
           9          36  0.940711081918372     
          10          37  0.965500199068630     
          13          38  0.954669310871726     
          13          39  0.974167214935481     
          16          40  0.964021113110309     
          17          41  0.964671216147205     
          18          42  0.956592099352118     
          18          43  0.964257143680644     
          20          44  0.972178745284006     
          20          45  0.962958824659808     
          21          46  0.973946181522303     
          21          47  0.972215618382003     
          27          48  0.979157161286537     
          27          49  0.976275833090984     
          27          50  0.976132124149263     
