   -0.00915668
   -0.03681393
   -0.06185853
   -0.05829358
   -0.03550220
    0.10931940
   -0.07098189
    0.00801115
   -0.48278974
    0.08527991
   -0.11319784
    0.00892498
   -0.11173702
    0.04619247
   -0.48987453
   -0.11707838
    0.04182879
    0.04240882
    0.03913350
    0.04183046
    0.03974753
    0.04412431
    0.05796638
    0.05051689
    0.31360497
    0.02050567
    0.04074226
    0.03397838
    0.03390567
    0.03199614
    0.03400385
    0.32009470
    0.04701636
    0.05076319
    0.04538856
