$coord
-0.08250641168905 -1.04483772288674   0.58045575717649  c
-1.94010275442537  1.09413999039552   1.32471183124542  c
-0.64412108935764  3.70220848157750   1.17682931812488  c
 1.10509148997476  4.07752743181827  -1.09082152832914  c
 2.73355387804497  1.72774293897202  -1.52787028427836  c
 1.00762084278893 -0.52840996260207  -2.07514358603927  c
 2.29767136846381 -0.89048113013668   2.24709047106252  c
 4.00294275525968  0.95385542351855   0.90756068877557  c
 2.36820628426780 -2.58520177761985  -3.11014422147205  o
-1.39028033192985 -3.63232600316696   0.79288823921341  c
 6.22692723148066  1.75470119513338   1.70699722321056  c
-4.45014882711672  1.00870754888361  -0.05281363092831  c
-4.85604457275560  1.85572059094659  -2.37222875775509  c
-2.38735216261576  0.77668938894708   3.32431895975397  h
 0.24267802790941 -5.68639919430792   0.41871384714293  o
-6.61094637819090  0.00750631512451   1.49398835146175  c
-2.09767845670178  5.16578052678974   1.17493656031180  h
 0.48191158152317  3.95468382897737   2.88747648177326  h
 0.02927543682462  4.47859349101474  -2.80157978803158  h
 2.32542866999500  5.70235445849874  -0.72968480730890  h
 4.07964305674963  2.06654062051428  -3.05756477768843  h
-0.46804663429555 -0.13148551751105  -3.45669954264283  h
 3.17668946659970 -2.75824789251974   2.36843297430203  h
 1.87144995708740 -0.29677635380624   4.17359424209461  h
 3.93326175755890 -2.74222951865729  -2.18607380660881  h
-2.96097728984993 -3.70051248885162  -0.56563519037606  h
-2.14895937706803 -3.86621014708785   2.70228925068309  h
 7.01276866685443  1.14164426154161   3.48152016744520  h
 7.34542621474301  3.06571856230537   0.62456698235652  h
-6.71182156333429  1.76851236623568  -3.20630146308035  h
-3.41749169528726  2.68085806851702  -3.54180953791829  h
 0.95221508681754 -5.49409666323112  -1.26072103890362  h
-6.18057792125820 -1.85069410256733   2.26012339341998  h
-6.96757926051222  1.27181652956650   3.08169065753090  h
-8.32510964601476 -0.12142394325456   0.37045691489963  h
$end