           1           2  0.958386827207927     
           2           3  0.985167312776706     
           3           4   1.00874090132630     
           4           5  0.979095261285184     
           1           6  0.961892755763249     
           5           6  0.975817832343602     
           1           7  0.983437563886901     
           5           8  0.993141746906020     
           7           8   1.00792606823334     
           6           9  0.976459319715668     
           1          10  0.975353939132766     
           8          11   1.93425390237179     
           2          12  0.996626067252320     
          12          13   1.92877183872508     
           2          14  0.963065276402196     
          10          15   1.00119847997511     
          12          16   1.02418560609383     
           3          17  0.976073497615758     
           3          18  0.976720369617050     
           4          19  0.969638592748880     
           4          20  0.975440622935937     
           5          21  0.963036679101046     
           6          22  0.957610033162527     
           7          23  0.954098882342952     
           7          24  0.962779533739154     
           9          25  0.881368325199306     
          10          26  0.966692515227090     
          10          27  0.970191583011254     
          11          28  0.975073290889941     
          11          29  0.974867843791828     
          13          30  0.974093257754687     
          13          31  0.966665571417300     
          15          32  0.858966974568505     
          16          33  0.971205829759326     
          16          34  0.968456551451889     
          16          35  0.984108567940280     
