   -0.00999741
   -0.02968701
   -0.05814929
   -0.05771924
   -0.02932482
    0.12170887
   -0.07098294
    0.00954968
   -0.47049466
    0.07711441
   -0.11236879
    0.01347832
   -0.11763232
    0.03897168
   -0.48054231
   -0.11854809
    0.04024787
    0.03707699
    0.05627891
    0.03511115
    0.03886302
    0.01362836
    0.05191730
    0.04308116
    0.31101757
    0.04925433
    0.02541255
    0.03616097
    0.03780171
    0.03026759
    0.02154277
    0.30617910
    0.07289299
    0.03820299
    0.04968660
