$coord
 0.18419833527131 -1.36189011284003  -0.50207522473490  c
 1.17895148233478  1.16499780609332  -1.76708355075387  c
-0.88176130885852  3.27338086990947  -1.63980311368666  c
-2.35359137346305  3.37887720234855   0.87856098272281  c
-3.20811446219752  0.70192079869676   1.72229512156293  c
-0.88507261436015 -0.98581015372838   2.21671391589264  c
-2.32025577180774 -2.12562437837478  -1.88098351631795  c
-4.42117909152964 -0.71106783269384  -0.47395287052462  c
 0.74654926349206  0.07984334557173   4.07667246912880  o
 2.23353351783716 -3.43586507353654  -0.64781878814700  c
-6.88033526906925 -0.73940905219597  -1.05427301583675  c
 3.82253817036624  2.10203686975219  -0.99798715732248  c
 5.84327200291766  1.37955376500711  -2.36074172833245  c
 1.37555574368238  0.66502278079677  -3.78239041541004  h
 1.53506033208805 -5.79103107191662   0.50036427854320  o
 4.15562134637932  3.97262941256115   1.14996496304685  c
-0.02700742394349  5.12503835553554  -2.05437144625582  h
-2.24447011103646  2.93807978538338  -3.17752892289391  h
-1.20345630231303  4.23049069495234   2.38741090559167  h
-4.03162724355465  4.59012627124544   0.64039832748718  h
-4.46683525327980  0.83547822511653   3.37381795391408  h
-1.54775859468969 -2.85557905250279   2.88006605794812  h
-2.27255256530870 -1.68092934419944  -3.91362966416511  h
-2.65755835948171 -4.17810800863748  -1.73308024906620  h
 2.09242848261070 -1.13937690729298   4.42786375102261  h
 3.92922449785551 -2.81408613423415   0.37911215566979  h
 2.80437031615916 -3.71136606114831  -2.64178283996186  h
-7.60379487719739 -1.79323733796898  -2.67720815367688  h
-8.27063366174848  0.29163624840674   0.07206285973768  h
 7.74879448216590  2.03203850704359  -1.90594989222363  h
 5.67610107304414  0.10395316112314  -3.97625002326709  h
 0.25848796427781 -6.60909992299151  -0.55683508846454  h
 3.37056142331673  3.24121347077420   2.92262265257250  h
 6.16629403985329  4.41891917528772   1.43174556068875  h
 3.17104921049506  5.76371162182905   0.74169663507392  h
$end
