           1           2  0.956899868937443     
           2           3  0.989297345510910     
           3           4   1.00970994924914     
           4           5  0.978542056648798     
           1           6  0.959100244711753     
           5           6  0.975766408229239     
           1           7  0.981759215377194     
           5           8  0.995323009833274     
           7           8   1.00375692108275     
           6           9  0.985897792512335     
           1          10  0.977294655622300     
           8          11   1.93740288065199     
           2          12  0.996523851771515     
          12          13   1.92123341436756     
           2          14  0.959983359487990     
          10          15  0.991653594907418     
          12          16   1.03033078071152     
           3          17  0.973320253007500     
           3          18  0.975612860782621     
           4          19  0.969959655160877     
           4          20  0.976440473429783     
           5          21  0.964970917323417     
           6          22  0.958830391513938     
           7          23  0.964704633047619     
           7          24  0.954512304730754     
           9          25  0.885957270264491     
          10          26  0.966367215990844     
          10          27  0.969212997998758     
          11          28  0.974667043053930     
          11          29  0.974565867798140     
          13          30  0.975504645396391     
          13          31  0.975844886271837     
          15          32  0.885004520733407     
          16          33  0.957777901099677     
          16          34  0.983505151861156     
          16          35  0.963970808457610     
