    0.01816659
   -0.06349606
   -0.05614983
   -0.06059994
   -0.01559072
    0.11704009
   -0.03240299
   -0.06611155
   -0.05882884
   -0.03292230
   -0.33030020
    0.14023339
    0.02303286
    0.02236420
    0.00269362
   -0.10646696
   -0.11077134
   -0.11325347
   -0.10502825
    0.02363834
    0.05249385
    0.03189646
    0.02729999
    0.05113557
    0.02783151
    0.02573265
    0.03242372
    0.03140247
    0.03488666
    0.02977535
    0.03052589
    0.03466135
    0.04752380
    0.03570740
    0.04898857
    0.04999355
    0.03530209
    0.04547613
    0.03296148
    0.03228538
    0.03216901
    0.03428048
