           1           2  0.988939141181302     
           2           3   1.00613924442223     
           3           4   1.00943757073142     
           4           5  0.998495209989982     
           5           6  0.979487440831463     
           1           7  0.971180695687532     
           6           7  0.974715816762384     
           1           8  0.977312061698371     
           8           9   1.00603059522009     
           7          10  0.982366752566393     
           9          10   1.00037077774087     
           6          11  0.974347573971518     
          10          12  0.956705154014885     
          11          12  0.957730505357235     
           7          13  0.970142422037132     
          10          14  0.971500433667012     
           6          15  0.952772835978259     
           5          16   1.00590375395854     
          12          17  0.997089478811009     
          12          18  0.989985247813131     
           1          19   1.00229655326519     
           2          20  0.975580561855545     
           2          21  0.967734803024199     
           3          22  0.972155661442033     
           3          23  0.976936302571213     
           4          24  0.973064357376490     
           4          25  0.975108831495367     
           5          26  0.966100322185051     
           8          27  0.979393326319710     
           8          28  0.975011481875495     
           9          29  0.975336486062113     
           9          30  0.980050867858952     
          16          31  0.986279417615516     
          16          32  0.986172330350509     
          16          33  0.986786462097532     
          17          34  0.983853981294004     
          17          35  0.982788926806233     
          17          36  0.976884247208268     
          18          37  0.983819815528236     
          18          38  0.984933008990800     
          18          39  0.986026497711309     
          19          40  0.981715635276220     
          19          41  0.985164957615181     
          19          42  0.985550695289969     
