    0.01813054
   -0.06252515
   -0.05577455
   -0.06156354
   -0.01503633
    0.11501261
   -0.03281460
   -0.06267692
   -0.06140072
   -0.03491795
   -0.32841697
    0.14085676
    0.02047106
    0.02467472
    0.00434386
   -0.10645285
   -0.10976586
   -0.11449562
   -0.10539778
    0.02497564
    0.04921947
    0.03160233
    0.02676214
    0.05364772
    0.02794403
    0.02633716
    0.02984173
    0.02888645
    0.04155381
    0.02589819
    0.03045557
    0.03417348
    0.04744074
    0.04674082
    0.03840131
    0.04902069
    0.04499505
    0.03437146
    0.03431564
    0.03539937
    0.02964750
    0.03611899
