$coord
-1.39750143012333  2.98775023814462   0.55231195884258  c
-2.23108272237418  2.27439182589923  -2.13719716324911  c
-4.49469308247148  0.50437254254028  -2.39673720263612  c
-3.86260158636094 -2.25736954259153  -1.88934822256260  c
-3.01652109749573 -2.80540708247881   0.81640907221421  c
-0.31771373957532 -1.89592768976149   1.35624899868857  c
 0.14737699437445  0.92079628974019   1.91395709448192  c
 0.58118068597589  5.11794620873975   0.35928092190380  c
 3.02156374246645  3.77860846968132  -0.38807608747926  c
 2.93428938754567  1.28754556141476   1.09480171201342  c
 1.31502285296628 -2.51457724835738  -0.66503860579034  o
 3.63561381217483 -1.20351816944959  -0.30655005927903  c
-0.05915404682746  1.23393255120202   3.94557450925837  h
 4.14636609090164  1.45907543584959   2.75633776906843  h
 0.32506543749722 -2.92515192130090   3.05932814217424  h
-3.15114693315824 -5.65283646439082   1.30309091528513  c
 4.84948577783772 -0.88818032319442  -2.90854261231559  c
 5.42464080334353 -2.77988189407756   1.35599692604200  c
-3.63663009573571  3.87580477039669   2.14826030879271  c
-2.69234933567174  4.03525281180643  -3.11801292257263  h
-0.64349735029000  1.40693322877105  -3.11892053270836  h
-6.03602237472749  1.10824266403589  -1.16932516012273  h
-5.18007223842718  0.64630899385666  -4.34176201671841  h
-2.36293456348363 -2.86988942867962  -3.16367260634739  h
-5.54088684391304 -3.39259269314898  -2.28980620965485  h
-4.27985987403444 -1.85134644963187   2.14895574860489  h
 0.81495808153563  6.00379883966933   2.20827317151556  h
 0.03846244771998  6.57901479126824  -0.98628060955080  h
 3.04364165278539  3.46389828310858  -2.41707070355612  h
 4.69023601518581  4.88566444145734   0.09412043016165  h
-2.65484558872302 -6.08956506464062   3.25024497960208  h
-5.04863130843714 -6.35819211987608   0.94662891806274  h
-1.83897637479113 -6.62688744279064   0.05866502879195  h
 3.50304536650957 -0.12380495622072  -4.25627574824754  h
 6.48992950518740  0.34072051869301  -2.79605364831687  h
 5.43821772116073 -2.73188991825561  -3.59668820769931  h
 5.66897785810123 -4.64576308603188   0.53051060729648  h
 7.25609843938369 -1.85912534546676   1.48514426859946  h
 4.66160123917038 -3.00403150428058   3.25070291485536  h
-4.89726850352990  2.32592355279554   2.61793615705027  h
-2.97146256432532  4.70055614668407   3.91157299627330  h
-4.70657735836090  5.30838207855434   1.13269960821081  h
$end