           1           2  0.987334960532661     
           2           3   1.00711045792153     
           3           4   1.00931981225409     
           4           5  0.997877924642281     
           5           6  0.978824824949585     
           1           7  0.973139986218004     
           6           7  0.973034334544408     
           1           8  0.979768676898041     
           8           9   1.00667503723301     
           7          10  0.979735585448493     
           9          10  0.996138311266863     
           6          11  0.974297341726066     
          10          12  0.959418815732103     
          11          12  0.961910427522221     
           7          13  0.972178928657575     
          10          14  0.974405056873084     
           6          15  0.954641534359088     
           5          16   1.00624427373112     
          12          17  0.996049643022118     
          12          18  0.987540008015534     
           1          19   1.00143789225871     
           2          20  0.974959214818826     
           2          21  0.969558785141333     
           3          22  0.973222570805673     
           3          23  0.976443217024304     
           4          24  0.972317870809881     
           4          25  0.974969128429101     
           5          26  0.963912359566149     
           8          27  0.977495835778934     
           8          28  0.976997433062270     
           9          29  0.971586143231573     
           9          30  0.980725592797857     
          16          31  0.986214503687304     
          16          32  0.986139551479119     
          16          33  0.986789988528953     
          17          34  0.979456039563631     
          17          35  0.985504317584934     
          17          36  0.982622631694928     
          18          37  0.984895975613354     
          18          38  0.986145111010887     
          18          39  0.983810680235033     
          19          40  0.979426490111147     
          19          41  0.983985961461924     
          19          42  0.985439131691322     
