$coord
-0.00850875984304 -1.29965974976365   0.21702674715450  c
 1.01815173884347  1.14548628886063  -1.08050121485025  c
-0.12342780411368  3.55289037110945   0.07921695389513  c
-2.98614665888442  3.40144801062206   0.42495704532566  c
-3.81793227497833  0.77145662127650   1.35985014224044  c
-1.59337001990778 -0.65056042599439   2.57282411363900  c
-2.08821739999138 -2.44240043323784  -1.47038845931184  c
-4.40139646688689 -0.90132030080456  -0.87433889833274  c
-0.22608315813246  0.61316143431268   4.46613324638015  o
 2.01474830851109 -3.27621118737320   0.86685520889913  c
-6.57342593702364 -0.97497845522630  -2.10002145537028  c
 3.86670772539374  1.42806299017147  -1.09123857368852  c
 5.21076105244364  1.64536238209806   1.01007584193440  c
 0.40440526516448  1.07096701931372  -3.05501688886628  h
 3.40634788300454 -4.12676784707918  -1.22641300138058  o
 5.05683929947005  1.62483907028301  -3.66272289871662  c
 0.76480616349215  3.88425435648967   1.90328667012096  h
 0.33787772771549  5.15352437786793  -1.14041169542415  h
-3.56889954691896  4.84977323088168   1.77387480918066  h
-3.94561611157902  3.79365630174862  -1.35991337965756  h
-5.44113937570070  0.94728124849768   2.62566345674789  h
-2.32114737527119 -2.44191821122439   3.35943630782810  h
-1.60606647652860 -2.41693870089502  -3.47114486973907  h
-2.41477861070793 -4.41557463773159  -0.95245062965175  h
-1.38327984867905  1.08345724350843   5.78869821797800  h
 1.07398548301131 -4.95507920792752   1.62224985428434  h
 3.26660666492303 -2.53157271002628   2.33766009581888  h
-6.85069254911797 -2.18536300577987  -3.71196071409233  h
-8.16064464516975  0.16969494488681  -1.54120463779495  h
 7.23208443472935  1.89127369077902   0.96725416076013  h
 4.34425384700401  1.58758340884771   2.84883782805249  h
 4.48357217102378 -2.75955605032782  -1.76812140230937  h
 4.44351629055009  3.37158885157022  -4.56938579750725  h
 7.10788121079084  1.65282546746979  -3.53352803710601  h
 4.48318130895370  0.06747059544532  -4.88264141577191  h
$end