*************************************************
******************* ORCA 6.1.1 ******************
*************************************************
$Calculation_Status
   &GeometryIndex 1
   &version [&Type "String"] "6.1.1"
   &progName [&Type "String"] "LeanSCF"
   &Status [&Type "String"] "NORMAL TERMINATION"
$End
$Geometry
   &GeometryIndex 1
   &NAtoms [&Type "Integer"] 35
   &NCorelessECP [&Type "Integer"] 0
   &NGhostAtoms [&Type "Integer"] 0
   &CartesianCoordinates [&Type "Coordinates", &Dim(35,4), &Units "Bohr"] 
              C      0.191393289075   -1.273161990979    0.135999942687
              C     -1.838308171142    0.555552272072    1.353223927577
              C     -0.721362602759    3.258982296007    1.725999680965
              C      0.922883239943    4.215571763883   -0.490063439680
              C      2.748439266068    2.126422831427   -1.438522978806
              C      1.182447083672   -0.145838039299   -2.388555489872
              C      2.646562972542   -1.223397108087    1.795914421283
              C      4.208426431392    0.975731750917    0.762289540768
              O      2.740966563280   -2.003264245272   -3.611208700086
              C     -0.847653711771   -3.962826844597   -0.172747934465
              C      6.453509735559    1.760537007240    1.617252188259
              C     -4.453778747901    0.568500100687    0.091196240963
              C     -6.311122992861   -0.879634914919    1.044710438448
              H     -2.161224688369   -0.216623053491    3.256421586893
              O     -1.494518469419   -4.920631631066    2.286537537940
              C     -5.016595362881    2.299826036744   -2.129372170279
              H     -2.257450474932    4.609850723044    2.113419225656
              H      0.450847439115    3.239979005725    3.446056944437
              H     -0.257101300030    4.849494053314   -2.085610722437
              H      2.024366217777    5.870309658988    0.130864130983
              H      3.993595527648    2.904222039413   -2.918410304294
              H     -0.348900189018    0.438932257960   -3.674368584857
              H      3.692691444285   -3.009979114779    1.578055711210
              H      2.230192776048   -1.015835569954    3.823092934405
              H      3.650107176205   -1.155519210218   -4.981616294792
              H      0.609230998318   -5.157555131990   -1.064937489675
              H     -2.515610206412   -3.944064788438   -1.430744617162
              H      7.384287449479    0.862457943089    3.227672070547
              H      7.457912878520    3.333167371033    0.731511091613
              H     -8.207031884937   -0.887094029065    0.225806605284
              H     -5.995390309405   -2.129666125872    2.654488179135
              H     -2.123185795566   -6.644424702446    2.069694757298
              H     -4.652247929590    4.294655831080   -1.656079834230
              H     -3.858808598088    1.863498429889   -3.801357722798
              H     -7.011110104532    2.142780475831   -2.691726935625
$End
$SCF_Energy
   &GeometryIndex 1
   &Method [&Type "String"] "SCF"
   &totalEnergy [&Type "ArrayOfDoubles", &Dim (1,1)] "Total energy of each state"
                                                         0

0                                     -6.5776717830534494e+02
   &Mult [&Type "ArrayOfIntegers", &Dim (1,1)] "Multiplicity of each state"
                                                         0

0                                                        1
$End
$DFT_Energy
   &GeometryIndex 1
   &nAlphaEl [&Type "Integer"] 57
   &nBetaEl [&Type "Integer"] 57
   &nTotalEl [&Type "Integer"] 114
   &finalEn [&Type "Double"]      -6.5776717830534494e+02  "No Van der Waals correction"
   &eExchange [&Type "Double"]      -9.1095001753918496e+01
   &eCorr [&Type "Double"]      -4.0402528655504284e+00
   &eXC [&Type "Double"]      -9.5135254619468924e+01
   &eCNL [&Type "Double"]       0.0000000000000000e+00
$End
$Solvation_Details
   &GeometryIndex 1
   &Solvent [&Type "String"] "CHLOROFORM"
   &Epsilon [&Type "Double"]       4.8029999999999999e+00
   &Refrac [&Type "Double"]       1.4459000000000000e+00
   &RSolv [&Type "Double"]       1.3000000000000000e+00
   &SurfaceType [&Type "String"] "GAUSSIAN VDW"
   &CPCMDielEnergy [&Type "Double"]      -1.3190211000000000e-02
   &NPoints [&Type "Integer"] 2588
   &SurfaceArea [&Type "Double"]       9.1512794878800003e+02
$End
$SCF_Timings
   &GeometryIndex 1
   &TOTAL [&Type "Double"]       1.4871701999999999e+01
   &PREP [&Type "Double"]       5.3163799999999994e-01
   &FOCK [&Type "Double"]       1.1078081000000001e+01
   &DENS [&Type "Double"]       1.9587199999999960e-01
   &ETOT [&Type "Double"]       1.0849799999999887e-01
   &POP [&Type "Double"]       9.9999999925159955e-07
   &TRAFO [&Type "Double"]       3.6674900000000044e-01
   &DIIS [&Type "Double"]       1.5484870000000008e+00
   &SOSCF [&Type "Double"]       7.8405799999999992e-01
   &XC [&Type "Double"]       4.0330399999999988e+00
   &FOCKSTART [&Type "Double"]       2.7102999999998878e-02
   &SOLV [&Type "Double"]       4.4150419999999988e+00
   &SOLV_INIT [&Type "Double"]       2.8142200000000001e-01
   &INT_BF [&Type "Double"]       1.1864639999999844e+00
   &INT_DENS [&Type "Double"]       1.0260629999999784e+00
   &INT_DENSIO [&Type "Double"]       1.9942207839000013e+04
   &INT_FUNC [&Type "Double"]       3.4504399999997526e-01
   &INT_POT [&Type "Double"]       9.0865799999999719e-01
   &INT_POTIO [&Type "Double"]       1.5490999999963839e-02
   &INT_SUM [&Type "Double"]       1.1119999999968933e-03
   &SPLITRIJ [&Type "Double"]       3.1282069999999997e+00
$End
$Single_Point_Data
   &GeometryIndex 1
   &FinalEnergy [&Type "Double"]      -6.5776717830534494e+02  "Final single point energy"
   &Converged [&Type "Boolean"] true
$End
$Calculation_Info
   &GeometryIndex 1
   &Mult [&Type "Integer"] 1
   &Charge [&Type "Integer"] 0
   &NumOfAtoms [&Type "Integer"] 35
   &NumOfElectrons [&Type "Integer"] 114
   &NumOfBasisFuncts [&Type "Integer"] 605
   &NumOfAuxCBasisFuncts [&Type "Integer"] 0
   &NumOfAuxJBasisFuncts [&Type "Integer"] 955
   &NumOfAuxJKBasisFuncts [&Type "Integer"] 0
   &NumOfCABSBasisFuncts [&Type "Integer"] 0
$End
$SCF_Dipole_Moment
   &GeometryIndex 1
   &dipoleMagnitude [&Type "Double", &Units "a.u."]       9.8188902812401224e-01
   &dipoleElecContrib [&Type "ArrayOfDoubles", &Dim (3,1)] "Electronic contribution"
                                                         0

0                                      3.8613209530635175e+00
1                                     -4.7345355813349954e+00
2                                     -3.4479650222949709e-01
   &dipoleNucContrib [&Type "ArrayOfDoubles", &Dim (3,1)] "Nuclear contribution"
                                                         0

0                                     -4.0029584664434816e+00
1                                      5.0834281049978030e+00
2                                     -5.6202149785985656e-01
   &dipoleTotal [&Type "ArrayOfDoubles", &Dim (3,1)] "Total"
                                                         0

0                                     -1.4163751337996411e-01
1                                      3.4889252366280754e-01
2                                     -9.0681800008935365e-01
   &doAtomicDipole [&Type "Boolean"] false
   &Method [&Type "String"] "SCF"
   &Level [&Type "String"] "Relaxed density"
   &Mult [&Type "Integer"] 1
   &State [&Type "Integer"] -1
   &Irrep [&Type "Integer"] 0
$End
$SCF_Spin_Spin_Coupling
   &GeometryIndex 1
   &numOfNucPairs [&Type "Integer"] 187 "Number of nuclei pairs to calculate"
   &numOfNucPairsDSO [&Type "Integer"] 0 "number of nuclear pairs to calculate DSO"
   &numOfNucPairsPSO [&Type "Integer"] 0 "number of nuclear pairs to calculate PSO"
   &numOfNucPairsFC [&Type "Integer"] 187 "number of nuclear pairs to calculate FC"
   &numOfNucPairsSD [&Type "Integer"] 0 "number of nuclear pairs to calculate SD"
   &numOfNucPairsSD_FC [&Type "Integer"] 0 "number of nuclear pairs to calculate SD/FC"
   &pairsInfo [&Type "ArrayOfIntegers", &Dim (187,4)] "Pairs Info: Col1->Index of A. Col2->Atom. Num. of A.  Col3->Index of B. Col4->Atom. Num. of B."
                                                         0                           1                           2                           3

0                                                       13                           1                          16                           1
1                                                       13                           1                          17                           1
2                                                       13                           1                          18                           1
3                                                       13                           1                          19                           1
4                                                       13                           1                          20                           1
5                                                       13                           1                          21                           1
6                                                       13                           1                          22                           1
7                                                       13                           1                          23                           1
8                                                       13                           1                          24                           1
9                                                       13                           1                          25                           1
10                                                      13                           1                          26                           1
11                                                      13                           1                          27                           1
12                                                      13                           1                          28                           1
13                                                      13                           1                          29                           1
14                                                      13                           1                          30                           1
15                                                      13                           1                          31                           1
16                                                      13                           1                          32                           1
17                                                      13                           1                          33                           1
18                                                      13                           1                          34                           1
19                                                      16                           1                          17                           1
20                                                      16                           1                          18                           1
21                                                      16                           1                          19                           1
22                                                      16                           1                          20                           1
23                                                      16                           1                          21                           1
24                                                      16                           1                          22                           1
25                                                      16                           1                          23                           1
26                                                      16                           1                          24                           1
27                                                      16                           1                          25                           1
28                                                      16                           1                          26                           1
29                                                      16                           1                          27                           1
30                                                      16                           1                          28                           1
31                                                      16                           1                          29                           1
32                                                      16                           1                          30                           1
33                                                      16                           1                          31                           1
34                                                      16                           1                          32                           1
35                                                      16                           1                          33                           1
36                                                      16                           1                          34                           1
37                                                      17                           1                          18                           1
38                                                      17                           1                          19                           1
39                                                      17                           1                          20                           1
40                                                      17                           1                          21                           1
41                                                      17                           1                          22                           1
42                                                      17                           1                          23                           1
43                                                      17                           1                          24                           1
44                                                      17                           1                          25                           1
45                                                      17                           1                          26                           1
46                                                      17                           1                          27                           1
47                                                      17                           1                          28                           1
48                                                      17                           1                          29                           1
49                                                      17                           1                          30                           1
50                                                      17                           1                          31                           1
51                                                      17                           1                          32                           1
52                                                      17                           1                          33                           1
53                                                      17                           1                          34                           1
54                                                      18                           1                          19                           1
55                                                      18                           1                          20                           1
56                                                      18                           1                          21                           1
57                                                      18                           1                          22                           1
58                                                      18                           1                          23                           1
59                                                      18                           1                          24                           1
60                                                      18                           1                          25                           1
61                                                      18                           1                          26                           1
62                                                      18                           1                          27                           1
63                                                      18                           1                          28                           1
64                                                      18                           1                          29                           1
65                                                      18                           1                          30                           1
66                                                      18                           1                          31                           1
67                                                      18                           1                          32                           1
68                                                      18                           1                          33                           1
69                                                      18                           1                          34                           1
70                                                      19                           1                          20                           1
71                                                      19                           1                          21                           1
72                                                      19                           1                          22                           1
73                                                      19                           1                          23                           1
74                                                      19                           1                          24                           1
75                                                      19                           1                          25                           1
76                                                      19                           1                          26                           1
77                                                      19                           1                          27                           1
78                                                      19                           1                          28                           1
79                                                      19                           1                          29                           1
80                                                      19                           1                          30                           1
81                                                      19                           1                          31                           1
82                                                      19                           1                          32                           1
83                                                      19                           1                          33                           1
84                                                      19                           1                          34                           1
85                                                      20                           1                          21                           1
86                                                      20                           1                          22                           1
87                                                      20                           1                          23                           1
88                                                      20                           1                          24                           1
89                                                      20                           1                          25                           1
90                                                      20                           1                          26                           1
91                                                      20                           1                          27                           1
92                                                      20                           1                          28                           1
93                                                      20                           1                          29                           1
94                                                      20                           1                          30                           1
95                                                      20                           1                          31                           1
96                                                      20                           1                          32                           1
97                                                      20                           1                          33                           1
98                                                      20                           1                          34                           1
99                                                      21                           1                          22                           1
100                                                     21                           1                          23                           1
101                                                     21                           1                          24                           1
102                                                     21                           1                          25                           1
103                                                     21                           1                          26                           1
104                                                     21                           1                          27                           1
105                                                     21                           1                          28                           1
106                                                     21                           1                          29                           1
107                                                     21                           1                          30                           1
108                                                     21                           1                          31                           1
109                                                     21                           1                          32                           1
110                                                     21                           1                          33                           1
111                                                     21                           1                          34                           1
112                                                     22                           1                          23                           1
113                                                     22                           1                          24                           1
114                                                     22                           1                          25                           1
115                                                     22                           1                          26                           1
116                                                     22                           1                          27                           1
117                                                     22                           1                          28                           1
118                                                     22                           1                          29                           1
119                                                     22                           1                          30                           1
120                                                     22                           1                          31                           1
121                                                     22                           1                          32                           1
122                                                     22                           1                          33                           1
123                                                     22                           1                          34                           1
124                                                     23                           1                          24                           1
125                                                     23                           1                          25                           1
126                                                     23                           1                          26                           1
127                                                     23                           1                          27                           1
128                                                     23                           1                          28                           1
129                                                     23                           1                          29                           1
130                                                     23                           1                          30                           1
131                                                     23                           1                          31                           1
132                                                     23                           1                          32                           1
133                                                     23                           1                          33                           1
134                                                     23                           1                          34                           1
135                                                     24                           1                          25                           1
136                                                     24                           1                          26                           1
137                                                     24                           1                          27                           1
138                                                     24                           1                          28                           1
139                                                     24                           1                          29                           1
140                                                     24                           1                          30                           1
141                                                     24                           1                          31                           1
142                                                     24                           1                          32                           1
143                                                     24                           1                          33                           1
144                                                     24                           1                          34                           1
145                                                     25                           1                          26                           1
146                                                     25                           1                          27                           1
147                                                     25                           1                          28                           1
148                                                     25                           1                          29                           1
149                                                     25                           1                          30                           1
150                                                     25                           1                          31                           1
151                                                     25                           1                          32                           1
152                                                     25                           1                          33                           1
153                                                     25                           1                          34                           1
154                                                     26                           1                          27                           1
155                                                     26                           1                          28                           1
156                                                     26                           1                          29                           1
157                                                     26                           1                          30                           1
158                                                     26                           1                          31                           1
159                                                     26                           1                          32                           1
160                                                     26                           1                          33                           1
161                                                     26                           1                          34                           1
162                                                     27                           1                          28                           1
163                                                     27                           1                          30                           1
164                                                     27                           1                          31                           1
165                                                     27                           1                          32                           1
166                                                     27                           1                          33                           1
167                                                     28                           1                          30                           1
168                                                     28                           1                          31                           1
169                                                     28                           1                          32                           1
170                                                     28                           1                          33                           1
171                                                     28                           1                          34                           1
172                                                     29                           1                          30                           1
173                                                     29                           1                          31                           1
174                                                     29                           1                          32                           1
175                                                     29                           1                          33                           1
176                                                     29                           1                          34                           1
177                                                     30                           1                          31                           1
178                                                     30                           1                          32                           1
179                                                     30                           1                          33                           1
180                                                     30                           1                          34                           1
181                                                     31                           1                          32                           1
182                                                     31                           1                          33                           1
183                                                     31                           1                          34                           1
184                                                     32                           1                          33                           1
185                                                     32                           1                          34                           1
186                                                     33                           1                          34                           1
   &pairsDistances [&Type "ArrayOfDoubles", &Dim (187,1)] "The distances of each pair"
                                                         0

0                                      2.6251970316581752e+00
1                                      2.2948836090880511e+00
2                                      4.0241321639657395e+00
3                                      4.2446158063838624e+00
4                                      4.9002505205891564e+00
5                                      3.8067717126596810e+00
6                                      3.5454116377027565e+00
7                                      2.3809684080585769e+00
8                                      5.3579910232630752e+00
9                                      3.7702670582237254e+00
10                                     3.1745753994509496e+00
11                                     5.0834637881085092e+00
12                                     5.5878705939047499e+00
13                                     3.5963010446645258e+00
14                                     2.2897470062411114e+00
15                                     3.4589898670203261e+00
16                                     3.7675597833880325e+00
17                                     3.9959342831360347e+00
18                                     4.2488891416104257e+00
19                                     1.7540727372613922e+00
20                                     2.4645503607581967e+00
21                                     2.5844895464572870e+00
22                                     4.3413194322500628e+00
23                                     3.9079517485613851e+00
24                                     5.1238076013012233e+00
25                                     3.9141329166662899e+00
26                                     5.7599731484477514e+00
27                                     5.6431739155194656e+00
28                                     4.9015983892844677e+00
29                                     5.5056717313208594e+00
30                                     5.2366590344737416e+00
31                                     4.4013104100322700e+00
32                                     4.0882505454819320e+00
33                                     5.9559747956663136e+00
34                                     2.3691261742868659e+00
35                                     3.5534312623516104e+00
36                                     3.8076182957578166e+00
37                                     3.0715570048344034e+00
38                                     2.3892280094518359e+00
39                                     3.8586504805259101e+00
40                                     4.0710864808902469e+00
41                                     3.8546830386333215e+00
42                                     2.4491350071636440e+00
43                                     5.3071314833490533e+00
44                                     5.0450528306412803e+00
45                                     4.8555735934265796e+00
46                                     3.8804564588566599e+00
47                                     3.9768084181448735e+00
48                                     5.3538931907971055e+00
49                                     4.4593550485193223e+00
50                                     5.4539010860891333e+00
51                                     3.8592123303583867e+00
52                                     4.5210707267878760e+00
53                                     5.1457428448163851e+00
54                                     1.7677940104472931e+00
55                                     2.5126759218027548e+00
56                                     2.4812505884209122e+00
57                                     5.0423294700920858e+00
58                                     4.5981054559142560e+00
59                                     4.0891844996872253e+00
60                                     5.3426811437641755e+00
61                                     4.8168612037774743e+00
62                                     5.3579879091330369e+00
63                                     4.4197185098861880e+00
64                                     5.3300647439487285e+00
65                                     5.3992979074421186e+00
66                                     6.5425438580739863e+00
67                                     2.3552640286154718e+00
68                                     2.6369943168202776e+00
69                                     3.8637296934334087e+00
70                                     2.4805722479638397e+00
71                                     3.7273031546435234e+00
72                                     4.8423965498223751e+00
73                                     4.1361864374686537e+00
74                                     4.6778415489641105e+00
75                                     5.9174778698201784e+00
76                                     5.7816564437940796e+00
77                                     4.2134455058785427e+00
78                                     3.1892003674816269e+00
79                                     6.4886928547102807e+00
80                                     6.1413012378210885e+00
81                                     7.0517668731960708e+00
82                                     3.7513039811670876e+00
83                                     4.3032439019600384e+00
84                                     5.3836161686857897e+00
85                                     2.6725490034156802e+00
86                                     3.9346923262044524e+00
87                                     4.2309134823916947e+00
88                                     2.4166835534133719e+00
89                                     4.7295991476359296e+00
90                                     5.0613785011071828e+00
91                                     3.8684236890403976e+00
92                                     2.6726024050238202e+00
93                                     6.9625622557108784e+00
94                                     6.6131711150902541e+00
95                                     6.5556675964664555e+00
96                                     4.6818695473810736e+00
97                                     4.2176104829632504e+00
98                                     5.8385952512646382e+00
99                                     3.9535386161615915e+00
100                                    4.2657066071575498e+00
101                                    2.3808994608702529e+00
102                                    3.3067359057548620e+00
103                                    2.8467148745378936e+00
104                                    5.4896806419871389e+00
105                                    4.9848016334495213e+00
106                                    4.6950857065970348e+00
107                                    4.6895663979557378e+00
108                                    4.9164036904443744e+00
109                                    3.2387588661336806e+00
110                                    2.0056424990035366e+00
111                                    3.6759242237206373e+00
112                                    1.7674600324385825e+00
113                                    3.6073483508895490e+00
114                                    2.4310624490203354e+00
115                                    3.6840922313224622e+00
116                                    2.9626780785353071e+00
117                                    3.9290842038610232e+00
118                                    6.4363837994840232e+00
119                                    5.1792524402104867e+00
120                                    3.6384668581439747e+00
121                                    6.1132070446475124e+00
122                                    5.5428382482570226e+00
123                                    6.6800808678638006e+00
124                                    4.7200285257286998e+00
125                                    3.4971447403839266e+00
126                                    4.0543394978365974e+00
127                                    2.9199461513714766e+00
128                                    3.9529488701007698e+00
129                                    5.8423824466993857e+00
130                                    4.4358332017416044e+00
131                                    3.8780901010262347e+00
132                                    5.4376825313319763e+00
133                                    5.3835491555750350e+00
134                                    6.2124009670719929e+00
135                                    3.3719673443736387e+00
136                                    4.0439924094055719e+00
137                                    4.8904892953417143e+00
138                                    4.3407860322459069e+00
139                                    6.8544495999881727e+00
140                                    6.5304557456021293e+00
141                                    5.6297089467041603e+00
142                                    5.5422995662723755e+00
143                                    4.3279868168990889e+00
144                                    6.0285322418456069e+00
145                                    1.7844343693159943e+00
146                                    5.3067911546205480e+00
147                                    5.8503176540866368e+00
148                                    5.2286711556823082e+00
149                                    4.3193070323758675e+00
150                                    2.3369511613991016e+00
151                                    5.7331387435645471e+00
152                                    4.6358631669761170e+00
153                                    5.6503376195435653e+00
154                                    6.3238664738885531e+00
155                                    6.6327802603190920e+00
156                                    3.5293189323034340e+00
157                                    2.9976867876626105e+00
158                                    2.3486775776269870e+00
159                                    4.5055489446380381e+00
160                                    3.3946533937644872e+00
161                                    4.0594922015728621e+00
162                                    1.8589600974070546e+00
163                                    7.2614436786663648e+00
164                                    6.4395940847532396e+00
165                                    7.1096922173853825e+00
166                                    7.0365955256588073e+00
167                                    7.7508070567676723e+00
168                                    7.3542407218490622e+00
169                                    6.5515695765154742e+00
170                                    6.4977921619002190e+00
171                                    7.8932276318731756e+00
172                                    1.8584473064805742e+00
173                                    4.5385997261336977e+00
174                                    3.4711974707516173e+00
175                                    3.4575507879814622e+00
176                                    2.3140460312530831e+00
177                                    3.1626472373716892e+00
178                                    4.1552017644455885e+00
179                                    4.1730678068905647e+00
180                                    3.6611836660682489e+00
181                                    6.2599904528062833e+00
182                                    5.5466859546712541e+00
183                                    5.8873887414677561e+00
184                                    1.7663971279913870e+00
185                                    1.7762834860514529e+00
186                                    1.7746211325825598e+00
   &pairsTotalSSCIso [&Type "ArrayOfDoubles", &Dim (187,1)] "The Spin-Spin coupling constant for each pair"
                                                         0

0                                      7.9661554915087873e-01
1                                      7.3355135234160693e+00
2                                     -6.3273470111209584e-01
3                                      1.0028881884111638e+00
4                                      2.0281416523423673e-01
5                                     -2.9137311071777061e-01
6                                     -3.1337849407526464e-01
7                                     -4.2223229789525418e-01
8                                      8.9984873988279657e-01
9                                     -5.8814125650372939e-01
10                                    -2.4943096702119577e-01
11                                     1.4627023305302600e-02
12                                     4.1203933837064430e-02
13                                     6.8597942216991697e-02
14                                    -8.3191871322698241e-01
15                                    -1.5340626075098876e-02
16                                    -6.2483428350240289e-01
17                                    -8.4691922904744932e-01
18                                     1.1018247714293283e+00
19                                    -1.5429492817802663e+01
20                                     5.7448965853423211e+00
21                                     1.2584560789778749e+00
22                                     3.4321739595748985e-01
23                                     7.8239271850003692e-02
24                                    -6.1880670972283246e-03
25                                    -6.1581463207155664e-02
26                                    -1.4231565531846669e-02
27                                     7.3497695043304989e-01
28                                     1.3324779214471897e-02
29                                    -5.4576544695412212e-03
30                                     2.6747535595696897e-02
31                                     1.8117308786188380e-01
32                                     7.2428296819491728e-02
33                                    -2.8526065558658296e-02
34                                    -2.1532674659093293e-01
35                                     1.3217236109924002e-01
36                                    -3.2043841470113667e-02
37                                     1.3805497774749954e+01
38                                     6.3174641097975313e+00
39                                    -5.2454175463155939e-01
40                                    -3.8942351550180331e-04
41                                     4.5551386287152762e-01
42                                    -1.3636985292908221e-01
43                                    -2.5121037078456579e-03
44                                    -4.6232444975883885e-02
45                                     4.7918826187160091e-02
46                                    -3.2177617263746974e-02
47                                    -9.6620048109333657e-03
48                                     1.7233348091142711e-01
49                                    -1.0324117522437945e-01
50                                     5.2583100004900629e-02
51                                    -9.1024310716206515e-03
52                                     1.6603960307379328e-01
53                                    -1.2705955992627027e-01
54                                    -1.3710066342022518e+01
55                                     2.4754391364609107e+00
56                                    -2.6840854324236069e-01
57                                    -4.4613297945060909e-01
58                                    -9.9769714377009960e-02
59                                     7.5721045367103404e-02
60                                    -1.0583208359487426e-02
61                                    -1.7489035165921317e-03
62                                     1.0259538939125308e-01
63                                    -7.7010754544035026e-02
64                                    -5.2150641559678648e-02
65                                    -4.9303537067715744e-02
66                                    -1.5588774984952758e-03
67                                    -3.7625896874155995e-01
68                                     1.0158542285905393e-01
69                                     1.7246523240844028e-01
70                                     4.5979551182793372e+00
71                                    -2.2754481120109155e-01
72                                     1.5050463857053614e-01
73                                     8.0324817885341321e-02
74                                     5.4850350924326038e-02
75                                    -2.4967311075375802e-02
76                                    -8.6773493368141417e-03
77                                     1.3257745898970424e-01
78                                     8.7005388681802812e-02
79                                     1.1688242040351704e-02
80                                    -2.5656527445393280e-02
81                                    -2.7395410736256846e-02
82                                    -2.4487343588259346e-02
83                                     1.4975455800781196e-01
84                                     1.9451566724379582e-01
85                                     8.8413609926566272e-01
86                                     3.8677639199163638e-01
87                                    -1.3415130620700730e+00
88                                    -8.7261004241455567e-02
89                                    -3.3967942305607693e-02
90                                    -1.0747402294058052e-01
91                                    -1.0926358737589084e+00
92                                    -1.0141250135789126e+00
93                                    -5.7331383662373135e-03
94                                    -4.6392359972500085e-03
95                                     4.1687730355719849e-01
96                                     7.5482387661056118e-03
97                                     6.0045423244674797e-03
98                                     1.8315737793903948e-02
99                                    -6.8221811327612625e-01
100                                    9.2505665374811807e-01
101                                    1.5752635905354501e-01
102                                   -8.0094863339657457e-02
103                                   -1.1396071889310158e-01
104                                    8.6263437212162652e-01
105                                    2.5746581021587739e-01
106                                   -1.7181280879438401e-03
107                                   -2.6252387266552180e-03
108                                   -8.7983219185736622e-02
109                                   -2.0168800659468460e-02
110                                   -6.1709792341715652e-01
111                                    3.0789683246437911e-03
112                                   -1.8829500367084947e+01
113                                    1.7924005606705764e-03
114                                   -3.5245448827719605e-01
115                                    1.4113575007300289e-01
116                                   -2.6471230791476748e+00
117                                   -3.1064653163345985e+00
118                                    1.3473594619834942e-02
119                                   -8.0418520797390175e-02
120                                    1.0027161332406890e-02
121                                   -4.5233582029214826e-02
122                                   -8.2428923634191437e-02
123                                    3.7888058385363063e-02
124                                   -1.5872432643778012e-01
125                                   -1.2686611786981034e-01
126                                   -1.8972505317793600e-01
127                                   -2.1077356097178610e+00
128                                   -2.4837380630028960e+00
129                                   -2.7494203929099314e-03
130                                   -1.4993311522728339e-02
131                                    1.1425947948819688e-01
132                                   -1.7841924445530101e-02
133                                   -1.6041685346171668e-02
134                                    1.6008889490836571e-02
135                                    1.2905946744541502e-01
136                                    1.5172198431149037e-01
137                                    6.9389540579269087e-03
138                                   -2.1650063006703195e-03
139                                   -1.0506089882538976e-02
140                                   -1.2496098805908457e-02
141                                    1.5622775403072112e-02
142                                   -5.6062141878587173e-03
143                                   -3.9276232949289683e-03
144                                   -7.7682827607763434e-03
145                                   -8.5003879574510837e+00
146                                   -2.1918229354521260e-02
147                                   -1.6267545008185117e-02
148                                   -6.7910412759049146e-03
149                                    3.5976000315995080e-03
150                                    1.3785997083779205e+00
151                                    3.1204473884154885e-02
152                                    2.5047297600998289e-02
153                                   -1.1384249206059769e-02
154                                    2.6978142899809474e-03
155                                    1.8574943893831286e-01
156                                    2.8179365923892065e-02
157                                    1.1710310672145643e-01
158                                    1.1997880622794421e+00
159                                   -4.5099095156875650e-03
160                                    7.0493324804637453e-03
161                                   -1.1485444098358772e-02
162                                    4.1784156542463974e-01
163                                   -2.2587841643192965e-04
164                                   -5.7858765701417044e-03
165                                   -5.0597275606395469e-03
166                                   -4.3567985997121864e-03
167                                   -4.0091667434808271e-04
168                                   -1.6387098548760949e-02
169                                   -1.9816624148568528e-03
170                                   -2.8261789235126634e-03
171                                    1.2431438812221621e-02
172                                    2.1495953708366393e+00
173                                    7.7058759792885834e-03
174                                   -2.1511566646598088e+00
175                                   -2.3332768270995583e+00
176                                   -4.5613156503150376e-01
177                                    4.2098437332568836e-02
178                                   -1.7027806085683506e+00
179                                   -1.6964921281188925e+00
180                                    6.7815523781461895e-01
181                                    6.6360410845941434e-04
182                                   -3.2481220967245533e-03
183                                    1.3407215175528309e-02
184                                   -1.7794651164332382e+01
185                                   -1.3396911818510207e+01
186                                   -1.3745432993896554e+01
   &Method [&Type "String"] "SCF"
   &Level [&Type "String"] "Relaxed density"
   &Mult [&Type "Integer"] 1
   &State [&Type "Integer"] -1
   &Irrep [&Type "Integer"] 0
$End
$Calculation_Timings
   &GeometryIndex 1
   &GTOINT [&Type "Double"]       1.7076519999999999e+00
   &SCF [&Type "Double"]       1.6923208000000002e+01
   &PROPINT [&Type "Double"]       1.1534049999999993e+00
   &RESPONSE [&Type "Double"]       8.4483870000000003e+00
   &PROP [&Type "Double"]       5.5189099999999769e-01
   &SUM [&Type "Double"]       2.8784542999999999e+01
$End
