    0.00167881
   -0.03386925
   -0.06213777
   -0.05864139
   -0.03414909
    0.11174479
   -0.06790365
    0.01584469
   -0.48764940
    0.08123542
   -0.11334570
    0.00950419
   -0.11020862
    0.04398098
   -0.48288782
   -0.11500953
    0.04158941
    0.04280056
    0.03712931
    0.04231383
    0.03433329
    0.02045539
    0.06067347
    0.05071379
    0.30866285
    0.05699238
    0.02106851
    0.03397078
    0.03299581
    0.03161425
    0.03282552
    0.31094444
    0.04659493
    0.04505765
    0.05107718
