           1           2  0.958717703423645     
           2           3  0.984623557127927     
           3           4   1.00870049059612     
           4           5  0.979330153851056     
           1           6  0.968367197055172     
           5           6  0.974612668600706     
           1           7  0.981532741778717     
           5           8  0.994025983957044     
           7           8   1.00892839745725     
           6           9  0.976168892826120     
           1          10  0.979442586512184     
           8          11   1.93564147696195     
           2          12  0.996956916605290     
          12          13   1.92944564170409     
           2          14  0.958981522431087     
          10          15  0.993733266530045     
          12          16   1.02356024730491     
           3          17  0.976269840451717     
           3          18  0.976886276336462     
           4          19  0.969639550293775     
           4          20  0.975527001741625     
           5          21  0.962160780320567     
           6          22  0.956010821318441     
           7          23  0.956319297427453     
           7          24  0.964586156664948     
           9          25  0.886703748932443     
          10          26  0.967901520044282     
          10          27  0.965424871704025     
          11          28  0.975167104872814     
          11          29  0.974994162634629     
          13          30  0.974161603871744     
          13          31  0.966777742365319     
          15          32  0.877955993818506     
          16          33  0.972012238100689     
          16          34  0.983604388361507     
          16          35  0.964107429521292     
