$coord
 1.82711411868216  2.69147626802883   0.11471792903390  c
 3.99751553609360  1.46594293604938   1.60694607903342  c
 5.71195665488502 -0.39002630808436   0.18370522962793  c
 4.45604493703433 -2.34029152886611  -1.55848285540456  c
 2.06342160014319 -3.66606959045673  -0.58532537239809  c
-0.00417712867340 -1.79194935208830   0.18419647961897  c
 0.12172201410270  0.74774217468476  -1.19692344479094  c
-0.01440965605897  4.04628134720502   1.92058041901164  c
-2.56774112207065  4.07979807778671   0.56359619667368  c
-2.62695487025970  1.69610979385073  -1.09168328407146  c
-2.44060376232906 -2.73446900494431  -0.38337706369316  o
-4.16387357386423 -0.65994332476608  -0.20477870988208  c
 0.67913137273047  0.42972691702291  -3.15315807532109  h
-3.29782467311935  2.19567965526878  -2.97804288964884  h
 0.09124906765895 -1.46996914628111   2.23329350181897  h
 2.64966626515288 -5.47547307608246   1.58381186661241  c
-6.35562644646343 -1.21871059844672  -2.00262884347993  c
-5.18012318695531 -0.47837949253235   2.50299703708516  c
 2.88203578697018  4.55476912025048  -1.82583335717857  c
 5.19411023033276  2.98116669669621   2.34519740963281  h
 3.21410871538959  0.49549520597839   3.24777350941472  h
 7.05073469391474  0.67705454047496  -0.97110014157519  h
 6.82492839974590 -1.38597019318236   1.60963642845001  h
 5.85923161803267 -3.80291683697423  -1.96011738730533  h
 4.02597991191381 -1.44088990195667  -3.36187018947310  h
 1.29311021166920 -4.77499983398898  -2.15555662866845  h
 0.62993055346799  5.94376706381153   2.39418684129631  h
-0.16950139138916  2.98065083453417   3.67953806615124  h
-4.13553762931172  4.18307629082768   1.88708405438634  h
-2.68203036956758  5.73952423944054  -0.65435102460589  h
 3.46368331504551 -4.46471421493878   3.17772999156733  h
 0.92277316512127 -6.39822806638477   2.20552376872447  h
 3.98281093819501 -6.91892332469178   0.97939478940109  h
-7.67904629992482  0.35185634801668  -2.02142185156773  h
-7.33309515537683 -2.91973166294100  -1.39650670984932  h
-5.63994091132768 -1.52913063655081  -3.90272535448980  h
-6.72128660642195  0.87372415738502   2.61268303362781  h
-5.88967665019799 -2.32739583464043   3.05267071432406  h
-3.70824070393258  0.06567562113266   3.82582933274223  h
 3.96572415229856  6.03276783945032  -0.89256270673860  h
 4.11718766316766  3.59117436651120  -3.15509482690323  h
 1.35780970195271  5.43499809025893  -2.88494731276709  h
$end