    0.01158992
   -0.03595625
   -0.06269166
   -0.05827699
   -0.03421853
    0.11023997
   -0.06826622
    0.01636565
   -0.48904706
    0.08562870
   -0.11364641
    0.01382402
   -0.11402952
    0.05765936
   -0.47470169
   -0.11616898
    0.04101134
    0.04199184
    0.03670729
    0.04168003
    0.03422905
    0.02073162
    0.05733725
    0.05463152
    0.30866950
    0.03563755
    0.02390036
    0.03378288
    0.03290818
    0.02823968
    0.02863773
    0.30590949
    0.04773060
    0.03975963
    0.05820016
