$coord
 0.18473566803995 -1.20389182574770   0.18962119223935  c
-1.82014902434644  0.75390956743052   1.22790711627621  c
-0.65121682445331  3.45572771802792   1.43810571092593  c
 1.08468295700154  4.22656795374304  -0.77983023981207  c
 2.85943890424906  2.02544992674435  -1.54817923480148  c
 1.23189826316826 -0.24901019665541  -2.38153968622031  c
 2.60530335122455 -1.11229216172959   1.88995884714889  c
 4.24070901499625  0.98067366223681   0.75478419773135  c
 2.74449053440864 -2.21840762309064  -3.48284358128801  o
-0.90721517791676 -3.88410945455502  -0.00396695840279  c
 6.48640158669783  1.76209771053877   1.61202683066272  c
-4.38604706542581  0.69239316321670  -0.12426050837706  c
-4.90974370798219  1.88194074210369  -2.30677501271644  c
-2.20449823295957  0.14271881600626   3.18083538451374  h
-1.64353905495677 -4.70687686729161   2.47980827820039  o
-6.45388608577071 -0.73195468827204   1.26550125856785  c
-2.17927530933232  4.84839175478566   1.66819791471628  h
 0.46918356585772  3.53690854301923   3.19160387901889  h
-0.02933243389805  4.80851556121598  -2.44214008462599  h
 2.22265132834631  5.88002336852019  -0.22428968892809  h
 4.15991623829837  2.66102251593663  -3.04850191520267  h
-0.28482540557681  0.30259992985385  -3.70033215151415  h
 3.61137193678052 -2.93343183256970   1.80283656466009  h
 2.15610655658336 -0.77106909938414   3.89222123052575  h
 3.64228029647211 -1.48985326538849  -4.92694067383476  h
 0.54561333920748 -5.15282296197085  -0.79256018366831  h
-2.53555543972606 -3.90072616962241  -1.31708489114938  h
 7.35664433398537  0.94416479393572   3.29798241664340  h
 7.55172896593720  3.25075180261487   0.65431642552751  h
-6.80043921601587  1.79444947183596  -3.13348598513915  h
-3.53169132370813  3.00508935153162  -3.34595984720090  h
-2.20271681023064 -6.46312806374374   2.34703760864563  h
-6.88332183193814  0.21676634992219   3.07461949626454  h
-8.20968763233286 -0.82676120674825   0.15879003978363  h
-5.85496699014280 -2.66306038255092   1.74929805679396  h
$end
