           1           2  0.958118812007977     
           2           3  0.986121884223953     
           3           4   1.00844736835595     
           4           5  0.979013705072822     
           1           6  0.968432076282680     
           5           6  0.975281361149003     
           1           7  0.981594910530011     
           5           8  0.993932136101546     
           7           8   1.00911959064981     
           6           9  0.974885962347298     
           1          10  0.986608197278670     
           8          11   1.93522320364836     
           2          12  0.997156392780909     
          12          13   1.92608326643521     
           2          14  0.961345724277323     
          10          15  0.984872320102650     
          12          16   1.02504862205182     
           3          17  0.976312798912963     
           3          18  0.976942500702562     
           4          19  0.970042023712864     
           4          20  0.975797268807809     
           5          21  0.962096444792813     
           6          22  0.956083636378911     
           7          23  0.956792628604632     
           7          24  0.964211361115568     
           9          25  0.886745665861630     
          10          26  0.969042324570651     
          10          27  0.967171716873431     
          11          28  0.975191262866490     
          11          29  0.975004066759215     
          13          30  0.974531731550495     
          13          31  0.967457984018923     
          15          32  0.893283130807650     
          16          33  0.966474071191381     
          16          34  0.984221029974603     
          16          35  0.970440769949903     
