   -0.00816226
   -0.03699903
   -0.06189344
   -0.05838391
   -0.03512309
    0.10869007
   -0.07091448
    0.00799947
   -0.48420586
    0.08389164
   -0.11310131
    0.00887583
   -0.11160346
    0.04673814
   -0.49381171
   -0.11705532
    0.04206723
    0.04270827
    0.03946588
    0.04216694
    0.04006466
    0.04495855
    0.05804839
    0.05100227
    0.31309457
    0.02222947
    0.04171217
    0.03423616
    0.03412237
    0.03205167
    0.03395671
    0.31972117
    0.04710875
    0.05088589
    0.04545763
