           1           2  0.957697662520286     
           2           3  0.985150178142847     
           3           4   1.00878712830735     
           4           5  0.978751602352475     
           1           6  0.962713161723909     
           5           6  0.976811020073118     
           1           7  0.983321694681451     
           5           8  0.993092246978307     
           7           8   1.00783622000972     
           6           9  0.973465346990189     
           1          10  0.977020565072686     
           8          11   1.93432929160312     
           2          12  0.996434138199696     
          12          13   1.92892576140291     
           2          14  0.963192429306839     
          10          15  0.998110678590032     
          12          16   1.02420618778928     
           3          17  0.976033562627653     
           3          18  0.976696953617906     
           4          19  0.969792121239047     
           4          20  0.975454001860618     
           5          21  0.962982489082001     
           6          22  0.957771327393845     
           7          23  0.954407332239105     
           7          24  0.962705329354796     
           9          25  0.882054557398164     
          10          26  0.967275483351404     
          10          27  0.970710058053753     
          11          28  0.975055820605267     
          11          29  0.974866675790144     
          13          30  0.974092297265330     
          13          31  0.966773126790612     
          15          32  0.857923411415341     
          16          33  0.971292603989872     
          16          34  0.968473373892331     
          16          35  0.984113492985353     
