$coord
 0.23973187683219 -1.10261370886873   0.77514885415124  c
-1.79219844846829  1.00135714709865   1.36935366399527  c
-0.65740030392175  3.70289797884655   0.98832050861305  c
 1.13003948208303  3.98585471348688  -1.30517223161992  c
 2.95873134884335  1.70108345098211  -1.53449927433008  c
 1.35622207199369 -0.69005070435253  -1.92294450821069  c
 2.61000163553022 -0.63760919740353   2.48198070125022  c
 4.26474277003838  1.19870036316902   0.98396312595447  c
 2.97951734821028 -2.72017986838218  -2.68615843941489  o
-0.81647535826798 -3.80046548682733   1.13747439557717  c
 6.46130063316492  2.19069710278030   1.74409922475288  c
-4.37201110871529  0.62933660386904   0.08488979338605  c
-4.88627985443569  1.18173444298343  -2.34375503900259  c
-2.16706798320442  0.81976107118345   3.41274594887815  h
-2.18771994506568 -4.75385840076343  -1.00695652612424  o
-6.46248930481370 -0.31065521829393   1.81680351785309  c
-2.20141651211251  5.09160424278794   0.86433920953775  h
 0.41588323317412  4.18813825887433   2.70512541716149  h
 0.05156885929963  4.16404032879544  -3.07923351001934  h
 2.22875930123905  5.74286304680661  -1.10026285041320  h
 4.30023040685780  2.01244812190824  -3.09429017180425  h
-0.12491652799418 -0.39394236173494  -3.35524683034690  h
 3.63827833976422 -2.42277863641890   2.78866860794300  h
 2.10736184035206  0.09476742603416   4.36456130179919  h
 1.88047357310552 -4.17928038759105  -2.99749732337641  h
-1.97501798677059 -3.88835406522464   2.87718535680617  h
 0.75787420053865 -5.13158909380547   1.40411079032575  h
 7.26488163560061  1.76877642806443   3.59953032949052  h
 7.54904211734361  3.46341868745220   0.53488922072754  h
-6.78642822086299  0.92336251904752  -3.10946038972108  h
-3.48832577803440  1.94185824395626  -3.65069815522831  h
-3.45798342479158 -3.49181492759564  -1.48585015500360  h
-5.96415529432918 -2.11657810552035   2.72794721441350  h
-6.78225692554690  1.05511018226134   3.35983908883413  h
-8.25501025607540 -0.57140883235691   0.79863542649615  h
$end
