$coord
 3.22187896440465  1.88312967132183   4.32433073960743  c
 3.97366892016692  3.32301773383925   1.95915384259909  c
 4.99040179273108  1.51936247081016  -0.08462768784638  c
 3.19228713829374 -0.89277034153047  -0.30633288325995  c
 0.57062926919638 -0.61844661315940   1.03131297379383  c
 0.93946716936385  0.16742651122074   3.83902922033972  c
 2.65418995882626 -1.49409619132871  -3.09649312264477  c
 1.09840213350093 -3.89908716682567  -3.42574612974121  c
-1.39717730845569 -3.80930254242764  -1.96434472430113  c
-1.04781303053086 -3.14813127154654   0.87542709825592  c
-1.46890153813660  1.23405569690574   0.00280314244471  c
-3.60553141429559 -2.23611246542874   1.91914389494244  c
-3.81703940905275  0.34656954381652   0.84168810999262  c
-6.08561537433299  1.61405084493073   0.53714582236093  c
-6.06836890676791  3.91395146169967  -0.71583735894520  c
-3.81115632085994  4.78023355124693  -1.68028214173133  c
-1.53785448842296  3.48266528100599  -1.37310077125208  c
 0.53857071044151  4.51111808968030  -2.55203375857803  o
-8.24338152445555  0.53391053148770   1.45555239978075  o
 5.26774995671225  2.78108063693196  -2.42134296444418  o
 7.76767919577575  0.93372263343390   0.56093120813758  c
 4.64022406443212 -3.14063502582769   0.82854857287764  c
-2.85372862370245 -6.26604375498663  -2.41713281601927  c
-0.30027341785716 -5.48796821337612   2.41832288540870  c
 4.83139146650508  0.77861601972301   4.98634707824841  h
 2.75497052500460  3.21962009350867   5.82657805822022  h
 5.43236858624413  4.71323631859001   2.40246080229032  h
 2.34244944832480  4.35202820069319   1.25477099204500  h
-0.75751377745929  1.15586171355636   4.46492737377806  h
 1.12580619665331 -1.50804049836087   5.01846565772859  h
 1.61027956139894  0.06587357126711  -3.94524412163685  h
 4.43911147633473 -1.67363788678402  -4.11315662752027  h
 0.66196825852814 -4.12310534506488  -5.43307886853222  h
 2.19149182602119 -5.55703244717736  -2.87668564746509  h
-2.51808941415463 -2.27702654499122  -2.79031664804780  h
-3.59165978367358 -2.20123114528151   3.98136872359353  h
-5.19188590552007 -3.41041354467065   1.33469958353980  h
-7.78898455865358  4.98085419468996  -0.98702891445134  h
-3.78785827428610  6.53451775714580  -2.73368246162459  h
 0.04852819222409  6.04287998258895  -3.41076108004498  h
-9.66282817739998  1.61227704462136   1.07958601028317  h
 3.65155984448660  3.48806522159750  -2.87375981398477  h
 8.76286448244602  2.73291741564030   0.56518716503556  h
 8.02444829232842  0.04022125172974   2.38394798521795  h
 8.61376642397124 -0.21411084890928  -0.91346377291641  h
 5.00648639110073 -2.87969816891888   2.82727523017427  h
 3.62404910799520 -4.88508004951120   0.59544623681177  h
 6.42846379097265 -3.37141351408756  -0.14620133509159  h
-1.75543244204311 -7.91185247055341  -1.86637518733947  h
-4.62897394938567 -6.29664330816750  -1.38643039818569  h
-3.28416851681804 -6.44159616489178  -4.42038836184638  h
-2.02002408370267 -6.43197183905667   3.04019222136016  h
 0.76487633979463 -6.86383704336252   1.33292416354616  h
 0.78098587026592 -5.01786733963473   4.09655474572555  h
$end