! r2scan-3c
! DEFGRID2
! scfconv6
! miniprint nopop noautostart
%MaxCore 2500
%pal
    nprocs 12
end
*xyz 0 1
C    1.7049449235   0.9965093068   2.2883372788
C    2.1027750353   1.7584652554   1.0367395657
C    2.6408069008   0.8040119943  -0.0447830438
C    1.6892856035  -0.4724337191  -0.1621043807
C    0.3019640050  -0.3272678537   0.5457473228
C    0.4971446162   0.0885982942   2.0315267745
C    1.4045368390  -0.7906416550  -1.6385935935
C    0.5812493772  -2.0633080711  -1.8128267814
C   -0.7393543909  -2.0157960940  -1.0394864620
C   -0.5544787768  -1.6659193251   0.4632560700
C   -0.7773092187   0.6530341515   0.0014833591
C   -1.9079650568  -1.1832997572   1.0155672132
C   -2.0198902675   0.1833967045   0.4454021663
C   -3.2203689690   0.8541189240   0.2842453280
C   -3.2112425314   2.0711739172  -0.3788048169
C   -2.0167770713   2.5295906570  -0.8891670169
C   -0.8137975486   1.8429470991  -0.7266136361
O    0.2849993463   2.3871808877  -1.3504781059
O   -4.3622096416   0.2825332858   0.7702451589
O    2.7875732286   1.4716844941  -1.2813195160
C    4.1104788102   0.4941047387   0.2968320121
C    2.4555008273  -1.6619524827   0.4384490227
C   -1.5101281531  -3.3158475562  -1.2790916014
C   -0.1588978497  -2.9041077114   1.2797213590
H    2.5566622599   0.4120258535   2.6386612383
H    1.4578676179   1.7037495805   3.0832923246
H    2.8746856558   2.4941372483   1.2713275061
H    1.2395708652   2.3029941440   0.6639962136
H   -0.4008590278   0.6116556775   2.3627378135
H    0.5957509829  -0.7980206645   2.6556576586
H    0.8521232467   0.0348587927  -2.0877332797
H    2.3490766289  -0.8856510286  -2.1765887512
H    0.3502985166  -2.1818533858  -2.8750615210
H    1.1596875317  -2.9406549300  -1.5222764869
H   -1.3325155324  -1.2049505557  -1.4765719807
H   -1.9006245060  -1.1648413575   2.1068495958
H   -2.7474277016  -1.8047131268   0.7062926027
H   -4.1217531227   2.6357545295  -0.5223132078
H   -2.0044482760   3.4579178798  -1.4466024599
H    0.0256800134   3.1977543736  -1.8048970346
H   -5.1133484621   0.8531802693   0.5712923136
H    1.9323222531   1.8458046246  -1.5207282025
H    4.6371081843   1.4461976150   0.2990841675
H    4.2463551645   0.0212841698   1.2615309452
H    4.5582088896  -0.1133025818  -0.4833842114
H    2.6493185037  -1.5238706446   1.4961296201
H    1.9177641983  -2.5850730345   0.3150965787
H    3.4017965378  -1.7840751994  -0.0773664147
H   -0.9289348432  -4.1867720216  -0.9876432157
H   -2.4495475228  -3.3320401424  -0.7336673709
H   -1.7379071351  -3.4087458908  -2.3391687834
H   -1.0689507101  -3.4036529169   1.6088004396
H    0.4047551280  -3.6321861411   0.7053530909
H    0.4132799244  -2.6553410423   2.1678034137
*
