    0.00040609
   -0.03323542
   -0.06112978
   -0.05857363
   -0.03034309
    0.11859911
   -0.07196133
    0.01921060
   -0.48438071
    0.08376332
   -0.11347753
    0.01796653
   -0.11401306
    0.04185338
   -0.47970579
   -0.11139526
    0.04115170
    0.04117825
    0.03812707
    0.04124155
    0.04542645
    0.02778667
    0.05305503
    0.04717565
    0.31285892
    0.02742886
    0.02637072
    0.03354734
    0.03457074
    0.02861724
    0.02221491
    0.30796090
    0.04977478
    0.05558591
    0.04234389
