           1           2  0.959976466925210     
           2           3  0.982773932007676     
           3           4   1.00828012994653     
           4           5  0.979076406999020     
           1           6  0.959768040263614     
           5           6  0.978846007481220     
           1           7  0.981710243839068     
           5           8  0.995254045241415     
           7           8   1.00689093969212     
           6           9  0.983375777442265     
           1          10  0.983654166033925     
           8          11   1.93620251177541     
           2          12  0.999857033748837     
          12          13   1.92327585242729     
           2          14  0.961238737931851     
          10          15  0.983821905138547     
          12          16   1.02733596007213     
           3          17  0.975720169968326     
           3          18  0.977290449433651     
           4          19  0.970682642298746     
           4          20  0.975827806494506     
           5          21  0.962280593985629     
           6          22  0.955446075466681     
           7          23  0.956554019832652     
           7          24  0.966567732705083     
           9          25  0.882337977410321     
          10          26  0.971785133037582     
          10          27  0.966571716043063     
          11          28  0.975178400542696     
          11          29  0.974975874481633     
          13          30  0.975885305309937     
          13          31  0.975162767514109     
          15          32  0.891556378595808     
          16          33  0.970674628037347     
          16          34  0.959570962691352     
          16          35  0.982069699328257     
