    0.01383591
   -0.06534548
   -0.05875014
   -0.06418608
   -0.01964654
    0.11202797
   -0.02827506
   -0.06744458
   -0.05851402
   -0.02941387
   -0.34059886
    0.14201082
    0.02639854
    0.02512475
    0.02011650
   -0.10563930
   -0.11389488
   -0.11411990
   -0.10604745
    0.03250120
    0.03388873
    0.03408628
    0.03089379
    0.03198778
    0.03257395
    0.02873533
    0.03537615
    0.03067083
    0.03645262
    0.02845480
    0.03487970
    0.05559963
    0.03113286
    0.04777754
    0.03924827
    0.03400719
    0.04611341
    0.03631526
    0.04859250
    0.03357634
    0.03402978
    0.03546775
