$coord
 1.86049562802122  3.00133141445964  -0.23492524412115  c
 4.36826325678928  2.03385690577513   0.85894523296743  c
 5.59525151895937 -0.11827816927481  -0.64499975115680  c
 4.78688443025123 -2.76147340802869   0.19793555237835  c
 2.08084419434056 -3.52185273387030  -0.48460048265366  c
 0.18125494742784 -1.59595068508471   0.54878646953128  c
 0.05838209181549  0.85824427553291  -0.99141964075843  c
 0.34837875154636  4.57925508513849   1.71936782944228  c
-2.21295218234610  3.27027368111510   2.07424620480208  c
-2.61317358555402  1.77208720423297  -0.36880141805975  c
-2.31280341220746 -2.59628654654362   0.50773951293143  o
-4.11929512448216 -0.70615598586885  -0.17856623092359  c
 0.25932920566675  0.38716860678977  -2.99117551376771  h
-3.39581851214795  2.99700154262503  -1.83159465119980  h
 0.67616491807531 -1.19373033165998   2.52791010237629  h
 1.51829801850828 -6.15243319450184   0.56286969335448  c
-5.23861269968548 -1.39611743212562  -2.76602262339825  c
-6.24161341286432 -0.66380120858805   1.78400333813453  c
 2.40428296484864  4.64241102482396  -2.55982537831687  c
 5.67266779100202  3.63372783488806   0.93219363429395  h
 4.08779462660755  1.39797820537917   2.80077742562549  h
 5.21376817343811  0.10583926475044  -2.65725473309714  h
 7.64195021074300  0.00891104833111  -0.39669828058962  h
 5.01943916204739 -2.90665553483027   2.24559546469405  h
 6.06516560725723 -4.13752597627524  -0.66183357529054  h
 1.88638016031742 -3.58713836201793  -2.54533788047037  h
 0.06852863042625  6.48994597925284   1.00091737251758  h
 1.35758091923577  4.73707704972056   3.50769623667248  h
-2.12333853356490  1.98486431543441   3.67899834090563  h
-3.72929315172393  4.61830447064365   2.42052165243142  h
 1.72259753655275 -6.16341872426915   2.60805336090079  h
-0.40844988624196 -6.68787189251617   0.10599321695843  h
 2.81224984276211 -7.53524425976581  -0.23686863657885  h
-6.00090551325782 -3.30171236793786  -2.68929352569468  h
-3.78702667876172 -1.33982966670525  -4.21821132825013  h
-6.74372510237488 -0.09149912453466  -3.26801159598395  h
-5.48253576666066 -0.46862743954151   3.67982703022021  h
-7.52275082776100  0.89602461526955   1.40563626513361  h
-7.28590593577989 -2.42986361482194   1.69523123787624  h
 3.49573714419383  6.30095713962882  -2.02345781698400  h
 3.47710545049803  3.60196267538937  -3.97039449873481  h
 0.64791079601841  5.27029147526762  -3.42319120830329  h
$end