           1           2  0.989282833238440     
           2           3   1.00470000266540     
           3           4   1.00786228988292     
           4           5  0.996676551774474     
           5           6  0.979167236232511     
           1           7  0.976381041146344     
           6           7  0.976896660466365     
           1           8  0.977930424190292     
           8           9   1.00464080276377     
           7          10  0.982164453582234     
           9          10  0.995199188153962     
           6          11  0.968040351234851     
          10          12  0.969545839669841     
          11          12  0.954443146964673     
           7          13  0.965357390128254     
          10          14  0.970099988553426     
           6          15  0.955927864001607     
           5          16   1.00663447288977     
          12          17  0.988562208182409     
          12          18  0.992766843554633     
           1          19   1.00063160724184     
           2          20  0.976374837036558     
           2          21  0.972293444831216     
           3          22  0.972995571406561     
           3          23  0.978159623830521     
           4          24  0.974741761078170     
           4          25  0.976006366194539     
           5          26  0.966755463598743     
           8          27  0.979945642463568     
           8          28  0.979554537619743     
           9          29  0.975416294894365     
           9          30  0.980777711074058     
          16          31  0.986945339554962     
          16          32  0.983332620479793     
          16          33  0.986735190383643     
          17          34  0.984672818949231     
          17          35  0.985089068927947     
          17          36  0.986232714195917     
          18          37  0.982257732600334     
          18          38  0.985792675120881     
          18          39  0.984150372752949     
          19          40  0.985089797198751     
          19          41  0.981493509485653     
          19          42  0.985460039675648     
