$coord
 0.19139328821333 -1.27316198526717   0.13599994212644  c
-1.83830816296757  0.55555226965473   1.35322392152517  c
-0.72136259962236  3.25898228141242   1.72599967320050  c
 0.92288323586210  4.21557174508312  -0.49006343739206  c
 2.74843925384720  2.12642282198216  -1.43852297227089  c
 1.18244707840111 -0.14583803861753  -2.38855547916411  c
 2.64656296067303 -1.22339710264109   1.79591441328026  c
 4.20842641246894  0.97573174652011   0.76228953729341  c
 2.74096655099677 -2.00326423624623  -3.61120868387584  o
-0.84765370797065 -3.96282682681988  -0.17274793377045  c
 6.45350970665740  1.76053699928512   1.61725218101872  c
-4.45377872786073  0.56850009816951   0.09119624057903  c
-6.31112296456882 -0.87963491095118   1.04471043384146  c
-2.16122467862208 -0.21662305255748   3.25642157235596  h
-1.49451846279518 -4.92063160901938   2.28653752762215  o
-5.01659534049505  2.29982602648229  -2.12937216070460  c
-2.25745046482910  4.60985070239794   2.11341921622154  h
 0.45084743717630  3.23997899120224   3.44605692908905  h
-0.25710129887945  4.84949403168606  -2.08561071303299  h
 2.02436620872651  5.87030963267585   0.13086413032323  h
 3.99359550980501  2.90422202646057  -2.91841029127996  h
-0.34890018745472  0.43893225602574  -3.67436856843195  h
 3.69269142778586 -3.00997910136133   1.57805570419263  h
 2.23019276602209 -1.01583556541008   3.82309291729088  h
 3.65010715977428 -1.15551920495411  -4.98161627245950  h
 0.60923099562856 -5.15755510894371  -1.06493748487453  h
-2.51561019511402 -3.94406477068725  -1.43074461080140  h
 7.38428741646727  0.86245793930399   3.22767205612953  h
 7.45791284502953  3.33316735605977   0.73151108843064  h
-8.20703184820716 -0.88709402514686   0.22580660431149  h
-5.99539028256681 -2.12966611628360   2.65448816722499  h
-2.12318578606578 -6.64442467273758   2.06969474805140  h
-4.65224790875434  4.29465581190624  -1.65607982676905  h
-3.85880858081101  1.86349842155530  -3.80135770585733  h
-7.01111007320122  2.14278046622361  -2.69172692363748  h
$end
