$coord
 0.07988569581034 -1.49090212813710  -0.06429276339811  c
 1.27039598378561  0.83185366152098  -1.53711250582024  c
-0.73231930977267  2.97290442289432  -1.87177416417926  c
-2.39566777873124  3.45330893736511   0.47878238868958  c
-3.39873908953126  0.93568713808297   1.60442400758630  c
-1.17455059630866 -0.72436209750922   2.49611416292692  c
-2.34670256365549 -2.36821504038523  -1.51506333697350  c
-4.49411498377973 -0.73019257003387  -0.47141089670499  c
 0.33021366029058  0.54004655880995   4.33691694719505  o
 1.94868825929673 -3.69340725116512   0.28754897165859  c
-6.90609365132032 -0.77627310610524  -1.22360542447390  c
 3.85102010682827  1.81249387971725  -0.62277545073990  c
 5.98740444095143  0.87932241927564  -1.63779421155304  c
 1.63817233018426  0.08975324380531  -3.45171641370436  h
 2.60549853512631 -4.97586528478420  -2.01019100460077  o
 4.02995411052968  3.96879608350807   1.26168459044763  c
 0.20450316719037  4.73392294832076  -2.46524664908701  h
-1.97719105599784  2.44699782112945  -3.45473809979153  h
-1.34546422513655  4.48427807086005   1.94726760565779  h
-4.01329455714405  4.65025022672067  -0.05949846546184  h
-4.76594589506288  1.32231478657015   3.12457150148992  h
-1.95908287850009 -2.47560629945387   3.34269590682562  h
-2.14854455847878 -2.20724726080308  -3.57886497271587  h
-2.72647894778490 -4.37848464630619  -1.11348113003419  h
 1.66959218933025 -0.60970835448780   4.88951732016686  h
 1.04152072845382 -5.14728042559290   1.47305606976675  h
 3.66127760780141 -3.04502192297700   1.29233632561632  h
-7.54726220415236 -2.01743025385906  -2.74530396552638  h
-8.33739813478996  0.42763173179254  -0.34792837549423  h
 7.85022428390180  1.55493172910439  -1.05888880866737  h
 5.98463053572524 -0.57045689039258  -3.10936734317869  h
 3.65444489262036 -3.84813676707887  -3.02898837671611  h
 3.04088249106304  3.52899401374744   3.02762338724217  h
 6.01632017379294  4.40678502644259   1.68996074763336  h
 3.16375429206041  5.70094967921074   0.49196204893643  h
$end
