    0.00125456
   -0.03360036
   -0.06057083
   -0.05890340
   -0.03559762
    0.11894835
   -0.07272781
    0.01798709
   -0.48244983
    0.08185471
   -0.11343739
    0.01273412
   -0.11608792
    0.04549946
   -0.48867306
   -0.11345962
    0.04076665
    0.04247819
    0.03993299
    0.04065867
    0.03410877
    0.02172608
    0.05681484
    0.04840238
    0.30482520
    0.01885730
    0.05486097
    0.03352953
    0.03425502
    0.03310515
    0.03016694
    0.30950353
    0.05548738
    0.05301054
    0.04473942
