           1           2  0.960215104890209     
           2           3  0.982001553487507     
           3           4   1.00905985574889     
           4           5  0.979400720540057     
           1           6  0.969370293547574     
           5           6  0.972848905562041     
           1           7  0.979383020366134     
           5           8  0.994463263014700     
           7           8   1.00796503776106     
           6           9  0.977191602256486     
           1          10  0.976953953899969     
           8          11   1.93591034913125     
           2          12  0.998796435415461     
          12          13   1.90255344965588     
           2          14  0.960747520518601     
          10          15  0.997660088616179     
          12          16   1.02678644491466     
           3          17  0.975170446222509     
           3          18  0.976102104156156     
           4          19  0.970677341557401     
           4          20  0.975708469297787     
           5          21  0.962588524183071     
           6          22  0.954593113947287     
           7          23  0.956541972707172     
           7          24  0.965679429568557     
           9          25  0.890310809601612     
          10          26  0.968679432879463     
          10          27  0.968880804929383     
          11          28  0.975160992761097     
          11          29  0.974940305816973     
          13          30  0.975326348280334     
          13          31  0.975188133692754     
          15          32  0.863071810557653     
          16          33  0.966628578170158     
          16          34  0.960378091111894     
          16          35  0.982696854611819     
