$coord
 1.88585385250525  2.81318502324612  -0.18887649068155  c
 3.99218104446569  1.68719693950837   1.46301624274367  c
 5.64991614040702 -0.36516637357708   0.24919375672478  c
 4.36911010618295 -2.24113710527791  -1.54605172086709  c
 2.00082678250533 -3.59123498684660  -0.56399064771162  c
-0.00479725798620 -1.71554190202293   0.34111333096044  c
-0.03013060460373  0.80852428122951  -1.07916554187388  c
 0.26650520989262  4.68286753233851   1.38594082967296  c
-2.21897468394999  3.32935198601870   1.96803983221691  c
-2.68448408804566  1.75741667526183  -0.41355100141769  c
-2.46173892362189 -2.72053677193929  -0.02192950937042  o
-4.25614872595965 -0.69714549655854  -0.20003063919926  c
 0.13123723546611  0.42926922667813  -3.10034477925225  h
-3.46417445448757  2.97690553624838  -1.88423340139226  h
 0.25277141381550 -1.37664757894174   2.37383034297629  h
 2.61672221437275 -5.49141765047053   1.51668730194148  c
-5.79851833304573 -1.11535979781274  -2.61617726138879  c
-6.02619862401566 -0.76669792560854   2.08737626456260  c
 3.04531924260237  4.20448178481269  -2.44388136832763  c
 5.23866445607152  3.23219813044184   2.03908187284523  h
 3.14723454150898  0.94414873586000   3.18907809609435  h
 7.15920027452304  0.54896537047050  -0.82470424179350  h
 6.56228177684234 -1.41091501758870   1.77681503689385  h
 5.76609963330944 -3.68473551219492  -2.03093028560182  h
 3.89090819102563 -1.27064878955892  -3.29950338070933  h
 1.16980376992469 -4.62883082455248  -2.15202689692200  h
-0.12055507836255  6.36788661237606   0.26238841167064  h
 1.23503831272803  5.28137059768973   3.10197596400963  h
-1.98461651829319  2.11411721242406   3.61228954206052  h
-3.74963342787900  4.64942183372728   2.35663068336041  h
 3.47463920823800 -4.55336853820527   3.13194840855220  h
 0.89155320861732 -6.41655380264942   2.13871837331592  h
 3.91942020589660 -6.92358523123322   0.82507285479509  h
-7.30068284008025  0.27803604772344  -2.75971439482625  h
-6.62397082437080 -2.99529067699865  -2.57919141486071  h
-4.58386240146058 -0.97603272889635  -4.26727766685365  h
-4.95666761287591 -0.81232495982913   3.83828142207476  h
-7.25514913659840  0.87829019377374   2.08987212695684  h
-7.17622865181954 -2.46641306047081   2.00261656328368  h
 4.21415737683887  5.76426551180831  -1.78704086538928  h
 4.22060169101424  2.95377378746332  -3.57040974706342  h
 1.56729295645577  4.96564796086554  -3.65422774546861  h
$end