    0.00103407
   -0.03361291
   -0.06159695
   -0.06065684
   -0.03428328
    0.11518195
   -0.06817890
    0.01640517
   -0.48693735
    0.07876462
   -0.11343590
    0.00861972
   -0.10999640
    0.05135012
   -0.47685320
   -0.11010829
    0.04073701
    0.03978690
    0.04315224
    0.03986644
    0.03332483
    0.01572025
    0.05313362
    0.04759625
    0.30852741
    0.03455403
    0.04580587
    0.03319370
    0.03359854
    0.02928669
    0.03855343
    0.30911722
    0.04294560
    0.04329608
    0.05210823
