$coord
 0.16689573874162 -1.22985016186922   0.15323722255033  c
-1.79502220569426  0.58941064337426   1.35866821851548  c
-0.65060568285640  3.23996739982287   1.70227455403734  c
 0.89955588827663  4.16764974857416  -0.55281159846173  c
 2.69793434545752  2.08716023088296  -1.45803680382062  c
 1.13098789371946 -0.17050622698918  -2.37214842852106  c
 2.61257996267370 -1.21685222590124   1.74317441208792  c
 4.10439234571356  0.99983965755084   0.76616836463284  c
 2.62216109088136 -2.01923811920606  -3.59436767466190  o
-0.89513359485050 -3.91240073618947  -0.12775842692546  c
 6.26470159552534  1.84585591632579   1.68162399959233  c
-4.36124328044658  0.58156252630447   0.07693221245952  c
-6.09839247992951 -1.06204029400365   0.82470292219774  c
-2.14176412446979 -0.17584127211787   3.25304533621253  h
-1.56674812498119 -5.02095575589123   2.19663906978959  o
-4.98267999421518  2.47193376571112  -1.94490062902920  c
-2.15453422693026  4.58556246843600   2.12811064855602  h
 0.59597450502583  3.19910797964371   3.34597015687467  h
-0.31854159098533  4.73160690013431  -2.11614329136016  h
 1.99574138588253  5.81989404986029   0.02060125281321  h
 3.96481327255869  2.81932728605423  -2.91904010122477  h
-0.41265837964473  0.39665186438064  -3.63319381812713  h
 3.67662102197610 -2.95093838399214   1.38173649706917  h
 2.25692655526087 -1.08028410780617   3.76903421006121  h
 3.52747739823601 -1.22027243422372  -4.95626075200651  h
 0.50685404679542 -5.07295627546228  -1.12029166798284  h
-2.62461347464587 -3.87399335678954  -1.25116492764630  h
 7.15422481309554  0.98941634700612   3.29941667724011  h
 7.23276220786993  3.43197683815706   0.85178046902153  h
-7.94738149999932 -1.12989151392777  -0.02584903738141  h
-5.72936703559347 -2.43432701243691   2.27942388027781  h
-0.06653351843218 -5.14947228878177   3.22025372944997  h
-3.81774673070692  2.20574293046776  -3.61884613242391  h
-6.94933839184787  2.26701579869832  -2.50541387188872  h
-4.70551511779448  4.39638974315319  -1.27474882591017  h
$end