           1           2  0.956765788978734     
           2           3  0.991101569725700     
           3           4   1.00856969821561     
           4           5  0.978638655873937     
           1           6  0.968373067645282     
           5           6  0.973501192160024     
           1           7  0.980210634592167     
           5           8  0.994684032739419     
           7           8   1.00666747182776     
           6           9  0.977497352612825     
           1          10  0.979211917368794     
           8          11   1.93641649750720     
           2          12  0.996360837811085     
          12          13   1.92784821802686     
           2          14  0.958684703811527     
          10          15  0.993716287264336     
          12          16   1.02575526224908     
           3          17  0.973398821735054     
           3          18  0.975568823995550     
           4          19  0.971874054292794     
           4          20  0.976262440797797     
           5          21  0.962367952162316     
           6          22  0.953647377767888     
           7          23  0.957030203487942     
           7          24  0.964851465473700     
           9          25  0.886540064359153     
          10          26  0.966073346236844     
          10          27  0.967690523442315     
          11          28  0.975138285231455     
          11          29  0.974870215190576     
          13          30  0.975329687379783     
          13          31  0.974358660179067     
          15          32  0.887623485803422     
          16          33  0.962917279050346     
          16          34  0.982987738497188     
          16          35  0.968078733417504     
