$coord
          2.202430387141          2.798939655856         -0.186881735233     c 
          4.469593130680          1.553650163068          1.175409769508     c 
          5.668777872103         -0.686794763269         -0.246428860709     c 
          4.546513056339         -3.262031843940          0.453652018428     c 
          1.818827878220         -3.730374350003         -0.430819103592     c 
          0.013460443119         -1.647035534197          0.498894419812     c 
          0.189774627519          0.814710053661         -1.067806247560     c 
          0.722936514143          4.616037016199          1.630853758541     c 
         -2.087392870760          3.817788373769          1.620080920910     c 
         -2.454813158056          2.017730594264         -0.656017869125     c 
         -2.600596444360         -2.434521606255          0.499335674411     o 
         -4.234968994118         -0.330603770670         -0.257461730488     c 
          0.483848014573          0.338296979902         -3.063931647582     h 
         -3.048871718320          3.088507502932         -2.332288584726     h 
          0.435058039735         -1.233365812070          2.488419820053     h 
          0.892714851745         -6.315219603369          0.446642180742     c 
         -5.498531134335         -1.019401509258         -2.769464279313     c 
         -6.254195417226          0.097606757310          1.770752232447     c 
          3.141457570773          4.301679618264         -2.489414421350     c 
          5.880943598952          3.032815994382          1.513842793066     h 
          3.890524823020          0.933365901987          3.061790891969     h 
          5.516769847230         -0.397652652930         -2.290123791591     h 
          7.710534149574         -0.722513909439          0.134691197058     h 
          4.612146768567         -3.484054042513          2.511587456357     h 
          5.748515982731         -4.781320148014         -0.286937202469     h 
          1.779453490704         -3.687862642112         -2.511131049726     h 
          0.935490141636          6.569266472809          0.982681870542     h 
          1.527374830710          4.554400171298          3.536523806418     h 
         -2.535176199355          2.823926005231          3.375172518005     h 
         -3.365540830859          5.446314080637          1.524559391130     h 
          0.895134843867         -6.423689447292          2.503618895312     h 
         -1.040129376104         -6.658963661267         -0.182006328644     h 
          2.084228156947         -7.839196640477         -0.267062136409     h 
         -6.622174444140         -2.730450078125         -2.561839901236     h 
         -4.077023165342         -1.372405580710         -4.214557396126     h 
         -6.731685094314          0.494544594549         -3.422166942500     h 
         -5.406125282655          0.282300955432          3.634224348199     h 
         -7.359062032998          1.788558829212          1.372073802652     h 
         -7.537207560265         -1.509500621794          1.847771955290     h 
          4.487545394917          5.753530250508         -1.922445654590     h 
          4.069110557222          3.081005368392         -3.861994214934     h 
          1.570618382407          5.231905286503         -3.443116061137     h 
$end
