    0.00023739
   -0.03120348
   -0.05776284
   -0.05662609
   -0.03592482
    0.12143064
   -0.07506067
    0.00999683
   -0.47421909
    0.07784767
   -0.11264448
    0.01417838
   -0.11669777
    0.04168976
   -0.47588772
   -0.11745290
    0.03929296
    0.03807563
    0.05005633
    0.03451275
    0.02975702
    0.00792840
    0.05205836
    0.05873749
    0.30867587
    0.03177289
    0.04832902
    0.03598725
    0.03626213
    0.03017899
    0.02217502
    0.30633403
    0.04947333
    0.07112697
    0.03736473
