   -0.05977801
   -0.06465420
    0.13559752
    0.00159200
    0.00861431
   -0.05920327
   -0.05646406
   -0.05933954
   -0.02342058
    0.01184338
   -0.04667032
   -0.05798267
   -0.04180851
    0.11975306
   -0.05921791
   -0.06445760
    0.13426651
   -0.44109396
   -0.40822492
   -0.44939179
   -0.11821289
   -0.12603116
   -0.10310137
   -0.10543841
    0.02941745
    0.05039952
    0.03452457
    0.04922810
    0.03503175
    0.03229005
    0.03737410
    0.01521540
    0.02826267
    0.03343607
    0.03858846
    0.03024800
    0.02373333
    0.04765842
    0.05159383
    0.33593118
    0.29366168
    0.30230152
    0.04786313
    0.04402801
    0.03150936
    0.03150864
    0.06364289
    0.03706783
    0.03254339
    0.03290827
    0.03237743
    0.03528347
    0.03513677
    0.04005912
