$coord
-2.47309950317593 -2.84211065437944   3.69411109697061  c
-5.11335926253145 -2.45777665510820   2.62209711533721  c
-5.18437543621062 -1.25427728238643  -0.02267420886249  c
-3.18825536622008  0.94445915323378  -0.32808938782564  c
-0.54903749470266  0.56973608995421   1.01108205646758  c
-1.03164287499985 -0.34959392689223   3.73119554260490  c
-2.60226616742713  1.45684239335234  -3.12452440592929  c
-1.10084054274075  3.90167614358501  -3.42220222561573  c
 1.34529717804486  3.91807005629531  -1.87445061937591  c
 1.03566355853856  3.12284019753552   0.94176579423936  c
 1.51733292895094 -1.28274860975316  -0.01618690965387  c
 3.65028416899191  2.24120410948611   1.84913891390197  c
 3.88412481935425 -0.31758346053342   0.70423311564790  c
 6.17366206466761 -1.51805270786870   0.32949849234671  c
 6.18344416165823 -3.84318178767575  -0.88516697441853  c
 3.91136627346326 -4.83728747248775  -1.62401620359257  c
 1.57928916277758 -3.64842890391208  -1.19316317250431  c
-0.36278984776561 -5.05666080633374  -2.05898558881717  o
 8.42672767739580 -0.50373032932106   1.10360107280619  o
-4.80911039343115 -3.25093512761419  -1.79110410064704  o
-7.94195861945545 -0.43016831263725  -0.51081834941031  c
-4.56990185393314  3.26337939914974   0.76052128943809  c
 2.62719246061217  6.48741868976827  -2.22117653387192  c
 0.32430631523741  5.34178759535204   2.68292079699056  c
-2.64169129190213 -3.57222001757523   5.61769228031598  h
-1.43976179290745 -4.24182888121349   2.59499901528516  h
-6.18141122585089 -1.25806214719092   3.91529891617356  h
-6.08773546865561 -4.27092512060087   2.49317071143252  h
 0.75723269165854 -0.62535597778485   4.71264651711386  h
-2.13223932143903  1.03437750958127   4.79000806873504  h
-1.48588011151210 -0.09740342906063  -3.89960343527883  h
-4.34615296544626  1.62121614253529  -4.22412980987944  h
-0.59434425984027  4.12430521060557  -5.41272775215220  h
-2.27647802514919  5.52019021907892  -2.92736942231254  h
 2.58113692041016  2.48971049968666  -2.72355968216246  h
 3.71601638213080  2.16286339211562   3.91472020776771  h
 5.13037195018782  3.53559091883635   1.21984695633945  h
 7.94284223611651 -4.81095344842357  -1.21889319209975  h
 3.82189789359850 -6.64168557778607  -2.56791212716719  h
-2.01693923770574 -4.30802389432762  -1.69115078607964  h
 8.11683085343324  1.07816707219426   1.94967438335774  h
-5.10403789758878 -2.61841604940935  -3.47366778620841  h
-9.06910864287541 -2.15129320225002  -0.58776295960705  h
-8.71680226338497  0.75628762998559   0.96730653130717  h
-8.13242698537844  0.52925845530157  -2.32053907280935  h
-5.24729456959099  2.90142407957449   2.66238241479863  h
-3.38877456727496  4.90843579603768   0.80882223189107  h
-6.17468338793910  3.73368877960264  -0.42755420327633  h
 4.36440335133830  6.63431626572695  -1.13741915612339  h
 3.10112827690037  6.74926291095944  -4.20457383677376  h
 1.38965650631275  8.03028703337339  -1.66434180051875  h
 2.05531534648467  6.22298388592850   3.36486360107145  h
-0.73308682588359  6.83174282169622   1.74965864710562  h
-0.72747903658321  4.71315577638384   4.32736358034139  h
$end