           1           2   1.00931551246000     
           2           3  0.982830695172242     
           3           4  0.945323983776564     
           4           5  0.960205701472002     
           1           6   1.00666142473096     
           5           6  0.979193803058099     
           4           7  0.989370543819400     
           7           8   1.00496197642255     
           8           9  0.996881716448686     
           5          10  0.948323617213395     
           9          10  0.972174180485642     
           5          11  0.966522883552616     
          10          12  0.980848026732213     
          11          13   1.35513236094532     
          12          13   1.01139917113070     
          13          14   1.38664855366299     
          14          15   1.34100403491042     
          13          16  0.101771172646754     
          15          16   1.49256835459018     
          11          17   1.36870394957847     
          16          17   1.32343794401968     
          17          18   1.09739460674288     
          14          19   1.04717335842425     
           3          20  0.953725049641872     
           3          21  0.990311441715626     
           4          22  0.995673929975979     
           9          23   1.00779123216641     
          10          24  0.999727484212204     
           1          25  0.975517676170323     
           1          26  0.970543674099503     
           2          27  0.973337832394109     
           2          28  0.972799088027325     
           6          29  0.972512821517444     
           6          30  0.965303299759229     
           7          31  0.972363952870993     
           7          32  0.971452866032454     
           8          33  0.975397747121849     
           8          34  0.972653274278670     
           9          35  0.962699551587668     
          12          36  0.957814122580495     
          12          37  0.958675495626012     
          15          38  0.967621437574297     
          16          39  0.967212674529562     
          18          40  0.780146778281983     
          19          41  0.887817588965641     
          20          42  0.883897624042017     
          21          43  0.982612794387195     
          21          44  0.982789576356406     
          21          45  0.980717961132268     
          22          46  0.980690724063433     
          22          47  0.961375536551705     
          22          48  0.979715687232381     
          23          49  0.980973991722349     
          23          50  0.985902316116372     
          23          51  0.983763360584239     
          24          52  0.980988642753888     
          24          53  0.970229270085315     
          24          54  0.979385636098893     
