   -0.00936300
   -0.02748891
   -0.05952886
   -0.05571551
   -0.02840243
    0.11754410
   -0.07197447
    0.00982461
   -0.46976310
    0.08048479
   -0.11213211
    0.01071392
   -0.11170090
    0.04731329
   -0.47646751
   -0.11656845
    0.03901060
    0.03656611
    0.05066762
    0.03624764
    0.04101681
    0.00453128
    0.05293983
    0.04487741
    0.30775439
    0.01836397
    0.04579811
    0.03735657
    0.03822573
    0.02469980
    0.04541894
    0.31077442
    0.05869677
    0.04332539
    0.03695317
