           1           2  0.961889060823441     
           2           3  0.985571539307166     
           3           4   1.00947100054184     
           4           5  0.978427276467552     
           1           6  0.958436038092818     
           5           6  0.974731194658524     
           1           7  0.980049982082781     
           5           8  0.996189229332772     
           7           8   1.00327354637475     
           6           9  0.990061251766612     
           1          10  0.979530649445292     
           8          11   1.93769919279226     
           2          12  0.994467327383421     
          12          13   1.93175580967486     
           2          14  0.961431898133814     
          10          15  0.993015936595229     
          12          16   1.02370197256554     
           3          17  0.976292620809866     
           3          18  0.977171008434379     
           4          19  0.968685048421264     
           4          20  0.976059772679360     
           5          21  0.964367838167846     
           6          22  0.956999107608472     
           7          23  0.964814549479504     
           7          24  0.959067131247372     
           9          25  0.884678442251638     
          10          26  0.966968986700722     
          10          27  0.967519773001770     
          11          28  0.974636669881273     
          11          29  0.974539896804484     
          13          30  0.974741627042735     
          13          31  0.968354038550671     
          15          32  0.885595882449533     
          16          33  0.969301983647670     
          16          34  0.968047488959219     
          16          35  0.984702160112663     
