   -0.00019407
   -0.03062483
   -0.06350868
   -0.05532223
   -0.03845970
    0.11275849
   -0.07228851
    0.00970332
   -0.49170944
    0.08595315
   -0.11299473
    0.01605726
   -0.12075115
    0.05744128
   -0.47288615
   -0.11910332
    0.03983084
    0.04052441
    0.03884525
    0.03683446
    0.03743285
    0.02563026
    0.05837268
    0.05017714
    0.32162282
    0.01968547
    0.03109589
    0.03584653
    0.03587719
    0.03183738
    0.03588596
    0.30685508
    0.06063684
    0.04759023
    0.04134803
