           1           2  0.957114969439921     
           2           3  0.989049115286427     
           3           4   1.00862562359264     
           4           5  0.980791085889308     
           1           6  0.957358942291307     
           5           6  0.962452396081501     
           1           7  0.982256125313879     
           5           8  0.995634893969412     
           7           8   1.00532715832395     
           6           9   1.00256406250666     
           1          10  0.987253934043684     
           8          11   1.93599342758402     
           2          12  0.999189910674602     
          12          13   1.91149634798800     
           2          14  0.955258899024736     
          10          15  0.985497898217533     
          12          16   1.02168783100567     
           3          17  0.975234221676693     
           3          18  0.976202686228652     
           4          19  0.967049988051604     
           4          20  0.975732391949885     
           5          21  0.965166680687746     
           6          22  0.960759190159271     
           7          23  0.963747151615371     
           7          24  0.958485723308801     
           9          25  0.849359129379394     
          10          26  0.969009431824774     
          10          27  0.966119504357509     
          11          28  0.974775654609758     
          11          29  0.974750088929379     
          13          30  0.974771570898563     
          13          31  0.963266201489521     
          15          32  0.892096108505309     
          16          33  0.974136143671969     
          16          34  0.964976522156803     
          16          35  0.980609754030764     
