$coord
-0.37482753811122  0.71493276519031   4.72165147651860  c
 2.46175355539333  1.21250342335722   4.59257672495566  c
-4.11759111308141 -6.51208597331110   0.00915420562776  c
-6.27067946935705 -5.54478420581452   1.13551762979211  c
-6.32433348265829 -3.04251010254489   1.85825394078284  c
-4.27199110490372 -1.45615768623969   1.40010646105098  c
-2.14902727814025 -2.37875522002589   0.10460753956111  c
-2.09820479493855 -4.93274947383894  -0.49926571056507  c
-4.33738596980386  1.01747038788442   2.26179083389589  n
-1.89049754756704  2.14788157668566   2.69293707167724  c
-0.54029394167977  2.12481244718830   0.11122054278468  c
-0.01485878575543 -0.63190908689477  -0.69240468866014  c
 2.07141447665925  3.30509695227726   0.43170050352463  c
 3.45906877165482  1.19389777632353   1.86830180337554  c
 2.59873639901999 -1.23469078207801   0.49372184011705  c
 6.26887180194297  1.50703768949212   1.87285590897837  c
 7.61241925308854  0.82012852471578  -0.11701621016823  c
 6.30410314472207 -0.27754740668829  -2.35050973571813  c
 4.36576694596303 -2.19739300305043  -1.55603217976348  n
 2.69071925810489 -2.66400342999487  -3.79977371560304  c
 0.46996460748021 -0.87521282561206  -3.56324018453597  c
 5.51553411097313 -4.27803408414682  -0.81942178112883  o
 2.53001165659589 -2.82550127963166   1.80682509700187  h
-2.26009847038903  3.56052621335384  -1.68587171860721  c
-3.50000608067569  2.68126793329507  -3.36934664031079  o
-2.25669077866754  6.02821380924756  -1.11229328423793  o
-3.88439144704939  7.57439218390595  -2.58724716426572  c
-1.08860972956608  1.23827521534866   6.58694187375671  h
-0.72214882405113 -1.30308272880258   4.47507721770879  h
 2.89113547626690  3.05665996415839   5.41688622261470  h
 3.45173723125253 -0.21952257950209   5.69980016388297  h
-4.00796245234118 -8.48771950404521  -0.48316596093826  h
-7.87846220403451 -6.74667622832761   1.50089166178264  h
-7.95902263755360 -2.27729175444690   2.81588161083762  h
-0.43209675622746 -5.73748697748318  -1.34523121828828  h
-5.64571997841209  1.33106559333533   3.61626362287428  h
-2.16736665010170  4.11747653841950   3.26646394770377  h
 2.00333915298008  5.06036787092466   1.50223573534753  h
 2.94611543328955  3.70366454428101  -1.38849972614978  h
 7.13231654878211  2.28363217696009   3.54797278462324  h
 9.64283999161509  0.97181424866896  -0.17290319018870  h
 5.39401609639616  1.19817809670454  -3.47482906902182  h
 7.63382022514791 -1.32411760610938  -3.52817361132412  h
 3.77071878298315 -2.41790751000029  -5.53538538194283  h
 2.14396606868906 -4.64389832035395  -3.67633232284674  h
-1.19600866446738 -1.57389738032273  -4.54476474365744  h
 0.94265686038977  0.96277740674988  -4.36920816785105  h
-5.83081587336944  6.90994775865411  -2.43132409664999  h
-3.70239907274048  9.47864603664490  -1.83970675979677  h
-3.32325469585778  7.51753951830852  -4.57176072290967  h
$end