   -0.05617123
   -0.07069754
    0.13421493
    0.00205554
    0.00864892
   -0.06510169
   -0.05746536
   -0.05810407
   -0.02316364
    0.01312858
   -0.04607407
   -0.05994778
   -0.04292534
    0.12026147
   -0.05950078
   -0.06339341
    0.13375625
   -0.43503127
   -0.40755255
   -0.45719723
   -0.11523153
   -0.12209908
   -0.10377576
   -0.10395867
    0.02639446
    0.03266953
    0.03949761
    0.06358663
    0.03890128
    0.03499846
    0.04409945
    0.01581300
    0.02900546
    0.03005028
    0.03882852
    0.03125502
    0.02466507
    0.04814396
    0.05264566
    0.33533789
    0.29424752
    0.29777333
    0.03026413
    0.04662054
    0.04576368
    0.05807341
    0.03312638
    0.03618395
    0.03320626
    0.03248760
    0.03308790
    0.03760146
    0.03592786
    0.03506900
