$coord
-3.21584357033324 -1.82906844811878   4.35824306621212  c
-3.96426531812272 -3.30232871836533   2.01539460353874  c
-4.95072688180017 -1.51819772979794  -0.05075427504899  c
-3.20764453395655  0.91735097149285  -0.28796401116190  c
-0.57103911167566  0.62975047579632   1.01637308401666  c
-0.92395541898138 -0.14067985752021   3.83313370549688  c
-2.72136190138779  1.56985752211097  -3.08162473783652  c
-1.13004196390633  3.95554214617403  -3.39688930315817  c
 1.38809684995689  3.80782654273557  -1.98494363593264  c
 1.04603127239580  3.15370647554345   0.85511422804295  c
 1.45323037272587 -1.23753423937295  -0.03914102701773  c
 3.59826069907501  2.23691205598455   1.90725663718991  c
 3.80848774335598 -0.36534148259185   0.83779617916402  c
 6.06085111533664 -1.65599946866661   0.57923575641497  c
 6.04191834801789 -3.95426584971534  -0.69247157079203  c
 3.80528710401277 -4.77652395820245  -1.70207287811887  c
 1.50714120604365 -3.47216201955041  -1.44192806552253  c
-0.37349775597811 -4.62063865997587  -2.73929546638010  o
 8.30343280474361 -0.75542722558642   1.50737606668673  o
-4.97597849757380 -2.95851940717136  -2.33598541995958  o
-7.75708784851629 -0.97804621242988   0.48807668771864  c
-4.67024885854577  3.13238545949721   0.89560332539632  c
 2.87554174502977  6.24022504563084  -2.46612604773304  c
 0.30622820547171  5.50708724589680   2.38424265210242  c
-4.82104211946297 -0.70998654160543   5.00954754125485  h
-2.75240256918073 -3.14726726476246   5.87479540580345  h
-5.43360618356842 -4.67808913778747   2.46056579959560  h
-2.33367396063114 -4.35397516133175   1.33877733926414  h
 0.76545524529891 -1.15633557145300   4.43144499671657  h
-1.07196603965954  1.53615680099068   5.01707283886727  h
-1.72275194739727  0.01843335314393  -4.00201073288597  h
-4.51986517252262  1.85606136639263  -4.06360042050448  h
-0.73193279810672  4.20359792324312  -5.40862746049895  h
-2.19001847440234  5.61915522200052  -2.79847472026435  h
 2.46394261753857  2.25219895352452  -2.82496493510609  h
 3.56618153361264  2.24115552954071   3.97393461584913  h
 5.14807871516384  3.45604452067097   1.29558282910929  h
 7.76986195077107 -5.00839322831831  -0.90896869706651  h
 3.72389945592137 -6.50712890194236  -2.77572676578469  h
-2.03438073634533 -3.84719445178370  -2.52457650587132  h
 8.00895197193772  0.82958730222750   2.35367163284118  h
-5.88395225931546 -2.04447439512787  -3.62140244564512  h
-8.58788191491867  0.21805449908529  -0.96475227467490  h
-8.74019065946561 -2.78604571318056   0.43883203380203  h
-8.07866365331057 -0.12915970684653   2.32303487378749  h
-3.65168592266732  4.87966752428855   0.69913526384022  h
-6.46318800212440  3.39654661058498  -0.06592600455305  h
-5.03182948454767  2.83093550760297   2.88858504217264  h
 1.81925560906355  7.90468714195734  -1.88827849225565  h
 4.67643062305497  6.24362261087694  -1.48088848083198  h
 3.26471931777379  6.40930809341877  -4.47787200548532  h
-0.75400251646290  5.05217240726418   4.08052880539970  h
 2.02859459979549  6.46465256519396   2.97882069752057  h
-0.77029755643464  6.87234780555936   1.29549567909778  h
$end