           1           2   1.00991597490940     
           2           3  0.984190550156816     
           3           4  0.937494268525231     
           4           5  0.968035751601784     
           1           6   1.00260406345391     
           5           6  0.973148168250134     
           4           7  0.988383688732802     
           7           8   1.00503380971011     
           8           9  0.997437245829011     
           5          10  0.946617327372510     
           9          10  0.973350509975016     
           5          11  0.968763210834348     
          10          12  0.979794549927468     
          11          13   1.34466722735878     
          12          13   1.01021889254686     
          13          14   1.39530312655605     
          11          15  0.100831154907071     
          14          15   1.33471449343333     
          13          16  0.102718038623783     
          15          16   1.49747117051467     
          11          17   1.37716828556725     
          16          17   1.31937440671795     
          17          18   1.09146723361670     
          14          19   1.04765805654036     
           3          20  0.955151962985757     
           3          21  0.995753170020583     
           4          22  0.998442853081104     
           9          23   1.00743568005004     
          10          24   1.00182657027713     
           1          25  0.973427123898061     
           1          26  0.977795053152022     
           2          27  0.973587343115369     
           2          28  0.964129110344175     
           6          29  0.976267132171055     
           6          30  0.965245000545758     
           7          31  0.970851533011172     
           7          32  0.972814272180966     
           8          33  0.974940780374295     
           8          34  0.970666855593070     
           9          35  0.961773864256868     
          12          36  0.960602477699262     
          12          37  0.959587518436920     
          15          38  0.967643375922403     
          16          39  0.967005766682043     
          18          40  0.793429823556141     
          19          41  0.888560178378148     
          20          42  0.883003676973426     
          21          43  0.980241164703773     
          21          44  0.981598967377653     
          21          45  0.980384489183451     
          22          46  0.964352125438425     
          22          47  0.979680224840795     
          22          48  0.979910415398106     
          23          49  0.984210671860529     
          23          50  0.980978525229371     
          23          51  0.985800589053059     
          24          52  0.973819788860813     
          24          53  0.981203313336770     
          24          54  0.972181468674775     
