    0.00126109
   -0.03360596
   -0.06057272
   -0.05889517
   -0.03560022
    0.11893812
   -0.07273085
    0.01799148
   -0.48244347
    0.08185275
   -0.11343891
    0.01276048
   -0.11610629
    0.04549944
   -0.48867209
   -0.11346851
    0.04076940
    0.04248090
    0.03991723
    0.04065847
    0.03411355
    0.02174234
    0.05682469
    0.04838933
    0.30482477
    0.01886150
    0.05486454
    0.03352639
    0.03425074
    0.03309438
    0.03015480
    0.30950170
    0.05548095
    0.05303181
    0.04474333
