$coord
 0.29228451084762 -1.17330444437780   0.71279791064684  c
-1.74667778793485  0.88880476695811   1.41636894339031  c
-0.69637917319846  3.62564124582278   1.01621314299614  c
 1.01440276803064  3.96350833963292  -1.32543259700371  c
 2.89360303448882  1.73247105794838  -1.60598996736063  c
 1.36800706599371 -0.72683485417499  -1.98321213235422  c
 2.69607863473338 -0.67968933776622   2.37453157050390  c
 4.26765117011353  1.22698765268551   0.87633812360452  c
 2.97404952926585 -2.82436377928928  -2.59976059417094  o
-0.70328297579011 -3.87939002507681   1.16099619263300  c
 6.45154088984319  2.26905629530195   1.60569153708603  c
-4.40248763598354  0.56728934626781   0.29913749715289  c
-6.31852834800657 -0.12019532734064   1.82856922938567  c
-2.01123841213816  0.66519699565022   3.47180716105293  h
-2.58601326091617 -4.70992087680600  -0.59686245308367  o
-4.92087916439168  1.14031484377545  -2.46388007208088  c
-2.27644905769844  4.97992200928644   0.94938904852669  h
 0.40877168148026  4.13286019974139   2.70560996091663  h
-0.11704816059306  4.10632926595673  -3.06980047693387  h
 2.06793509591644  5.75149437486469  -1.15209675641314  h
 4.19818472814705  2.11085092521843  -3.18713621359036  h
-0.10750225022938 -0.50751529338439  -3.43471528043470  h
 3.77191404972508 -2.44549341679357   2.62585188464497  h
 2.21677796167675  0.00751120797503   4.27989639570088  h
 3.90155475107163 -2.38744029383702  -4.13958009438891  h
-1.39369325563921 -4.02408362415548   3.13289141215128  h
 0.87476901440467 -5.21554252395444   0.96583253861099  h
 7.31006220244798  1.83661670330220   3.43392346398155  h
 7.47342335246944  3.59601621525494   0.39708838550317  h
-8.25381633355694 -0.29901296012387   1.13111093961379  h
-6.02553211230384 -0.51319650773341   3.83435824988920  h
-4.15250513532769 -3.81248646793065  -0.18756143376905  h
-4.23147021497457  3.02902065874665  -2.99799122978156  h
-3.98867412779216 -0.22825593244066  -3.72194510557884  h
-6.95982257225926  1.07334838937336  -2.86017013601634  h
$end
