           1           2  0.960221476300388     
           2           3  0.981999420075716     
           3           4   1.00906258250121     
           4           5  0.979406370005561     
           1           6  0.969372063373370     
           5           6  0.972841776602829     
           1           7  0.979382574600255     
           5           8  0.994456067733309     
           7           8   1.00796894813821     
           6           9  0.977198416656449     
           1          10  0.976939761645952     
           8          11   1.93590906315090     
           2          12  0.998795913142574     
          12          13   1.90256097442943     
           2          14  0.960747840862444     
          10          15  0.997657956592412     
          12          16   1.02678828999834     
           3          17  0.975172348068382     
           3          18  0.976096182024420     
           4          19  0.970650257348241     
           4          20  0.975706499831047     
           5          21  0.962588983390684     
           6          22  0.954630484810346     
           7          23  0.956529492308786     
           7          24  0.965688199445207     
           9          25  0.890314669256453     
          10          26  0.968685188779892     
          10          27  0.968881662745572     
          11          28  0.975158917482921     
          11          29  0.974940020097488     
          13          30  0.975327128289783     
          13          31  0.975187447512016     
          15          32  0.863088431650366     
          16          33  0.966647982507923     
          16          34  0.960378580408574     
          16          35  0.982690692894152     
