    0.00155953
   -0.03373760
   -0.06353278
   -0.05779977
   -0.03405761
    0.11527546
   -0.07330051
    0.01670537
   -0.48868189
    0.08227332
   -0.11350780
    0.01864503
   -0.11208405
    0.04607334
   -0.47531636
   -0.11501092
    0.04225698
    0.04183753
    0.03681206
    0.04157035
    0.03335643
    0.02217442
    0.05404311
    0.05236455
    0.30510985
    0.04620038
    0.03097309
    0.03471037
    0.03437815
    0.02766969
    0.02829666
    0.30970419
    0.04114903
    0.06088691
    0.04300348
