           1           2  0.958857662662203     
           2           3  0.985846224500198     
           3           4   1.00844152331993     
           4           5  0.978015483612209     
           1           6  0.968828379283827     
           5           6  0.975546812907298     
           1           7  0.980629695633539     
           5           8  0.995189495700854     
           7           8   1.00846984715926     
           6           9  0.972583989370278     
           1          10  0.977366229741567     
           8          11   1.93545615193646     
           2          12  0.997558027444227     
          12          13   1.92675631262321     
           2          14  0.962011630277731     
          10          15  0.994661778778385     
          12          16   1.02534809496935     
           3          17  0.976124901872307     
           3          18  0.977210831156788     
           4          19  0.968991173869761     
           4          20  0.975735047915218     
           5          21  0.961968150476954     
           6          22  0.955270669815583     
           7          23  0.956840264434696     
           7          24  0.963953993182220     
           9          25  0.888763013823935     
          10          26  0.969663412561880     
          10          27  0.967278661875143     
          11          28  0.975136374643016     
          11          29  0.974893627473357     
          13          30  0.974604182553076     
          13          31  0.967048408761811     
          15          32  0.887033210556162     
          16          33  0.984190869461628     
          16          34  0.964284483951426     
          16          35  0.973113154136328     
