    0.01113254
   -0.03534825
   -0.06166823
   -0.06026133
   -0.03413663
    0.11302511
   -0.06796838
    0.01626337
   -0.49005885
    0.08466348
   -0.11372614
    0.01026181
   -0.11109447
    0.05641723
   -0.47517474
   -0.11020432
    0.04067872
    0.04123982
    0.04248577
    0.04051326
    0.03368715
    0.01726589
    0.05784305
    0.05417068
    0.30871075
    0.03530220
    0.02191587
    0.03322260
    0.03292100
    0.02855418
    0.03417355
    0.30576635
    0.05300178
    0.04300979
    0.04341537
