$coord
 0.19093978636365 -1.27338778671759   0.13655702120380  c
-1.83763259199943  0.55430379428760   1.35304720467735  c
-0.72227872191944  3.25776802438865   1.72774857737252  c
 0.92233031031671  4.21412380843441  -0.48880045010235  c
 2.74690298941771  2.12537127749933  -1.43966903130889  c
 1.18021426066761 -0.14681493255602  -2.38848216931125  c
 2.64591726090601 -1.22245819229391   1.79567228604869  c
 4.20824840178067  0.97418790623484   0.75959746626197  c
 2.73801746497469 -2.00375770149802  -3.61189050071705  o
-0.84667744944985 -3.96352860444522  -0.17097459203953  c
 6.45391307871622  1.75986180254611   1.61324376248102  c
-4.45149380029646  0.56636363870477   0.08963306258513  c
-6.30945456802277 -0.88232880507543   1.04093297383957  c
-2.16058944144421 -0.21860871714379   3.25615122864471  h
-1.49332199429695 -4.92046675151377   2.28804527231086  o
-5.01267893460666  2.30109620519010  -2.12911795623757  c
-2.25890334818668  4.60813086660223   2.11520879598948  h
 0.44982367182842  3.24037894160052   3.44799300393763  h
-0.25786861013211  4.85090196657890  -2.08298040330381  h
 2.02520027757977  5.86754392702595   0.13285852353650  h
 3.99109347996420  2.90337100467275  -2.92058607220239  h
-0.35215945156180  0.43788042042120  -3.67344008211481  h
 3.69204604784133 -3.00938609778471   1.58073665399337  h
 2.22846285108059 -1.01336834031219   3.82255030173654  h
 3.64547854466771 -1.15676282583955  -4.98349168121545  h
 0.61097734020037 -5.15748722238642  -1.06288575080529  h
-2.51383858940259 -3.94639843495967  -1.43020567027518  h
 7.38229952908936  0.86681102639875   3.22822025801898  h
 7.45493536538517  3.33508188863076   0.72785557102048  h
-8.20604762258089 -0.88427252653643   0.22268266863245  h
-5.99698651826393 -2.12898651480378   2.65436328385723  h
-2.12323035536675 -6.64420362370952   2.07142441043979  h
-4.65104662010979  4.29600867034118  -1.65089851537803  h
-3.85029923661510  1.87065793665579  -3.79966585338680  h
-7.00583361557028  2.14332754416548  -2.69654850214570  h
$end
