           1           2  0.956187208971034     
           2           3  0.989203504666615     
           3           4   1.00864950165483     
           4           5  0.978509769213479     
           1           6  0.968409932136295     
           5           6  0.975471082464965     
           1           7  0.980720406079768     
           5           8  0.994060228488174     
           7           8   1.00935874353177     
           6           9  0.974589220936187     
           1          10  0.987577038544252     
           8          11   1.93462602261389     
           2          12  0.997424944181164     
          12          13   1.92672972146994     
           2          14  0.958505256966220     
          10          15  0.986221753969527     
          12          16   1.02613007658950     
           3          17  0.973940798740971     
           3          18  0.975794440437257     
           4          19  0.972077531551423     
           4          20  0.976262456341168     
           5          21  0.962114367213964     
           6          22  0.952743495282242     
           7          23  0.956562607171584     
           7          24  0.964070157114729     
           9          25  0.886297639369044     
          10          26  0.967773056439480     
          10          27  0.967616091164364     
          11          28  0.975230907175155     
          11          29  0.975002435252213     
          13          30  0.975512062786897     
          13          31  0.974931326469340     
          15          32  0.893370021854787     
          16          33  0.967985626554509     
          16          34  0.962268636874155     
          16          35  0.983013996782450     
