$coord
 0.20575887915837 -1.34645998486205  -0.46111858533902  c
 1.18527085200602  1.18338596309409  -1.73050837437536  c
-0.87969626897554  3.29043372782830  -1.60658180695694  c
-2.38867046276814  3.37285429989050   0.89009593077390  c
-3.24510080420079  0.68949086688471   1.69696327692153  c
-0.90294923946357 -0.98259492958404   2.22765455140931  c
-2.26633096882505 -2.15613759566010  -1.86522314551333  c
-4.40279489202571 -0.73516780393329  -0.52406497066867  c
 0.89322190317962 -0.03118897976786   3.99420719078012  o
 2.27254139610362 -3.40499244796783  -0.58750119633186  c
-6.84711809142270 -0.75795412279762  -1.16630470858079  c
 3.83270112447437  2.13684817865656  -1.00162041273092  c
 5.82042163515539  1.49683081412605  -2.45154710051477  c
 1.36626283318271  0.67064030367799  -3.74324464895921  h
 1.44807946110116 -5.85149568024658   0.24887291390853  o
 4.20139265437740  3.92887645428763   1.20542774309682  c
-0.01898381888563  5.14662809712024  -1.98788331848822  h
-2.22094306514594  2.97008649507112  -3.16604028660228  h
-1.25428577975852  4.20732966001839   2.42270984535350  h
-4.06168363964892  4.58913924558228   0.64257763104037  h
-4.53662539117416  0.80416066491687   3.32730195859698  h
-1.58966363322966 -2.85016823550691   2.88764365629504  h
-2.19169892105545 -1.74806993000863  -3.90518480139023  h
-2.53213323510699 -4.21161092882377  -1.66376945744093  h
 0.05016295240557  0.12850213720471   5.63368646085057  h
 3.95152257157259 -2.78673032172820   0.47895925133219  h
 2.86190056362406 -3.65965987771416  -2.56876840228217  h
-7.53228209214348 -1.81444722357291  -2.80387557712057  h
-8.26174080677997  0.28395470584338  -0.08084746680643  h
 7.72861623642244  2.16625976053543  -2.03435924750285  h
 5.62267842880483  0.26727558572246  -4.09884160199597  h
 1.39977131972190 -5.84195165666572   2.09556835396076  h
 3.09821997370484  5.67778306194074   0.94607139267840  h
 3.57118109375009  3.07196425588693   2.98352026820826  h
 6.19987508291331  4.47198399969938   1.38516962142776  h
$end
