$coord
 0.04032130531747 -1.43597223305833  -0.03363295218403  c
 1.22540777960560  0.92373241261440  -1.41767470690221  c
-0.75575592441782  3.10692874425584  -1.65027906879405  c
-2.51135791558726  3.46498789884394   0.65555677087289  c
-3.49776310805078  0.89324440204885   1.66106976130244  c
-1.24379921015399 -0.73921888592072   2.53549880970121  c
-2.36209983922107 -2.30861907492104  -1.52926676997239  c
-4.53720597782284 -0.70825479652361  -0.49013423038118  c
 0.20436287040798  0.54752157354779   4.39989676351986  o
 1.93052092520092 -3.62754387166956   0.29390040668017  c
-6.92489261980062 -0.72710628675912  -1.31665712312034  c
 3.83760849777395  1.79781326792001  -0.48298901438208  c
 4.23765754728702  3.39680899728922   1.44738606855961  c
 1.56534484369852  0.26020888377831  -3.36395861086143  h
 2.93140719552009 -4.59866751615343  -2.02996309362383  o
 6.05019013596716  0.89152366496647  -2.07408963849345  c
 0.23260459876472  4.88700073288757  -2.07456282918382  h
-1.94958177197901  2.70667919866448  -3.30955084966993  h
-1.53860030115425  4.46292310060388   2.19825936541987  h
-4.13295806919744  4.64854727743514   0.09885769655937  h
-4.89543333888481  1.20135773367674   3.17160227671544  h
-1.98893805065317 -2.52614959376395   3.34916348413054  h
-2.14260017198616 -2.10584434241492  -3.58886891204592  h
-2.74414961428741 -4.32804407771172  -1.15825721937681  h
 1.90333295582406 -0.17605236774389   4.46086043549132  h
 1.00029849811102 -5.15199910577884   1.38803935524664  h
 3.58989130829720 -3.00911831142069   1.38767054849295  h
-7.52110777516775 -1.91136343161645  -2.90038016327601  h
-8.37960954787893  0.44979207821622  -0.44348794390984  h
 6.14957189160249  4.01840628062421   1.92235778470224  h
 2.71859876159026  4.15354088691824   2.60842688959780  h
 1.53021559640315 -5.30687430336026  -3.00803730935827  h
 6.05910258664736 -1.17761800941614  -2.27338616393452  h
 5.90676059248107  1.66464132439489  -4.00831754383725  h
 7.87277767589008  1.49506142224709  -1.27758955270875  h
$end
