$coord
 2.35472511244831  2.66454858480159   3.90511092755407  c
 5.03916642200778  2.25040832766065   2.98043415778073  c
 5.04057908904054  1.42825824687928   0.19518696840558  c
 3.23822205538744 -0.91857245512247  -0.25448763889415  c
 0.55676507899304 -0.66348071897402   0.96553454570179  c
 0.87790125638972  0.20363804322481   3.73588913134969  c
 2.77259356056237 -1.48068751110415  -3.06492522409743  c
 1.23137069994942 -3.90300297585565  -3.40699564918397  c
-1.30709583831897 -3.86854294709343  -2.00997085220907  c
-1.05694072084444 -3.17703470822447   0.83105516456990  c
-1.45329381895772  1.16734623665648  -0.14330587706902  c
-3.64532646154136 -2.25022876115989   1.80443512975744  c
-3.78440757202005  0.38712255680971   0.83932326930265  c
-5.98743235312122  1.78856865113609   0.70742242249251  c
-5.91081251371304  4.09949216133730  -0.52557517121318  c
-3.72743160311575  4.75814807257486  -1.78185551907301  c
-1.53473697680920  3.28810160285809  -1.71523420585477  c
 0.32161048240252  3.89838200059312  -3.40275541272867  o
-8.14264989311317  0.83414639047120   1.77353233487083  o
 4.33391110833416  3.63522264926035  -1.11521455535246  o
 7.80056669517877  0.87806190862169  -0.58580008841937  c
 4.70994723685159 -3.16724437108308   0.86449814254243  c
-2.67849066630328 -6.36976767410724  -2.47860850685413  c
-0.35637786718220 -5.47058547917192   2.46111006112878  c
 2.37819671411512  3.33198991613332   5.85869231249523  h
 1.45456161013707  4.10489330530640   2.73841582249028  h
 5.99008900664229  0.85798734666814   4.16317022479233  h
 6.10242093836841  4.01372579274683   3.08922441072286  h
-0.96051977608116  0.47570927663585   4.61710133738855  h
 1.88802657229895 -1.24035402085619   4.80407646690089  h
 1.73953495830728  0.07787495600543  -3.92177769857551  h
 4.56125495284266 -1.69845571290199  -4.07438947506859  h
 0.84621704784496 -4.14751753485598  -5.42280376145965  h
 2.33867407618157 -5.53803890173107  -2.81651475393835  h
-2.44542660966364 -2.37047571041803  -2.87365570405923  h
-3.75369549963239 -2.34841410125459   3.86116119307750  h
-5.21801709299599 -3.35957046175342   1.06734049466129  h
-7.56064812869467  5.30181556127064  -0.61192892129653  h
-3.70802097413762  6.46461393956990  -2.91087703068262  h
 0.00554525070398  5.56577764690760  -4.06490774362054  h
-9.50617748283389  2.01445535050596   1.51702931137868  h
 4.22699004850930  3.24458240978694  -2.88750992557931  h
 7.90792888889090  0.05526165093726  -2.46589319870342  h
 8.78536086845805  2.68434243096276  -0.62971484085282  h
 8.77622063244170 -0.33773372963987   0.74466170793915  h
 5.31318457108190 -2.80633934087931   2.78966718224869  h
 3.61457862533088 -4.87663387229517   0.86096398770301  h
 6.37647871688911 -3.52626386373934  -0.27810245553408  h
-1.54320916837301 -7.97621292053741  -1.88678156819311  h
-4.47245544324075 -6.44181403103884  -1.48251866044404  h
-3.06170810048425 -6.57705053869076  -4.48839333291163  h
 0.57942968540119 -4.91220060517879   4.19890762111001  h
-2.09020445324840 -6.45101907993698   2.97947654681454  h
 0.81676852873684 -6.84472284003696   1.48920540796198  h
$end