! r2scan-3c
! DEFGRID2
! scfconv6
! miniprint nopop noautostart
%MaxCore 2500
%pal
    nprocs 12
end
*xyz 0 1
C    1.2460668669   1.4100183878   2.0664957080
C    2.6666120313   1.1908648017   1.5771778342
C    2.6673595825   0.7558017152   0.1032884955
C    1.7135933148  -0.4860876096  -0.1346690589
C    0.2946273915  -0.3510988762   0.5109388777
C    0.4645653381   0.1077606117   1.9769473899
C    1.4671933267  -0.7835460870  -1.6218885810
C    0.6516133123  -2.0653802280  -1.8029044544
C   -0.6916853298  -2.0471447661  -1.0636307691
C   -0.5593089425  -1.6812143651   0.4397754539
C   -0.7690499694   0.6177330254  -0.0758342043
C   -1.9290236889  -1.1907697792   0.9548659488
C   -2.0026222430   0.2048564348   0.4441507465
C   -3.1684127517   0.9464697699   0.3743518243
C   -3.1278672788   2.1693578271  -0.2781224031
C   -1.9724718587   2.5179035250  -0.9429173334
C   -0.8121478325   1.7399884346  -0.9076628527
O    0.1701889380   2.0629349132  -1.8006606179
O   -4.3089047579   0.4414112602   0.9385128940
O    2.2934069916   1.9236769817  -0.5901461277
C    4.1278821254   0.4646503516  -0.3099920568
C    2.4923967412  -1.6760335418   0.4574727157
C   -1.4173962196  -3.3707358904  -1.3116231360
C   -0.1885870457  -2.8949091646   1.3023633573
H    1.2584875036   1.7632131298   3.1002864561
H    0.7697208556   2.1722159894   1.4491072466
H    3.1698185922   0.4540273509   2.2030548071
H    3.2292620905   2.1239722194   1.6347471568
H   -0.5082851759   0.2517345081   2.4432648071
H    0.9991006352  -0.6563670810   2.5422077846
H    0.9205222571   0.0412096520  -2.0753153834
H    2.4137121731  -0.8987840566  -2.1560740576
H    0.4477987770  -2.1947717603  -2.8696241685
H    1.2375730243  -2.9306039786  -1.4904354213
H   -1.2940640322  -1.2544017244  -1.5206731099
H   -1.9863701142  -1.2427272236   2.0432385101
H   -2.7612557305  -1.7778081260   0.5648122658
H   -4.0009226876   2.8055999702  -0.3238188397
H   -1.9622001962   3.4209263726  -1.5403697877
H    0.0029344203   2.9452826904  -2.1510565414
H   -5.0304524845   1.0660038634   0.8027773395
H    2.2368268034   1.7169590694  -1.5280044482
H    4.1846957516   0.0292432063  -1.3048944847
H    4.6490127591   1.4204928401  -0.3332307430
H    4.6441759545  -0.1787209930   0.3940580055
H    2.8116161911  -1.4850508246   1.4762282982
H    1.9127526347  -2.5806035100   0.4556025215
H    3.3742872213  -1.8660184755  -0.1471654817
H   -0.8166311232  -4.2208301050  -0.9984418074
H   -2.3667214963  -3.4088611806  -0.7845150895
H   -1.6201861525  -3.4804252585  -2.3751554643
H    0.3066209847  -2.5994246145   2.2219662228
H   -1.1060885623  -3.4137322827   1.5766710883
H    0.4322152918  -3.6220713403   0.7880535639
*
