$coord
-0.69785554174950  0.18509932491761  -4.84089258464368  c
 2.17889914066631  0.42455621011619  -4.97820834530882  c
-5.06728626490647  5.62466012828434   1.33956424995170  c
-7.12802979035121  4.55638466507063   0.09476214257341  c
-6.86913719346233  2.22926619045452  -1.07524825399734  c
-4.56701432064629  0.91554509040721  -1.00145440419582  c
-2.49308457240619  1.91250301020551   0.35050716414898  c
-2.80655044820659  4.29004032860272   1.46113813188440  c
-4.31778835880890 -1.35522036396524  -2.30329855075671  n
-1.72698110406106 -1.90718987788605  -3.07416432380913  c
-0.10466749640388 -2.21995952032257  -0.64806461703197  c
-0.05773842431333  0.38676559756947   0.78026937539413  c
 2.61999322100287 -2.74523845621479  -1.56882523920604  c
 3.46975752193938 -0.07482396727432  -2.41267011936376  c
 2.39471803472224  1.56767881806823  -0.31196066967042  c
 6.24524537820462  0.50740291176910  -2.72993037818548  c
 7.51453551649362  2.12399449331025  -1.26833947740817  c
 6.43855478833990  3.23086938161367   1.12919428462431  c
 4.32428891439034  1.52574798868194   1.92155181533787  n
 2.64898185379072  2.27599673856133   4.07130153516195  c
 0.48973435187962  0.38092938352853   3.71220928406512  c
 5.31929811403309 -0.77445044047770   2.51088734213549  o
 2.17206474170835  3.55714709852284  -0.84738304023817  h
-1.19244735691715 -4.44898685138164   0.77923962875096  c
-0.74606656286002 -6.63714151648060   0.23678080368602  o
-2.76990514803467 -3.76838341698197   2.64161761002692  o
-3.98909566546915 -5.81897444472669   3.97777486418491  c
-1.48060774029494 -0.13089356330841  -6.73375126528075  h
-1.46330833721220  1.99416721833009  -4.18866910683939  h
 2.97377843609134 -0.94697384367818  -6.31606589982533  h
 2.67763445850182  2.31247026805672  -5.67689880487693  h
-5.21753663440525  7.46910443559448   2.22534595599844  h
-8.92277217450675  5.55015750949954   0.00344585061536  h
-8.44406540607273  1.40268065125797  -2.10663826131525  h
-1.24227226547277  5.14705732474437   2.47139005674972  h
-5.60712195301364 -1.57985949001329  -3.69680132160082  h
-1.71646503138491 -3.73742143658849  -4.04450772852591  h
 3.79376429705861 -3.43492251207283  -0.02981123694415  h
 2.62276412688910 -4.09482537893523  -3.13771209637447  h
 7.17614632928013 -0.31865690319676  -4.37003195383635  h
 9.46850703287447  2.59458493297122  -1.69349989560220  h
 5.74376997034011  5.17386518184406   0.88400943716194  h
 7.83768026556175  3.20162621368985   2.65118295832520  h
 3.70310705010769  2.03195645669833   5.82772585939767  h
 2.07075611223177  4.25230366960103   3.85448067350236  h
-1.19148825427073  0.90854148041343   4.78126172489115  h
 1.13273932324993 -1.46710681251562   4.35306007788933  h
-5.20995308356968 -4.91392011498049   5.36837525447330  h
-5.10107803785928 -6.96230451613395   2.66436663950756  h
-2.57731257128422 -7.00567496365334   4.90915062947023  h
$end
