$coord
 0.20556679729702 -1.30279714696543  -0.48769970757668  c
 1.10722028176187  1.19148631665696  -1.74698125459621  c
-0.93712324038317  3.25386317434175  -1.52373931405529  c
-2.31235682740517  3.29069701451284   1.01258755686317  c
-3.19416530968881  0.62158529367419   1.71620513542173  c
-0.83437191605619 -0.99502679855267   2.21360427543145  c
-2.23797523952431 -2.13899897723651  -1.84431415019613  c
-4.31894233314830 -0.68735646899735  -0.54301982550642  c
 0.88867391077667  0.01026559022283   3.96284639118320  o
 2.32244348267372 -3.29007762672857  -0.57044530246834  c
-6.70699626370212 -0.59074080704308  -1.25857371249369  c
 3.72945205104594  2.09286811784237  -1.02368358572005  c
 5.68401757587351  1.47558420271228  -2.46540649898392  c
 1.25747066669310  0.72737849691724  -3.76446020242975  h
 1.61214447201886 -5.67834367223696   0.35731209751191  o
 4.09096204645520  3.76583522214967   1.22581364129174  c
-0.08699951806638  5.09609423180869  -1.89225745593274  h
-2.34454088646251  2.93521200456348  -3.00011417685566  h
-1.06983335409174  3.97896458075754   2.50465501135599  h
-3.93796915736708  4.55487557608203   0.88133585119719  h
-4.48525134084078  0.69278218753192   3.32742696415559  h
-1.41542803922275 -2.89101483615105   2.84969379499677  h
-2.18582087867219 -1.78823585581450  -3.87411156596170  h
-2.57327144034776 -4.16059877675457  -1.56654219453331  h
 0.19289132627379 -0.18684499068812   5.63102806057580  h
 3.85563127202082 -2.65730119201393   0.65561919996656  h
 3.04885507873112 -3.44985105138711  -2.50775812816996  h
-7.37149363171006 -1.56240532156173  -2.91936950977920  h
-8.09431825716154  0.46933075894472  -0.21436594644047  h
 7.57236935548776  2.09902528945578  -2.03295815977774  h
 5.49870768473923  0.31161567103621  -4.12568266089122  h
 0.43834584846598 -6.44320020203262  -0.80548551525929  h
 3.04067943130571  5.52173182042447   1.01095328089179  h
 3.42563647025696  2.81507760682645   2.91621764294448  h
 6.07977320740353  4.22668709668755   1.45434765836871  h
$end