   -0.01005956
   -0.02638909
   -0.05839084
   -0.05708122
   -0.03022405
    0.12374930
   -0.07597581
    0.01051287
   -0.48341612
    0.07759842
   -0.11228681
    0.01782514
   -0.12038567
    0.04094902
   -0.49081489
   -0.11996966
    0.03949221
    0.03780019
    0.05506283
    0.03494936
    0.03919615
    0.00596382
    0.05371832
    0.04709314
    0.32116132
    0.02616677
    0.04303086
    0.03696202
    0.03870774
    0.03004026
    0.02618173
    0.31295133
    0.07539627
    0.03854992
    0.05193472
