$coord
-0.13157795478729 -1.48744574110327  -0.66128137955325  c
 0.97427573429936  0.98960543356915  -1.79554796189538  c
-0.90567229377319  3.18978695126127  -1.47493341089234  c
-2.25497487918871  3.24077786197308   1.07594486897710  c
-3.30618417691279  0.61790231118609   1.70932786004664  c
-1.09710546673947 -1.21040165068528   2.08107220623821  c
-2.65498738564565 -2.03812841889857  -2.00764928020025  c
-4.58722755412418 -0.50625008408962  -0.56981914908660  c
 0.65226567951213 -0.42797643083166   3.90313658232730  o
 1.72410517498448 -3.71052922387558  -0.86868940825698  c
-6.97802991860651 -0.19805265795045  -1.21068289201049  c
 3.64378852720937  1.65792858424343  -0.99318345008578  c
 5.58802866502135  0.85853311280125  -2.37043625293653  c
 1.11085358561781  0.61386890582213  -3.83345738685833  h
 3.69381927053348 -3.61482239811134   0.92302362507557  o
 4.08100750628646  3.30696139386716   1.26374897749903  c
 0.07371835637179  4.97613893947925  -1.79498010580872  h
-2.34415520828914  3.02292371354133  -2.94568315220225  h
-0.98167746612194  3.80704055386150   2.58917354162938  h
-3.80214191887169  4.60267058178150   0.98611708569101  h
-4.53228556736857  0.72157749823834   3.36267486131349  h
-1.86553754979374 -3.06853135539243   2.64481387894232  h
-2.61475977064113 -1.56250973686701  -4.01193511415959  h
-3.11680788428462 -4.04679708823561  -1.85944058013038  h
 2.01903041884069 -1.64715121858027   3.84581368087130  h
 2.48946548762381 -3.82686825219854  -2.79427062765579  h
 0.72079484680957 -5.47439178613183  -0.47013618554172  h
-7.75548490155845 -1.03808873988447  -2.89401918888572  h
-8.25390464731065  0.90740060610706  -0.07592962846818  h
 7.51076669319865  1.31606071115239  -1.87776372954893  h
 5.35280812662665 -0.26219764192855  -4.05539883072985  h
 4.79184597346787 -2.21975489120698   0.46787646710357  h
 3.08470174033619  2.58242434168655   2.90554933847828  h
 6.08914650939006  3.42382476525404   1.68709345432629  h
 3.39599157326652  5.21206632388405   0.89368129137918  h
$end