           1           2  0.957513334827679     
           2           3  0.987796719689068     
           3           4   1.00979643046580     
           4           5  0.978932571678482     
           1           6  0.959344084649191     
           5           6  0.976003932864400     
           1           7  0.980198767466643     
           5           8  0.995003052582808     
           7           8   1.00360470179167     
           6           9  0.989702291353103     
           1          10  0.978895744784390     
           8          11   1.93766726721528     
           2          12  0.997637079283470     
          12          13   1.89601404025166     
           2          14  0.959479458793510     
          10          15  0.991136024286988     
          12          16   1.03130524865338     
           3          17  0.973681308498697     
           3          18  0.975572848992191     
           4          19  0.970255338178283     
           4          20  0.976414004584736     
           5          21  0.964874257754115     
           6          22  0.958182777990740     
           7          23  0.965066730922637     
           7          24  0.958992097163288     
           9          25  0.861649187798413     
          10          26  0.968854980375242     
          10          27  0.970222293065261     
          11          28  0.974596054030453     
          11          29  0.974496738856712     
          13          30  0.975486323575515     
          13          31  0.974612570028599     
          15          32  0.857406124227947     
          16          33  0.956898496458119     
          16          34  0.983267168568071     
          16          35  0.962114911495893     
