    0.00047903
   -0.03785897
   -0.06247458
   -0.05853650
   -0.03342114
    0.11344238
   -0.07071806
    0.01522691
   -0.48571589
    0.08472449
   -0.11359111
    0.00950246
   -0.11177375
    0.04825058
   -0.48865249
   -0.11757322
    0.04270886
    0.04371444
    0.03728662
    0.04229098
    0.03310728
    0.02277788
    0.06570886
    0.05021615
    0.30739736
    0.02112660
    0.04309132
    0.03379686
    0.03251849
    0.03172433
    0.03247307
    0.32383279
    0.04801341
    0.05110006
    0.04580453
