$coord
-0.13944591568214 -1.28946879899846  -0.51895028312407  c
 0.87856426245447  1.39737672048227  -1.23938539089696  c
-0.00948232293233  3.42026714322868   0.63960159843518  c
-2.82498840210306  3.23336865647265   1.23943456799581  c
-3.64718779396487  0.47083741434091   1.65396014388421  c
-1.36732175915870 -1.25276619520453   2.13394665554523  c
-2.47737039533536 -1.89806058981319  -2.14068591817425  c
-4.62554072198402 -0.58946050927828  -0.80305763897495  c
 0.19885940244245 -0.53601585438812   4.14326655209511  o
 1.81017318468266 -3.43121321551449  -0.70925859321265  c
-6.96184573922895 -0.38337080359742  -1.65279321173455  c
 3.71584555466851  1.51012871659423  -1.62593152719223  c
 4.71761621808920  0.83431739915823  -3.82329850380063  c
 0.03334074511195  1.85515212410045  -3.07364032238021  h
 3.73769414218678 -3.30184051725842   1.12469249412018  o
 5.36726271564857  2.48806366799696   0.47032938320394  c
 1.01230447588957  3.22827036133521   2.41051654338053  h
 0.40337636144561  5.28278722124207  -0.14984805732583  h
-3.20618713842921  4.33713168617772   2.93711833552343  h
-3.94700731774807  4.03203479000643  -0.29850555015399  h
-5.04619608924400  0.35898347674398   3.16192446020400  h
-2.09575789931664 -3.17464875003401   2.50660632082129  h
-2.28371962328065 -1.28742311868916  -4.09868878943951  h
-2.82292197694727 -3.93571567275747  -2.16561748350621  h
 1.65978526435019 -1.63677612534251   4.05833970265067  h
 2.61718820496159 -3.50263779472520  -2.61680893428260  h
 0.84929891525557 -5.22725063329493  -0.35040803337927  h
-7.51892310113340 -1.14740651818932  -3.45518297771181  h
-8.41007810590567  0.55871116657814  -0.57900509058594  h
 6.72610966994120  0.88863752239937  -4.15604202496826  h
 3.57424693932918  0.21697742927105  -5.39065294703123  h
 4.89503081627482 -1.98291531767108   0.63087793100030  h
 4.83889017397016  1.72653146522169   2.30576999632152  h
 7.34273576252531  2.04987773817127   0.09809593696273  h
 5.19008771186998  4.53744581982265   0.58314204765034  h
$end