   -0.06985927
   -0.06609527
   -0.05155305
   -0.03627613
   -0.06403469
    0.07009933
   -0.02304414
   -0.04547496
   -0.22077850
    0.05002654
   -0.00861969
    0.01391094
   -0.06601086
    0.02560671
    0.00519657
   -0.03487085
   -0.03802424
   -0.02003702
    0.28873057
   -0.02126230
   -0.05339852
   -0.72767848
    0.05254985
    0.36432607
   -0.45482114
   -0.26664625
    0.02680596
    0.04699653
    0.04501789
    0.05211177
    0.04432215
    0.02946239
    0.03225331
    0.02963645
    0.03327145
    0.16843168
    0.04955469
    0.07839246
    0.04986725
    0.05164270
    0.05442353
    0.05748368
    0.07378545
    0.07027180
    0.05280812
    0.05951493
    0.06148223
    0.08846963
    0.07002620
    0.07200652
