           1           2   1.00595628430300     
           3           4   1.41889025791922     
           4           5   1.46365757148215     
           5           6   1.35061402891409     
           4           7  0.100632801341392     
           6           7   1.31951559390473     
           3           8   1.43633015739294     
           5           8  0.100705481153706     
           7           8   1.42582174447921     
           6           9   1.13880297679721     
           1          10  0.978332640948576     
           9          10  0.995142888824008     
          10          11  0.941799949604358     
           7          12  0.988110815067798     
          11          12  0.960984589418294     
          11          13  0.970298117626018     
           2          14  0.969943464124758     
          13          14  0.967487313754260     
          12          15  0.964173120529770     
          14          15  0.977630182689070     
          14          16   1.00151643321669     
          16          17   1.93104399092132     
          17          18   1.01370941531774     
          15          19  0.899923588326033     
          18          19  0.945216134637664     
          19          20  0.945509939420269     
          12          21  0.965055578411408     
          20          21   1.00419811092474     
          19          22   1.01802498523885     
          15          23  0.962168386181361     
          11          24  0.953318109678881     
          24          25   1.72044207050093     
          24          26   1.15129772924105     
          25          26  0.170412050437854     
          26          27  0.941959117207452     
           1          28  0.974452195631359     
           1          29  0.969936678262639     
           2          30  0.974504519866737     
           2          31  0.975175079259897     
           3          32  0.971396491190281     
           4          33  0.970840581509261     
           5          34  0.967057305960539     
           8          35  0.959733962771134     
           9          36  0.940346500273591     
          10          37  0.964837647088723     
          13          38  0.958227056277403     
          13          39  0.973478430247536     
          16          40  0.964002411581032     
          17          41  0.964649129139378     
          18          42  0.956080173443743     
          18          43  0.964187488925038     
          20          44  0.971980116529650     
          20          45  0.962618495111763     
          21          46  0.973883577874576     
          21          47  0.972325631276687     
          27          48  0.979220742999736     
          27          49  0.976666091797594     
          27          50  0.976666866638520     
