$coord
          2.706148526119          2.488912552284          4.055780738381     c 
          4.897560495144          2.728590997084          2.168748833609     c 
          4.219561559400          1.841488083213         -0.557796679704     c 
          3.095240849739         -0.958405425816         -0.499885462581     c 
          0.646285482118         -0.819580356689          1.206377238125     c 
          1.439964299684         -0.125270706649          3.959701570127     c 
          2.335555769356         -1.827630556919         -3.193050750523     c 
          0.928770542606         -4.361366209883         -3.138675790798     c 
         -1.596101332274         -4.176875393328         -1.698807463500     c 
         -1.291442352975         -3.152375933544          1.097697082254     c 
         -0.982945674376          1.309261579376          0.245070236762     c 
         -3.835616674638         -1.751263545608          1.747573871367     c 
         -3.514612554204          0.864933100106          0.699064768765     c 
         -5.329858418510          2.607814674420         -0.097536034717     c 
         -4.463520633890          4.783547647337         -1.324890962440     c 
         -1.926931855113          5.165795592194         -1.810440820913     c 
         -0.117986970368          3.405267485412         -1.061087851550     c 
          2.442939753694          3.672424683739         -1.650045426749     o 
         -7.877990016418          2.136293759670          0.313486975040     o 
          6.619353821449          1.961244957309         -2.185696664673     c 
          5.062074488622         -2.816716452825          0.571460917647     c 
         -3.042034096467         -6.678192589006         -1.839793818054     c 
         -0.715554703343         -5.247908594943          3.005779233026     c 
          3.373231100491          2.887245613308          5.981742084490     h 
          1.295745860668          3.954713777756          3.659789356023     h 
          6.552498478118          1.693699978524          2.850224274749     h 
          5.505012117499          4.704811157035          2.045774809366     h 
         -0.235956160503         -0.148474938441          5.175260408199     h 
          2.704662584905         -1.569294933238          4.725782818592     h 
          1.141705500544         -0.371929241447         -4.051243597472     h 
          4.016553348125         -1.959559288324         -4.393545362291     h 
          0.596435993120         -5.056996226751         -5.064932617480     h 
          2.100293227651         -5.814215381256         -2.247767881792     h 
         -2.729965365661         -2.737030797398         -2.690405544264     h 
         -4.159838154979         -1.687299156057          3.787949181523     h 
         -5.469717783593         -2.682946456926          0.892797812773     h 
         -5.827488795522          6.159997032747         -1.940112195302     h 
         -1.302133205224          6.822166051877         -2.809227521044     h 
         -8.884808306569          3.543008972263         -0.359413600468     h 
          7.359294632964          3.880615819163         -2.201091189751     h 
          8.094245033516          0.718727531295         -1.470517247099     h 
          6.209312370877          1.451556240337         -4.133922457293     h 
          5.849137088780         -2.171197096607          2.356378792614     h 
          4.244417571165         -4.671296880752          0.901634323246     h 
          6.627371590391         -3.069620899437         -0.740636268842     h 
         -4.849867191941         -6.578570203872         -0.856576088327     h 
         -3.421237518965         -7.217774303648         -3.793127750241     h 
         -1.949891714159         -8.204102610915         -0.990920118341     h 
         -2.255342129583         -6.611949370808          3.080646608846     h 
          1.000521227622         -6.266342955294          2.511952938222     h 
         -0.487948444525         -4.496258219226          4.907284474199     h 
$end
