           2           1   1.00838073258345     
           3           2  0.981965590422895     
           4           2  2.391837741503494E-003
           4           3  0.957267181461402     
           5           2  2.448485320183584E-003
           5           3  2.307132070444395E-003
           5           4  0.968613994080645     
           6           1   1.00718482953392     
           6           3  2.520528164547840E-003
           6           5  0.971618032244604     
           7           2  8.901142672354348E-003
           7           4  0.990520134434321     
           7           6  9.214194919357084E-003
           8           3  1.064749536061014E-002
           8           5  3.350894983881325E-003
           8           7   1.00874751362449     
           9           4  2.449753220933046E-003
           9           6  8.449732813689066E-003
           9           7  2.526925809423403E-003
           9           8   1.00116983665959     
          10           1  1.052372824078354E-002
          10           3  1.006292344644057E-002
          10           4  2.948326161510347E-003
          10           5  0.954916320908737     
          10           9  0.979640417911035     
          11           1  2.400293094964473E-003
          11           3  4.480804209649425E-003
          11           4  2.263262712454647E-003
          11           5  0.984549790962785     
          11           6  2.399717268193515E-003
          11          10  6.026575535135594E-003
          12           4  8.474903500306203E-003
          12           5  4.845765331447364E-003
          12           6  4.084821851702102E-003
          12           8  9.285174874061743E-003
          12          10  0.981320327109290     
          12          11  5.334925560014699E-003
          13           4  8.124160859495716E-003
          13           5  4.789206027025471E-003
          13           6  1.033907138664340E-002
          13          10  4.820896342357067E-003
          13          11   1.39208406290400     
          13          12   1.00140817182182     
          14           5  9.900539659588809E-003
          14          10  8.385132380148201E-003
          14          11  4.717318353346108E-003
          14          12  7.421386949098583E-003
          14          13   1.34644445743557     
          15           6  4.705607967710702E-003
          15          11  9.846097390370184E-002
          15          12  1.216799445006410E-002
          15          13  7.134906717470328E-003
          15          14   1.35347661701388     
          16           3  1.244345623638336E-002
          16           5  1.106457525744379E-002
          16          11  7.685044513737071E-003
          16          13  0.100041676097734     
          16          14  7.878411148752699E-003
          16          15   1.44620057226599     
          17           2  2.697350060666138E-003
          17           3  3.304375646367332E-003
          17           4  4.096475076295085E-003
          17           5  5.292901959858222E-003
          17           6  8.987594266203677E-003
          17          10  8.318965840894647E-003
          17          11   1.33756451506007     
          17          12  1.001877902406369E-002
          17          13  4.278906555871071E-003
          17          14  7.239867003177347E-002
          17          15  7.533721029553544E-003
          17          16   1.34561927899185     
          18           2  1.488283499992264E-002
          18           3  0.948482140910539     
          18           4  1.656075413058651E-002
          18           5  4.467985641256006E-003
          18           7  2.436818882360349E-003
          18          11  5.959427340108428E-002
          18          13  1.340478949448722E-002
          18          14  2.611590817108633E-002
          18          15  1.061698853323991E-002
          18          16  5.525187231071470E-002
          18          17   1.08233566385573     
          19          11  1.250978736336700E-002
          19          12  2.247705907444731E-003
          19          13  5.375035036393839E-002
          19          14   1.09144764072598     
          19          15  6.777890976325829E-002
          19          16  1.297352445874865E-002
          19          17  2.473383303986700E-002
          19          18  7.542007827774576E-003
          20           1  1.032611844382167E-002
          20           2  3.879080794511172E-003
          20           3   1.00141731540663     
          20           5  8.730610643281591E-003
          20           7  4.413744358671924E-003
          20          17  1.081295217604447E-002
          20          18  5.863021092032873E-003
          21           2  7.621368567776104E-003
          21           3  2.731460253780400E-003
          21           4   1.00256560775604     
          21           6  5.032078003185204E-003
          21           7  3.528571782702480E-003
          21           8  4.118040870118887E-003
          21          11  9.141870392253136E-003
          21          18  9.938087785572832E-003
          21          20  3.170560600364165E-003
          22           5  9.502799276790793E-003
          22           7  1.126777792779704E-002
          22           8  3.273176137501334E-003
          22           9   1.01247869812910     
          22          12  4.869724579824223E-003
          23           6  5.307866424231116E-003
          23          10   1.01239440018537     
          23          11  7.233522785216894E-003
          23          12  2.445483748917253E-003
          23          13  7.482468935371177E-003
          23          21  6.037514418860573E-003
          23          22  4.794807545830991E-003
          24           1  0.977371105177896     
          24           3  1.016515961030213E-002
          24           5  1.048564954642835E-002
          25           1  0.972597601529224     
          26           2  0.967697508461056     
          26          18  9.538003563285368E-003
          26          25  9.411058309581138E-003
          27           2  0.972967288570991     
          27           4  8.296568411902700E-003
          27           6  1.028941220118317E-002
          27          18  7.324533844053014E-003
          27          26  2.596730624575612E-003
          28           2  1.050811975152499E-002
          28           4  8.480116804886416E-003
          28           6  0.973023824305268     
          29           6  0.971981605450862     
          29          11  8.165628034441610E-003
          29          25  9.421521113459008E-003
          30           7  0.970337865547331     
          30          18  4.849288800061096E-003
          30          21  8.919674957657713E-003
          31           5  8.589782993696844E-003
          31           7  0.972180450190002     
          31           9  1.060325764712170E-002
          32           4  1.076491531975908E-002
          32           8  0.975705437422072     
          32          10  9.995720508107814E-003
          33           8  0.971170186751564     
          33          30  9.689452613470508E-003
          33          32  2.693713579834227E-003
          34           9  0.970025231156678     
          34          23  7.593712714133827E-003
          34          33  9.131805943541295E-003
          35           9  7.410440523343178E-003
          35          11  7.901379899882707E-003
          35          12  0.960194875461166     
          35          14  6.405840841451621E-003
          35          16  3.936134644777582E-003
          36           5  7.243065303938643E-003
          36          11  8.314717464226590E-003
          36          12  0.965543666099926     
          36          35  2.506787114126921E-003
          37          13  8.618131637825256E-003
          37          15  0.966944643344167     
          37          17  1.025771335000330E-002
          38          11  9.074481556082424E-003
          38          14  1.030337606840874E-002
          38          16  0.968332718128308     
          38          18  2.123245660791002E-003
          39          13  7.173914421478061E-003
          39          19  0.978508843209803     
          40           2  9.013789940601830E-003
          40          18  4.191907125687272E-003
          40          20  0.976943214793929     
          41           4  9.255118137817908E-003
          41          18  3.243604099744956E-003
          41          20  0.978133062478712     
          42          18  9.075094017413672E-003
          42          20  0.978719850434944     
          43           7  8.791222850593621E-003
          43          21  0.972647221185292     
          43          26  3.404219947683346E-003
          44           3  8.897234309426906E-003
          44          21  0.972814095120786     
          45           5  8.571479442617075E-003
          45          21  0.977635770816186     
          46           8  1.015095417546115E-002
          46          22  0.978275019837963     
          47          10  1.015307149598951E-002
          47          22  0.980917949394464     
          48          22  0.980915703976297     
          48          34  9.777177604425261E-003
          49          12  1.072658911205555E-002
          49          23  0.974520887570767     
          49          44  2.908509815376663E-003
          50           9  9.907788912371542E-003
          50          23  0.977303674318905     
          51           5  1.019997750746811E-002
          51          23  0.978060442274080     
