   -0.00949763
   -0.03352706
   -0.06168461
   -0.05832372
   -0.03737372
    0.11309621
   -0.07316854
    0.01035721
   -0.48053757
    0.08504878
   -0.11265606
    0.00785082
   -0.11132685
    0.04700269
   -0.48887070
   -0.11600576
    0.04089230
    0.04209244
    0.03894035
    0.04143486
    0.04114027
    0.04566958
    0.04576408
    0.05301274
    0.30684507
    0.01846934
    0.04590055
    0.03454728
    0.03597762
    0.03359864
    0.03668930
    0.31168952
    0.04450269
    0.05059669
    0.05185321
