           1           2  0.959244939820545     
           2           3  0.983150434377251     
           3           4   1.00903205944749     
           4           5  0.978936972444215     
           1           6  0.960388072168825     
           5           6  0.971581520756795     
           1           7  0.980880881824548     
           5           8  0.994937671566785     
           7           8   1.00538216940494     
           6           9  0.986872134070105     
           1          10  0.979808938439253     
           8          11   1.93607272186258     
           2          12  0.996578246836582     
          12          13   1.91096008878697     
           2          14  0.963237646202973     
          10          15  0.997814858095508     
          12          16   1.02204019433320     
           3          17  0.976207302103011     
           3          18  0.976437509010526     
           4          19  0.970287917872566     
           4          20  0.975374050469451     
           5          21  0.963256804513827     
           6          22  0.957614524586880     
           7          23  0.957794497708361     
           7          24  0.963247981310431     
           9          25  0.885624749325426     
          10          26  0.964988510334776     
          10          27  0.969132253435163     
          11          28  0.974987788533967     
          11          29  0.974764658332538     
          13          30  0.974044148633597     
          13          31  0.966969100903374     
          15          32  0.862022091940107     
          16          33  0.984104822921768     
          16          34  0.970480952451160     
          16          35  0.967604973449767     
