    0.00228463
   -0.03451528
   -0.06249448
   -0.05841773
   -0.03401288
    0.11120158
   -0.06872772
    0.01641501
   -0.48809784
    0.08002796
   -0.11317422
    0.01354981
   -0.11360192
    0.05273809
   -0.47765437
   -0.11750618
    0.04103704
    0.04092671
    0.03704569
    0.04145124
    0.03449404
    0.02142008
    0.05330745
    0.04856283
    0.30808206
    0.03499840
    0.04660640
    0.03398311
    0.03372529
    0.02854434
    0.02898247
    0.30926534
    0.03959616
    0.06281643
    0.04714044
