$coord
 0.18572493637962 -1.20336916814425   0.17752364986474  c
-1.81985210393499  0.74514736384249   1.22217281876584  c
-0.66037749539448  3.45075233435783   1.43609052935301  c
 1.06139482215907  4.22908140270666  -0.79021131513662  c
 2.84709539554208  2.03743882693271  -1.56305626947557  c
 1.23413962725667 -0.24894510638902  -2.39296762177228  c
 2.61321869773886 -1.10216503102231   1.87274507684245  c
 4.23661160656165  1.00212232149969   0.73889723921589  c
 2.76210145933330 -2.21422972813144  -3.48155759471601  o
-0.90420082603451 -3.90056159676165   0.00170466272113  c
 6.47475371191746  1.79739838267089   1.60159147803435  c
-4.39136191447921  0.68625800766822  -0.12214213377023  c
-4.90821644654354  1.83407916668083  -2.32835782046457  c
-2.19862695651349  0.12321471057793   3.17322648382930  h
-1.80844521853491 -4.85957838247352   2.37793345863637  o
-6.47419192712884 -0.67852718445835   1.30490631397966  c
-2.19185560371307  4.83800162480627   1.67504248779433  h
 0.46805774668896  3.53329569446460   3.18447002256895  h
-0.06341057444988  4.80230420288059  -2.44801260963055  h
 2.19208514721961  5.88967685688253  -0.24149817320038  h
 4.14341207952650  2.68035303725925  -3.06373631296750  h
-0.28183670385915  0.28838091868961  -3.71751234069080  h
 3.63871142763050 -2.91455631670591   1.77379105724030  h
 2.17370770343919 -0.76120682599000   3.87883963114490  h
 3.65476590125738 -1.48854398554160  -4.93054585311585  h
 0.53939529617359 -5.17206717428943  -0.79876158222881  h
-2.54368597797643 -3.93417383596178  -1.27799745980280  h
 7.34714211867530  0.98581696964751   3.28914067559280  h
 7.53000386967588  3.29526218174725   0.64788640524719  h
-6.80385989972056  1.75401043811319  -3.14396261937137  h
-3.52167153827210  2.91529359406418  -3.39947313177427  h
-0.35287493946187 -5.06941065555043   3.49912269027432  h
-8.23962787007768 -0.75574595356240   0.21098607701176  h
-5.91374943011495 -2.61575578458801   1.81078868687686  h
-6.87370821951273  0.30448594418230   3.10287909149185  h
$end
