           1           2  0.959035363062037     
           2           3  0.986373503692595     
           3           4   1.00845842388807     
           4           5  0.978814797568983     
           1           6  0.968760954464753     
           5           6  0.974318405412578     
           1           7  0.981092563497600     
           5           8  0.994606232555557     
           7           8   1.00651735640521     
           6           9  0.975148435949824     
           1          10  0.979061840885225     
           8          11   1.93702872440022     
           2          12  0.996315846279038     
          12          13   1.92662187315694     
           2          14  0.961849769391457     
          10          15  0.991202975425891     
          12          16   1.02579740976013     
           3          17  0.976254050409629     
           3          18  0.977025955142924     
           4          19  0.969821673831866     
           4          20  0.975772308104535     
           5          21  0.962235651284170     
           6          22  0.956619122234796     
           7          23  0.957414756293519     
           7          24  0.964974127146498     
           9          25  0.887558938885592     
          10          26  0.966819010772862     
          10          27  0.969242791544298     
          11          28  0.975115095569330     
          11          29  0.974902767712608     
          13          30  0.974475036822608     
          13          31  0.967336259049716     
          15          32  0.887597843252403     
          16          33  0.984428511489014     
          16          34  0.968203989719727     
          16          35  0.967029806413788     
