   -0.05985498
   -0.06466340
    0.13555286
    0.00185590
    0.00854472
   -0.06001169
   -0.05570497
   -0.05912473
   -0.02343372
    0.00992178
   -0.04625413
   -0.06276150
   -0.01990291
    0.11750480
   -0.07562918
   -0.06614886
    0.13423108
   -0.44130277
   -0.40832459
   -0.45021190
   -0.11793396
   -0.12592239
   -0.10439353
   -0.10606079
    0.02870601
    0.04991169
    0.03448281
    0.04846162
    0.03722556
    0.03324032
    0.03483156
    0.01422038
    0.02682325
    0.03336686
    0.03778449
    0.04167669
    0.04837689
    0.02399517
    0.04817216
    0.33677997
    0.29278171
    0.30182505
    0.04726943
    0.04378352
    0.03130234
    0.03144109
    0.06484321
    0.03619818
    0.03755919
    0.03106779
    0.03179210
    0.03940763
    0.03350923
    0.03919297
