           1           2   1.00901368357758     
           2           3  0.982869503307628     
           3           4  0.945897830058494     
           4           5  0.960406101634372     
           1           6   1.00668095481942     
           5           6  0.979123626347758     
           4           7  0.989199142510105     
           7           8   1.00489819006570     
           8           9  0.997012663599251     
           5          10  0.947492657160688     
           9          10  0.972023356006599     
           5          11  0.966262680502224     
          10          12  0.982339436789189     
          11          13   1.36929169471291     
          12          13   1.01692014524056     
          13          14   1.37230059281451     
          14          15   1.35665189379482     
          13          16  0.103126885202852     
          15          16   1.47432959180139     
          11          17   1.35839268445336     
          16          17   1.33371204560257     
          17          18   1.09793513692937     
          14          19   1.04200833011686     
           3          20  0.952924821373704     
           3          21  0.990106169634767     
           4          22  0.995451047563486     
           9          23   1.00780585396752     
          10          24  0.999919448354607     
           1          25  0.975558163121720     
           1          26  0.970465066407776     
           2          27  0.973363643016045     
           2          28  0.972914854097216     
           6          29  0.972174124063621     
           6          30  0.965186527978636     
           7          31  0.972535095223501     
           7          32  0.971276673547158     
           8          33  0.975441421676873     
           8          34  0.972700503266303     
           9          35  0.962689798002546     
          12          36  0.953824402007182     
          12          37  0.960759330974534     
          15          38  0.966085302113516     
          16          39  0.967801012317952     
          18          40  0.779435072969380     
          19          41  0.894719876685530     
          20          42  0.883681424517131     
          21          43  0.982794462924652     
          21          44  0.982813331867655     
          21          45  0.980769683319570     
          22          46  0.980565189719909     
          22          47  0.961190597260959     
          22          48  0.980021899114001     
          23          49  0.980915799365867     
          23          50  0.986080917430114     
          23          51  0.983927579573693     
          24          52  0.980590877094544     
          24          53  0.970282970913621     
          24          54  0.979456438074892     
