   -0.00024976
   -0.03114516
   -0.05773565
   -0.05663263
   -0.03615245
    0.12191429
   -0.07505322
    0.01008728
   -0.47311148
    0.07873692
   -0.11270893
    0.01422363
   -0.11685256
    0.04137807
   -0.47415830
   -0.11784159
    0.03910738
    0.03794774
    0.04984416
    0.03427338
    0.02936291
    0.00726935
    0.05168029
    0.05871836
    0.30916263
    0.03071938
    0.04741638
    0.03584941
    0.03615824
    0.03016538
    0.02216347
    0.30711960
    0.04929894
    0.07185091
    0.03719361
