$coord
 0.21407752075447 -1.30289660835367  -0.48771738634252  c
 1.12447811036042  1.17955719504568  -1.76140185235842  c
-0.93139236131497  3.23402660922076  -1.59419702434254  c
-2.31680445903508  3.31410019278713   0.93486892731763  c
-3.18046596161820  0.65402411748194   1.68762116922853  c
-0.83547333026725 -0.96879402488045   2.20728358090312  c
-2.22824668565578 -2.16531804203971  -1.82429826045933  c
-4.31275640557244 -0.71258949553509  -0.53994957121875  c
 0.88912315196697 -0.00643103714858   3.98284895419342  o
 2.29319624547618 -3.32570835084106  -0.64057649264755  c
-6.70846097851669 -0.63970159669461  -1.23224250695603  c
 3.73353277326235  2.09961683325942  -1.01189306833911  c
 5.71407699260436  1.44434049764216  -2.40067177078837  c
 1.30363109179733  0.68758415680698  -3.76869045092660  h
 1.54913064559617 -5.69375997708817   0.31588986813766  o
 4.05923827271456  3.82221654847743   1.20740304555262  c
-0.09162932912135  5.07343278918002  -1.99935406016528  h
-2.33040063146074  2.87219028721141  -3.06758574796658  h
-1.09061968498093  4.05626107931274   2.41622183574597  h
-3.95526418371262  4.55763055810054   0.76992673056375  h
-4.46539185258599  0.74908440368797   3.30498633337906  h
-1.48979516616341 -2.84204476605451   2.86271442903216  h
-2.18002243754863 -1.84068521085166  -3.85705721305680  h
-2.48065421626521 -4.19425011970915  -1.52318209485905  h
-0.01559379907829  0.33418535366649   5.52499801209930  h
 3.98385264367454 -2.63752097342374   0.33764690541714  h
 2.76738116187176 -3.65744378570179  -2.62264335352391  h
-7.38128691946983 -1.65054347747541  -2.86511093642974  h
-8.09308081498377  0.43076302532263  -0.19399921638731  h
 7.59499225809697  2.07831898279884  -1.95027630024603  h
 5.55445440758591  0.23395136847116  -4.02943908147570  h
 1.45149190935018 -5.57380555082021   2.12866064862052  h
 2.97484493617337  5.55319011485654   0.96342948849687  h
 3.41788088683944  2.88675998171930   2.91696338858893  h
 6.03881762114055  4.32604275588805   1.42795443636598  h
$end