           1           2  0.958436944578871     
           2           3  0.987650562530437     
           3           4   1.00986322930746     
           4           5  0.980515821235139     
           1           6  0.967921850652823     
           5           6  0.968555509557181     
           1           7  0.980348251007063     
           5           8  0.993720523145570     
           7           8   1.00759731614243     
           6           9  0.982539054707279     
           1          10  0.975592996700105     
           8          11   1.93498533080976     
           2          12  0.996494381106148     
          12          13   1.92245438109294     
           2          14  0.959917008326140     
          10          15  0.994481133517025     
          12          16   1.03023941461391     
           3          17  0.973767815892210     
           3          18  0.975669866056201     
           4          19  0.970414440706877     
           4          20  0.976495510318588     
           5          21  0.965120544289312     
           6          22  0.954212762786835     
           7          23  0.964676738321888     
           7          24  0.955108363024423     
           9          25  0.886639824940550     
          10          26  0.968755232971327     
          10          27  0.970418165997836     
          11          28  0.974742712040662     
          11          29  0.974691193617856     
          13          30  0.975526044351170     
          13          31  0.975688257779107     
          15          32  0.888608708457782     
          16          33  0.966334039482580     
          16          34  0.956532870392703     
          16          35  0.983878732500092     
