    0.00138676
   -0.03413609
   -0.06128303
   -0.06010784
   -0.03603282
    0.10790794
   -0.06854137
    0.00910564
   -0.48787158
    0.08491941
   -0.11311178
    0.01058063
   -0.11136151
    0.05479771
   -0.47630952
   -0.11119721
    0.04026979
    0.04027190
    0.04405723
    0.04015592
    0.04100872
    0.04171143
    0.04883487
    0.05648510
    0.30979017
    0.02847082
    0.02365573
    0.03340337
    0.03437027
    0.02854344
    0.03270591
    0.30530673
    0.05377584
    0.04475318
    0.04368423
