$coord
 0.16466405732287 -1.26477526012785   0.17260680131140  c
-1.87052866451064  0.58233619265060   1.35485564689482  c
-0.74358339397643  3.28384614871013   1.71048292730244  c
 0.91947327270557  4.21161456418319  -0.50283397712422  c
 2.74459301693462  2.11292804723829  -1.43521152759793  c
 1.18439478080622 -0.16840618221686  -2.37259251665168  c
 2.60076139331121 -1.19011141199217   1.85973279713261  c
 4.20042369153820  0.96417130857832   0.77365046970519  c
 2.67957410381168 -1.92713844241765  -3.80424010480113  o
-0.86836895223761 -3.95484403568021  -0.11563300704667  c
 6.49121177289966  1.67853757676564   1.57021603423351  c
-4.47308384367910  0.58583613770277   0.06790952453336  c
-6.34338758596257 -0.84175477806509   1.02721818438650  c
-2.21306979693325 -0.16978771314768   3.26316657064625  h
-1.50627256710815 -4.90733932477865   2.34795290671961  o
-5.00689620341275  2.27988643580476  -2.18802480238044  c
-2.27475065221291  4.64637340104180   2.07673707059980  h
 0.41715496113131  3.27499999370370   3.43870774402837  h
-0.24694529865944  4.83625475724638  -2.11154990731699  h
 2.02482565778212  5.86696314876481   0.11046261721740  h
 3.99267208173937  2.86833937529043  -2.91952665143287  h
-0.33193133133012  0.38347781085875  -3.67469260126243  h
 3.63166470285443 -2.99764864120903   1.73447922064508  h
 2.16437113752490 -0.91063717764392   3.87355614289402  h
 4.26283357566361 -2.24302702516944  -2.89677784592683  h
 0.58915156223305 -5.14846177980125  -1.01298276097531  h
-2.53762801437720 -3.94676612118397  -1.37164610729313  h
 7.42167931625707  0.76972659935571   3.17505016195884  h
 7.52696187454302  3.21028023904091   0.64993484165719  h
-8.23271129547636 -0.85706935429805   0.19315861627265  h
-6.04697212121622 -2.06326379359029   2.66281515461358  h
-2.15819860376396 -6.62313865762089   2.13479192166208  h
-4.62115222811991  4.27958456460961  -1.75449121948205  h
-3.85011555446534  1.79558132176688  -3.84775580320535  h
-7.00118067584717  2.13429361562635  -2.75491970653410  h
$end
