           1           2  0.956213281262862     
           2           3  0.988852026591337     
           3           4   1.00870268233785     
           4           5  0.978052818963382     
           1           6  0.959929607729235     
           5           6  0.973504527783387     
           1           7  0.981385299769083     
           5           8  0.994557876311537     
           7           8   1.00695982804069     
           6           9  0.982671070247037     
           1          10  0.988249281158362     
           8          11   1.93429200865366     
           2          12  0.997573395072733     
          12          13   1.92562913158142     
           2          14  0.958795177906904     
          10          15  0.985716299787642     
          12          16   1.02676159222722     
           3          17  0.974035328832744     
           3          18  0.975907123424031     
           4          19  0.972018736184102     
           4          20  0.976147823641304     
           5          21  0.963347738401204     
           6          22  0.954963717941666     
           7          23  0.957313470463212     
           7          24  0.962162019693679     
           9          25  0.883655710155850     
          10          26  0.967078009228602     
          10          27  0.967645156888841     
          11          28  0.975123835960252     
          11          29  0.974888376389276     
          13          30  0.975555616025541     
          13          31  0.975147624682131     
          15          32  0.893609117408783     
          16          33  0.967623509584801     
          16          34  0.961885313059536     
          16          35  0.982948458731534     
