$coord
 0.16184414761846 -1.22694676680794   0.72189268603675  c
-1.84094184529710  0.76187571908009   1.50744678193910  c
-0.67691336753990  3.43404527681604   1.49066082059970  c
 0.75671599782802  3.96920431879641  -0.94982931022977  c
 2.64684840060783  1.83180135322285  -1.43099013417686  c
 1.17102980439277 -0.60229349728886  -1.94215309536621  c
 2.58555738817187 -0.84103383219490   2.30486126520026  c
 4.03484406423446  1.21596568885743   0.97817555208892  c
 2.78362279213607 -2.57616636697935  -2.78876951906437  o
-0.87563824850530 -3.95215638604704   1.04428846775228  c
 6.15424104446346  2.27631862807332   1.75578114451230  c
-4.33278860988180  0.72340523454387   0.08705551367504  c
-4.97422696088380 -0.84302799857003  -1.75398152941022  c
-2.32687086305360  0.33381271894976   3.48346711391081  h
-1.20506545962666 -5.31296180676472  -1.20580426619678  o
-6.23594501702353  2.63495391276314   1.00961019281908  c
-2.14412112903244  4.85014568456265   1.76031029722650  h
 0.63367894391264  3.61555578608077   3.07182361848478  h
-0.55417444569977  4.09899707520222  -2.53945164890712  h
 1.75751900279769  5.76552013915547  -0.78518127618143  h
 3.91905385886560  2.32220363655518  -2.98570893009466  h
-0.34227031483589 -0.29969316006486  -3.32332800116878  h
 3.71091637149999 -2.57155289430748   2.26498494177869  h
 2.18353375863831 -0.39740193844278   4.27623646497347  h
 3.73603869599156 -1.97066798677829  -4.21498570559371  h
-2.73872845896945 -3.89301917044326   1.93322025584727  h
 0.39556327687463 -5.00761863165818   2.30695428598359  h
 7.03225813709624  1.75268345593663   3.51537280553843  h
 7.09627026198936  3.71409427649304   0.66614636664659  h
-6.82971995132611 -0.73226562309700  -2.59050443832296  h
-3.78371491331781 -2.31645834851424  -2.47506920553458  h
 0.37096446604617 -5.20785425493048  -2.13034257460307  h
-6.08248690911072  2.91624354447561   3.04105213726512  h
-5.96358719474030  4.45464672281595   0.08318628318152  h
-8.14222094588070  2.00128624333451   0.57987052694784  h
$end