$coord
         -1.397483414726          2.987754483840          0.552314425582     c 
         -2.231056091488          2.274404826865         -2.137199816961     c 
         -4.494679286861          0.504402215075         -2.396747323027     c 
         -3.862612843946         -2.257344348260         -1.889351056793     c 
         -3.016540109452         -2.805386440810          0.816407293821     c 
         -0.317726819554         -1.895926751442          1.356247263135     c 
          0.147381315289          0.920791980009          1.913962183273     c 
          0.581216140505          5.117934423734          0.359290304327     c 
          3.021592606228          3.778584103956         -0.388063279801     c 
          2.934298485162          1.287520906532          1.094812920699     c 
          1.315004409865         -2.514580507085         -0.665042872802     o 
          3.635604528811         -1.203538150126         -0.306553752351     c 
         -0.059153076986          1.233924747657          3.945579415276     h 
          4.146374943436          1.459032335613          2.756351051797     h 
          0.325047868270         -2.925154428951          3.059325906386     h 
         -3.151189545068         -5.652812905432          1.303099080804     c 
          4.849473237191         -0.888197259060         -2.908547927800     c 
          5.424621593339         -2.779914070928          1.355992220429     c 
         -3.636614056696          3.875823952660          2.148251665403     c 
         -2.692303753188          4.035267813116         -3.118019633935     h 
         -0.643474789903          1.406933441945         -3.118917283052     h 
         -6.036008945849          1.108284449357         -1.169341888221     h 
         -5.180049379484          0.646340910815         -4.341775335758     h 
         -2.362945879798         -2.869876837468         -3.163669148995     h 
         -5.540904460634         -3.392556673333         -2.289813841418     h 
         -4.279872082939         -1.851312413706          2.148949869252     h 
          0.814989573059          6.003787154443          2.208282623838     h 
          0.038510757246          6.579007299390         -0.986271972669     h 
          3.043667529100          3.463879437886         -2.417058106412     h 
          4.690268641929          4.885630204539          0.094135332059     h 
         -2.654891688467         -6.089539682580          3.250254002578     h 
         -5.048679931749         -6.358152420210          0.946639672665     h 
         -1.839027559499         -6.626878275134          0.058676208589     h 
          3.503037872414         -0.123804260389         -4.256275345263     h 
          6.489924769443          0.340691853635         -2.796055207497     h 
          5.438191296996         -2.731907572689         -3.596702518570     h 
          7.256089047553         -1.859176045450          1.485134616495     h 
          4.661587471843         -3.004063510191          3.250701289372     h 
          5.668937200741         -4.645793946038          0.530498087896     h 
         -4.897263593299          2.325949462589          2.617916073695     h 
         -2.971449318703          4.700566146987          3.911569633563     h 
         -4.706548776113          5.308410414898          1.132690077590     h 
$end
