   -0.00709755
   -0.03336686
   -0.06075902
   -0.05875667
   -0.02800310
    0.11130705
   -0.06751325
    0.01747675
   -0.48388166
    0.08160916
   -0.11291490
    0.01156264
   -0.11584794
    0.04812626
   -0.48233554
   -0.11084115
    0.04119795
    0.04299627
    0.03765806
    0.04263337
    0.04658821
    0.02344371
    0.05589964
    0.04993427
    0.30310669
    0.04728544
    0.01664997
    0.03378413
    0.03367465
    0.03314368
    0.02648825
    0.31166128
    0.05421884
    0.04504166
    0.04582971
