$coord
 0.20343259787297 -1.23761371838095   0.19332618037880  c
-1.75984232608467  0.70843680533976   1.30478380122692  c
-0.66672667236405  3.45907458119479   1.36526786120100  c
 1.06176051770943  4.17539853503764  -0.87635098226077  c
 2.88201290430588  1.98329493046470  -1.56077141863149  c
 1.28300207807021 -0.29403160901504  -2.39378548208498  c
 2.63694112894327 -1.17167606410618   1.86944473836340  c
 4.22506221988583  0.98732840133559   0.78970407043349  c
 2.95776524136005 -2.09173042247942  -3.55413200830259  o
-0.95561315342626 -3.90510331105259   0.00618301308450  c
 6.39891190043755  1.86832700627312   1.73091644183699  c
-4.43467040398490  0.59182902177220   0.20410253591898  c
-6.37144801827775 -0.07727515455599   1.71081721053037  c
-1.98523411573617  0.15633924922480   3.30021355976049  h
-1.80853447753638 -4.89850985111590   2.37785777469148  o
-4.93750201289319  1.32267984826454  -2.52268804289457  c
-2.23077677351099  4.82288198034394   1.52966714221152  h
 0.44073406869668  3.65099320741136   3.11705085828261  h
-0.05835074255593  4.66732665664453  -2.56455333178356  h
 2.16272402711726  5.87122539239218  -0.37768387852601  h
 4.20304007060238  2.58773796403830  -3.05045215355258  h
-0.19918678690217  0.26020418971116  -3.74422116026781  h
 3.67162643176315 -2.97057925688574   1.68903000359042  h
 2.21429537953502 -0.91995188475111   3.89023960667675  h
 1.93940463908408 -3.42957581390928  -4.32181130695941  h
 0.50085118795554 -5.23503813936844  -0.65413393747796  h
-2.50034466639533 -3.91718686648691  -1.40409710428585  h
 7.23696805382260  1.09386432138903   3.45255500864009  h
 7.42986720821186  3.40567888994822   0.81470655546498  h
-8.31724472939669 -0.12691291947975   1.02279285233474  h
-6.09700249270251 -0.55406645655027   3.70264179901702  h
-3.40953645042766 -4.06932117083212   2.78927983150342  h
-4.06888139652847  3.15333033363203  -2.99661641364517  h
-4.16568178822014 -0.07650480728464  -3.85687199846402  h
-6.97827009847297  1.46918772995625  -2.88575832015633  h
$end
