           1           2  0.961289336136782     
           2           3  0.979594130224191     
           3           4   1.00848496667904     
           4           5  0.979782457348511     
           1           6  0.959987747919297     
           5           6  0.979047647445027     
           1           7  0.982503023053845     
           5           8  0.994030220468174     
           7           8   1.00780595528798     
           6           9  0.977124787640854     
           1          10  0.976432682593922     
           8          11   1.93658326645488     
           2          12  0.998600477369256     
          12          13   1.92020936445397     
           2          14  0.958800017661936     
          10          15  0.996413409507686     
          12          16   1.02659681257852     
           3          17  0.975758758805634     
           3          18  0.976924173318032     
           4          19  0.970670820503813     
           4          20  0.975452692528673     
           5          21  0.962145609228297     
           6          22  0.956647442476827     
           7          23  0.956457690440731     
           7          24  0.965714135898867     
           9          25  0.890098113277003     
          10          26  0.967945090187925     
          10          27  0.967764597265997     
          11          28  0.975195750237065     
          11          29  0.975040629059286     
          13          30  0.975103819524595     
          13          31  0.971574167258858     
          15          32  0.876410406593395     
          16          33  0.968653878160257     
          16          34  0.962498986288392     
          16          35  0.981903710250173     
