*************************************************
******************* ORCA 6.1.1 ******************
*************************************************
$Calculation_Status
   &GeometryIndex 1
   &version [&Type "String"] "6.1.1"
   &progName [&Type "String"] "LeanSCF"
   &Status [&Type "String"] "NORMAL TERMINATION"
$End
$Geometry
   &GeometryIndex 1
   &NAtoms [&Type "Integer"] 35
   &NCorelessECP [&Type "Integer"] 0
   &NGhostAtoms [&Type "Integer"] 0
   &CartesianCoordinates [&Type "Coordinates", &Dim(35,4), &Units "Bohr"] 
              C      0.184849328856   -1.203640002460    0.190649475483
              C     -1.821257283729    0.754814562939    1.229526315561
              C     -0.649614647056    3.456241090155    1.437612976084
              C      1.085793343681    4.227759295014   -0.780172309246
              C      2.859753240057    2.025682729692   -1.548396349556
              C      1.231717915051   -0.248674375495   -2.381127127428
              C      2.606653565129   -1.112946256306    1.889909845726
              C      4.243005255485    0.979137253973    0.753109800931
              O      2.742437256249   -2.219008372020   -3.484032023833
              C     -0.907571018493   -3.883861646654   -0.003256464513
              C      6.489539910519    1.759144126956    1.608769492804
              C     -4.387825629451    0.693375916697   -0.123278591891
              C     -4.911569402525    1.881982260535   -2.305636727666
              H     -2.205983921436    0.145005988913    3.182421481284
              O     -1.647719549565   -4.705676933441    2.480138425871
              C     -6.455814401332   -0.733130533808    1.264781696003
              H     -2.176032944048    4.850159786256    1.669114934178
              H      0.471816519653    3.535022982962    3.190370172071
              H     -0.027998977030    4.810382479770   -2.442112979604
              H      2.224541134683    5.880231154506   -0.223685848981
              H      4.159558478853    2.660317231013   -3.049315989031
              H     -0.285038069354    0.303675070051   -3.699131714853
              H      3.611627568466   -2.934347914356    1.800631511060
              H      2.160156236079   -0.771480469485    3.892532642926
              H      3.643100171667   -1.489089585380   -4.925804081347
              H      0.546070662091   -5.153138438559   -0.788833061690
              H     -2.534418258883   -3.900595932374   -1.317653081923
              H      7.356230929721    0.947457558330    3.298908706987
              H      7.550763729482    3.253443707885    0.656404875062
              H     -6.801267549602    1.792810473353   -3.133833522097
              H     -3.533616727007    3.003965089704   -3.345500364400
              H     -2.202146475174   -6.463554890030    2.347179118863
              H     -6.887410155113    0.214465827364    3.074163670098
              H     -8.211061129898   -0.828186021669    0.155271920089
              H     -5.856220196738   -2.664976541281    1.747034037369
$End
$SCF_Energy
   &GeometryIndex 1
   &Method [&Type "String"] "SCF"
   &totalEnergy [&Type "ArrayOfDoubles", &Dim (1,1)] "Total energy of each state"
                                                         0

0                                     -6.5776819077682740e+02
   &Mult [&Type "ArrayOfIntegers", &Dim (1,1)] "Multiplicity of each state"
                                                         0

0                                                        1
$End
$DFT_Energy
   &GeometryIndex 1
   &nAlphaEl [&Type "Integer"] 57
   &nBetaEl [&Type "Integer"] 57
   &nTotalEl [&Type "Integer"] 114
   &finalEn [&Type "Double"]      -6.5776819077682740e+02  "No Van der Waals correction"
   &eExchange [&Type "Double"]      -9.1093650243876425e+01
   &eCorr [&Type "Double"]      -4.0400919888777196e+00
   &eXC [&Type "Double"]      -9.5133742232754145e+01
   &eCNL [&Type "Double"]       0.0000000000000000e+00
$End
$Solvation_Details
   &GeometryIndex 1
   &Solvent [&Type "String"] "CHLOROFORM"
   &Epsilon [&Type "Double"]       4.8029999999999999e+00
   &Refrac [&Type "Double"]       1.4459000000000000e+00
   &RSolv [&Type "Double"]       1.3000000000000000e+00
   &SurfaceType [&Type "String"] "GAUSSIAN VDW"
   &CPCMDielEnergy [&Type "Double"]      -1.2865311000000001e-02
   &NPoints [&Type "Integer"] 2598
   &SurfaceArea [&Type "Double"]       9.1654167405199996e+02
$End
$SCF_Timings
   &GeometryIndex 1
   &TOTAL [&Type "Double"]       1.4638410000000000e+01
   &PREP [&Type "Double"]       5.4363399999999995e-01
   &FOCK [&Type "Double"]       1.0849511999999999e+01
   &DENS [&Type "Double"]       2.3732200000000425e-01
   &ETOT [&Type "Double"]       1.0633300000000045e-01
   &TRAFO [&Type "Double"]       3.5841999999999974e-01
   &DIIS [&Type "Double"]       1.5298759999999987e+00
   &SOSCF [&Type "Double"]       7.3356899999999747e-01
   &XC [&Type "Double"]       3.6806770000000046e+00
   &FOCKSTART [&Type "Double"]       5.8503999999999778e-02
   &SOLV [&Type "Double"]       4.4743629999999985e+00
   &SOLV_INIT [&Type "Double"]       2.6936700000000002e-01
   &INT_BF [&Type "Double"]       1.0780170000000093e+00
   &INT_DENS [&Type "Double"]       9.1129299999992930e-01
   &INT_DENSIO [&Type "Double"]       1.9786425956000017e+04
   &INT_FUNC [&Type "Double"]       3.3909899999999127e-01
   &INT_POT [&Type "Double"]       8.6886799999999520e-01
   &INT_POTIO [&Type "Double"]       1.1992000000006664e-02
   &INT_SUM [&Type "Double"]       9.4099999999763817e-04
   &SPLITRIJ [&Type "Double"]       3.2102280000000012e+00
$End
$Single_Point_Data
   &GeometryIndex 1
   &FinalEnergy [&Type "Double"]      -6.5776819077682740e+02  "Final single point energy"
   &Converged [&Type "Boolean"] true
$End
$Calculation_Info
   &GeometryIndex 1
   &Mult [&Type "Integer"] 1
   &Charge [&Type "Integer"] 0
   &NumOfAtoms [&Type "Integer"] 35
   &NumOfElectrons [&Type "Integer"] 114
   &NumOfBasisFuncts [&Type "Integer"] 605
   &NumOfAuxCBasisFuncts [&Type "Integer"] 0
   &NumOfAuxJBasisFuncts [&Type "Integer"] 955
   &NumOfAuxJKBasisFuncts [&Type "Integer"] 0
   &NumOfCABSBasisFuncts [&Type "Integer"] 0
$End
$SCF_Dipole_Moment
   &GeometryIndex 1
   &dipoleMagnitude [&Type "Double", &Units "a.u."]       6.3370586428098885e-01
   &dipoleElecContrib [&Type "ArrayOfDoubles", &Dim (3,1)] "Electronic contribution"
                                                         0

0                                      4.4431674946548343e+00
1                                     -3.4922741791270289e+00
2                                     -1.5975944984574606e+00
   &dipoleNucContrib [&Type "ArrayOfDoubles", &Dim (3,1)] "Nuclear contribution"
                                                         0

0                                     -4.6135322598233124e+00
1                                      3.5301688074637028e+00
2                                      9.8839587209949697e-01
   &dipoleTotal [&Type "ArrayOfDoubles", &Dim (3,1)] "Total"
                                                         0

0                                     -1.7036476516847809e-01
1                                      3.7894628336673897e-02
2                                     -6.0919862635796362e-01
   &doAtomicDipole [&Type "Boolean"] false
   &Method [&Type "String"] "SCF"
   &Level [&Type "String"] "Relaxed density"
   &Mult [&Type "Integer"] 1
   &State [&Type "Integer"] -1
   &Irrep [&Type "Integer"] 0
$End
$SCF_Spin_Spin_Coupling
   &GeometryIndex 1
   &numOfNucPairs [&Type "Integer"] 187 "Number of nuclei pairs to calculate"
   &numOfNucPairsDSO [&Type "Integer"] 0 "number of nuclear pairs to calculate DSO"
   &numOfNucPairsPSO [&Type "Integer"] 0 "number of nuclear pairs to calculate PSO"
   &numOfNucPairsFC [&Type "Integer"] 187 "number of nuclear pairs to calculate FC"
   &numOfNucPairsSD [&Type "Integer"] 0 "number of nuclear pairs to calculate SD"
   &numOfNucPairsSD_FC [&Type "Integer"] 0 "number of nuclear pairs to calculate SD/FC"
   &pairsInfo [&Type "ArrayOfIntegers", &Dim (187,4)] "Pairs Info: Col1->Index of A. Col2->Atom. Num. of A.  Col3->Index of B. Col4->Atom. Num. of B."
                                                         0                           1                           2                           3

0                                                       13                           1                          16                           1
1                                                       13                           1                          17                           1
2                                                       13                           1                          18                           1
3                                                       13                           1                          19                           1
4                                                       13                           1                          20                           1
5                                                       13                           1                          21                           1
6                                                       13                           1                          22                           1
7                                                       13                           1                          23                           1
8                                                       13                           1                          24                           1
9                                                       13                           1                          25                           1
10                                                      13                           1                          26                           1
11                                                      13                           1                          27                           1
12                                                      13                           1                          28                           1
13                                                      13                           1                          29                           1
14                                                      13                           1                          30                           1
15                                                      13                           1                          31                           1
16                                                      13                           1                          32                           1
17                                                      13                           1                          33                           1
18                                                      13                           1                          34                           1
19                                                      16                           1                          17                           1
20                                                      16                           1                          18                           1
21                                                      16                           1                          19                           1
22                                                      16                           1                          20                           1
23                                                      16                           1                          21                           1
24                                                      16                           1                          22                           1
25                                                      16                           1                          23                           1
26                                                      16                           1                          24                           1
27                                                      16                           1                          25                           1
28                                                      16                           1                          26                           1
29                                                      16                           1                          27                           1
30                                                      16                           1                          28                           1
31                                                      16                           1                          29                           1
32                                                      16                           1                          30                           1
33                                                      16                           1                          31                           1
34                                                      16                           1                          32                           1
35                                                      16                           1                          33                           1
36                                                      16                           1                          34                           1
37                                                      17                           1                          18                           1
38                                                      17                           1                          19                           1
39                                                      17                           1                          20                           1
40                                                      17                           1                          21                           1
41                                                      17                           1                          22                           1
42                                                      17                           1                          23                           1
43                                                      17                           1                          24                           1
44                                                      17                           1                          25                           1
45                                                      17                           1                          26                           1
46                                                      17                           1                          27                           1
47                                                      17                           1                          28                           1
48                                                      17                           1                          29                           1
49                                                      17                           1                          30                           1
50                                                      17                           1                          31                           1
51                                                      17                           1                          32                           1
52                                                      17                           1                          33                           1
53                                                      17                           1                          34                           1
54                                                      18                           1                          19                           1
55                                                      18                           1                          20                           1
56                                                      18                           1                          21                           1
57                                                      18                           1                          22                           1
58                                                      18                           1                          23                           1
59                                                      18                           1                          24                           1
60                                                      18                           1                          25                           1
61                                                      18                           1                          26                           1
62                                                      18                           1                          27                           1
63                                                      18                           1                          28                           1
64                                                      18                           1                          29                           1
65                                                      18                           1                          30                           1
66                                                      18                           1                          31                           1
67                                                      18                           1                          32                           1
68                                                      18                           1                          33                           1
69                                                      18                           1                          34                           1
70                                                      19                           1                          20                           1
71                                                      19                           1                          21                           1
72                                                      19                           1                          22                           1
73                                                      19                           1                          23                           1
74                                                      19                           1                          24                           1
75                                                      19                           1                          25                           1
76                                                      19                           1                          26                           1
77                                                      19                           1                          27                           1
78                                                      19                           1                          28                           1
79                                                      19                           1                          29                           1
80                                                      19                           1                          30                           1
81                                                      19                           1                          31                           1
82                                                      19                           1                          32                           1
83                                                      19                           1                          33                           1
84                                                      19                           1                          34                           1
85                                                      20                           1                          21                           1
86                                                      20                           1                          22                           1
87                                                      20                           1                          23                           1
88                                                      20                           1                          24                           1
89                                                      20                           1                          25                           1
90                                                      20                           1                          26                           1
91                                                      20                           1                          27                           1
92                                                      20                           1                          28                           1
93                                                      20                           1                          29                           1
94                                                      20                           1                          30                           1
95                                                      20                           1                          31                           1
96                                                      20                           1                          32                           1
97                                                      20                           1                          33                           1
98                                                      20                           1                          34                           1
99                                                      21                           1                          22                           1
100                                                     21                           1                          23                           1
101                                                     21                           1                          24                           1
102                                                     21                           1                          25                           1
103                                                     21                           1                          26                           1
104                                                     21                           1                          27                           1
105                                                     21                           1                          28                           1
106                                                     21                           1                          29                           1
107                                                     21                           1                          30                           1
108                                                     21                           1                          31                           1
109                                                     21                           1                          32                           1
110                                                     21                           1                          33                           1
111                                                     21                           1                          34                           1
112                                                     22                           1                          23                           1
113                                                     22                           1                          24                           1
114                                                     22                           1                          25                           1
115                                                     22                           1                          26                           1
116                                                     22                           1                          27                           1
117                                                     22                           1                          28                           1
118                                                     22                           1                          29                           1
119                                                     22                           1                          30                           1
120                                                     22                           1                          31                           1
121                                                     22                           1                          32                           1
122                                                     22                           1                          33                           1
123                                                     22                           1                          34                           1
124                                                     23                           1                          24                           1
125                                                     23                           1                          25                           1
126                                                     23                           1                          26                           1
127                                                     23                           1                          27                           1
128                                                     23                           1                          28                           1
129                                                     23                           1                          29                           1
130                                                     23                           1                          30                           1
131                                                     23                           1                          31                           1
132                                                     23                           1                          32                           1
133                                                     23                           1                          33                           1
134                                                     23                           1                          34                           1
135                                                     24                           1                          25                           1
136                                                     24                           1                          26                           1
137                                                     24                           1                          27                           1
138                                                     24                           1                          28                           1
139                                                     24                           1                          29                           1
140                                                     24                           1                          30                           1
141                                                     24                           1                          31                           1
142                                                     24                           1                          32                           1
143                                                     24                           1                          33                           1
144                                                     24                           1                          34                           1
145                                                     25                           1                          26                           1
146                                                     25                           1                          27                           1
147                                                     25                           1                          28                           1
148                                                     25                           1                          29                           1
149                                                     25                           1                          30                           1
150                                                     25                           1                          31                           1
151                                                     25                           1                          32                           1
152                                                     25                           1                          33                           1
153                                                     25                           1                          34                           1
154                                                     26                           1                          27                           1
155                                                     26                           1                          28                           1
156                                                     26                           1                          29                           1
157                                                     26                           1                          30                           1
158                                                     26                           1                          31                           1
159                                                     26                           1                          32                           1
160                                                     26                           1                          33                           1
161                                                     26                           1                          34                           1
162                                                     27                           1                          28                           1
163                                                     27                           1                          30                           1
164                                                     27                           1                          31                           1
165                                                     27                           1                          32                           1
166                                                     27                           1                          34                           1
167                                                     28                           1                          29                           1
168                                                     28                           1                          30                           1
169                                                     28                           1                          31                           1
170                                                     28                           1                          32                           1
171                                                     28                           1                          34                           1
172                                                     29                           1                          30                           1
173                                                     29                           1                          31                           1
174                                                     29                           1                          32                           1
175                                                     29                           1                          33                           1
176                                                     29                           1                          34                           1
177                                                     30                           1                          31                           1
178                                                     30                           1                          32                           1
179                                                     30                           1                          33                           1
180                                                     30                           1                          34                           1
181                                                     31                           1                          32                           1
182                                                     31                           1                          33                           1
183                                                     31                           1                          34                           1
184                                                     32                           1                          33                           1
185                                                     32                           1                          34                           1
186                                                     33                           1                          34                           1
   &pairsDistances [&Type "ArrayOfDoubles", &Dim (187,1)] "The distances of each pair"
                                                         0

0                                      2.6155204378362167e+00
1                                      2.2860757715939619e+00
2                                      4.0351191448586157e+00
3                                      4.2375143970749107e+00
4                                      4.8982911073053401e+00
5                                      3.7817101603819956e+00
6                                      3.5591393512469942e+00
7                                      2.3905333755693268e+00
8                                      5.3607864727020793e+00
9                                      3.7944257336204354e+00
10                                     3.2068940042262857e+00
11                                     5.0782666811093558e+00
12                                     5.5811833645221007e+00
13                                     4.2243778873020412e+00
14                                     3.8360792622753919e+00
15                                     3.5249209001690067e+00
16                                     2.4782389597579169e+00
17                                     3.5957460638992225e+00
18                                     2.5532766740024435e+00
19                                     1.7594572479730772e+00
20                                     2.4547108248032550e+00
21                                     2.5929032014006599e+00
22                                     4.3379209087622881e+00
23                                     3.8548101423947703e+00
24                                     5.1336427377703444e+00
25                                     3.9369134879629004e+00
26                                     5.7371534681224485e+00
27                                     5.6380927766114404e+00
28                                     4.8966751490640261e+00
29                                     5.5184675502051155e+00
30                                     5.2435469023297960e+00
31                                     3.8817409467066244e+00
32                                     2.9175778873514382e+00
33                                     5.9977186809881147e+00
34                                     3.5758010195178844e+00
35                                     4.4575727353111638e+00
36                                     4.4282718562472549e+00
37                                     3.0674583786992256e+00
38                                     2.3799931557028171e+00
39                                     3.8632920613529693e+00
40                                     4.0467241761211517e+00
41                                     3.8757506193810047e+00
42                                     2.4758196366757970e+00
43                                     5.3226660636576097e+00
44                                     5.0569997244674623e+00
45                                     4.8686646975778070e+00
46                                     3.8923290329041573e+00
47                                     3.9815709731119968e+00
48                                     5.1829283324811861e+00
49                                     4.0661723820700333e+00
50                                     5.4951074231609409e+00
51                                     4.2728502412875935e+00
52                                     5.3872677316326154e+00
53                                     4.7498558877976036e+00
54                                     1.7662102557013590e+00
55                                     2.5116198373819891e+00
56                                     2.4796103881939060e+00
57                                     5.0543657110113278e+00
58                                     4.6154735509528546e+00
59                                     4.0760057387320474e+00
60                                     5.3531875947765162e+00
61                                     4.8334390545313299e+00
62                                     5.3551156976763261e+00
63                                     4.4103837960088699e+00
64                                     3.9409097317675372e+00
65                                     2.1409523904349204e+00
66                                     6.5832260762561319e+00
67                                     5.2546865037213299e+00
68                                     5.4354091002126141e+00
69                                     5.4840252500018698e+00
70                                     2.4874888369735131e+00
71                                     3.7221397033964707e+00
72                                     4.8418608106714878e+00
73                                     4.1395279938723135e+00
74                                     4.6864046435304072e+00
75                                     5.9133486969147944e+00
76                                     5.7849752447591731e+00
77                                     4.2027188555323187e+00
78                                     3.1769685584209819e+00
79                                     5.4646659814720220e+00
80                                     3.7855598533419808e+00
81                                     7.0714780912732982e+00
82                                     5.9401023076520705e+00
83                                     6.5679454329436107e+00
84                                     6.3103803016370206e+00
85                                     2.6842620810516227e+00
86                                     3.9288511255175931e+00
87                                     4.2322303971641198e+00
88                                     2.4253129403754348e+00
89                                     4.7098902102745734e+00
90                                     5.0439655480351728e+00
91                                     3.8688811166390868e+00
92                                     2.6766345632688084e+00
93                                     5.8185294481900751e+00
94                                     4.0781254949107462e+00
95                                     6.5421048855776798e+00
96                                     6.8079981210003897e+00
97                                     7.0097759681847318e+00
98                                     6.5172539856124176e+00
99                                     3.9570352817149659e+00
100                                    4.2587523648998458e+00
101                                    2.3753514841925871e+00
102                                    3.3020570297774219e+00
103                                    2.8204225023658838e+00
104                                    5.4936653018155273e+00
105                                    4.9942561807259800e+00
106                                    3.5497628758337871e+00
107                                    2.2432298487030957e+00
108                                    4.9082029228785302e+00
109                                    5.0056025920688638e+00
110                                    4.7022205092521903e+00
111                                    4.4119444538049644e+00
112                                    1.7678649467770611e+00
113                                    3.6407506511968135e+00
114                                    2.4264951806392099e+00
115                                    3.6826784937131620e+00
116                                    2.9622252355424554e+00
117                                    3.9285772893388797e+00
118                                    6.5908241931968670e+00
119                                    5.6202693005842974e+00
120                                    3.6106015231753879e+00
121                                    5.8393621218229983e+00
122                                    6.4141668338048401e+00
123                                    5.0122768748398476e+00
124                                    4.7471988066326007e+00
125                                    3.4989533012482248e+00
126                                    4.0638752284994659e+00
127                                    2.9131832316765323e+00
128                                    3.9504837183767827e+00
129                                    6.1769404110467265e+00
130                                    5.2668994925612189e+00
131                                    3.8820662775470631e+00
132                                    4.8355411669172410e+00
133                                    5.8337433131910919e+00
134                                    4.5042519142050095e+00
135                                    3.3523021131233963e+00
136                                    3.9950548836088338e+00
137                                    4.9463210862033247e+00
138                                    4.3932071719725405e+00
139                                    5.8704536277426662e+00
140                                    4.5579997921979531e+00
141                                    5.5954953299460017e+00
142                                    7.0560027959242317e+00
143                                    6.8338737788802542e+00
144                                    6.1745381302004771e+00
145                                    1.7818368125458046e+00
146                                    5.2998408358371822e+00
147                                    5.8407611896040050e+00
148                                    5.4924569738335984e+00
149                                    5.0123651443609472e+00
150                                    2.3129621541859984e+00
151                                    5.2649956100222157e+00
152                                    5.1925176129549877e+00
153                                    3.8746071815719749e+00
154                                    6.3200953875075383e+00
155                                    6.6260949806983982e+00
156                                    3.8857389354975505e+00
157                                    3.8445926043774343e+00
158                                    2.3730608500111465e+00
159                                    3.9305552595807529e+00
160                                    3.5035162102586148e+00
161                                    2.4794327198925701e+00
162                                    1.8587790392601036e+00
163                                    6.8377840781473980e+00
164                                    6.4201098205505103e+00
165                                    7.5483210110223764e+00
166                                    7.2947200023240999e+00
167                                    7.8930848842541215e+00
168                                    6.2375824927098451e+00
169                                    7.3400910796268830e+00
170                                    7.9118949381911428e+00
171                                    7.7766437185682600e+00
172                                    1.8475212804163044e+00
173                                    5.7813907685193886e+00
174                                    3.3899499008191367e+00
175                                    2.3472666117741330e+00
176                                    3.5335349018551461e+00
177                                    5.8882313240542494e+00
178                                    4.1072239207910064e+00
179                                    3.6974030320279399e+00
180                                    4.2156958918890233e+00
181                                    4.3339633709581600e+00
182                                    4.5110268114676142e+00
183                                    2.8072153311926806e+00
184                                    1.7835002127174830e+00
185                                    1.7642972990558263e+00
186                                    1.7908393372833420e+00
   &pairsTotalSSCIso [&Type "ArrayOfDoubles", &Dim (187,1)] "The Spin-Spin coupling constant for each pair"
                                                         0

0                                      7.6759719160068818e-01
1                                      7.7651606613812056e+00
2                                     -6.1359793924510186e-01
3                                      8.9749212222680996e-01
4                                      1.8687713360895741e-01
5                                     -2.8913631806736056e-01
6                                     -3.0774085879834401e-01
7                                     -4.2742046985988202e-01
8                                      8.7222972317326675e-01
9                                     -5.9973772039275253e-01
10                                    -2.5188907134817706e-01
11                                     1.4419940835983748e-02
12                                     3.8884057032391714e-02
13                                     1.1951086633884618e+00
14                                    -4.1560015631460956e-01
15                                    -6.8316149437073065e-03
16                                    -4.5386887806983484e-01
17                                     8.7958011687981075e-01
18                                    -4.6616391100865356e-01
19                                    -1.4863313261998934e+01
20                                     6.0260168616923302e+00
21                                     1.1384011737599455e+00
22                                     3.7994823600275718e-01
23                                     9.2669053056323197e-02
24                                     5.2175398397962206e-03
25                                    -6.0217517018674740e-02
26                                    -1.8309828198113880e-02
27                                     7.1720022447181775e-01
28                                     1.2774079190297365e-02
29                                    -4.0687818019590908e-03
30                                     2.8182737625379775e-02
31                                     1.2581201751320892e-01
32                                     2.6621962949351749e-02
33                                    -2.6101171718243877e-02
34                                     6.5742637228987516e-02
35                                     8.7449064613364574e-02
36                                    -3.5582961672321119e-02
37                                     1.3785616404974515e+01
38                                     6.6615064155472759e+00
39                                    -5.3187906831789289e-01
40                                    -1.0996008398715226e-03
41                                     4.5749053194954220e-01
42                                    -1.1884964616700362e-01
43                                    -4.2176109211624468e-03
44                                    -4.2684265811625821e-02
45                                     4.8614741703481471e-02
46                                    -3.6785064585220614e-02
47                                    -1.4904921252986456e-02
48                                    -2.0577828121849345e-01
49                                    -2.2724799132216802e-01
50                                     5.2989023888980059e-02
51                                    -1.4919030244641107e-01
52                                     6.4978405346760484e-02
53                                    -1.3298023549597099e-01
54                                    -1.3821725421918908e+01
55                                     2.5669829673972364e+00
56                                    -2.5839098764568003e-01
57                                    -4.3146060768952360e-01
58                                    -7.7597953723445801e-02
59                                     8.1869334408728511e-02
60                                    -7.7105085094026724e-03
61                                    -7.9824736201530963e-04
62                                     1.2641592655837458e-01
63                                    -7.5268952557631830e-02
64                                     5.5839169056893435e-02
65                                    -5.2239092931808317e-01
66                                    -3.0526523158797643e-04
67                                    -2.8457607498559502e-02
68                                    -5.5018720782782585e-03
69                                    -3.4646216414153011e-02
70                                     4.4752834736702543e+00
71                                    -2.3214143625945699e-01
72                                     1.4667117840349822e-01
73                                     6.9442349717946356e-02
74                                     5.9367353666661155e-02
75                                    -2.3605336710612174e-02
76                                    -9.4040241985358444e-03
77                                     1.3586871356768293e-01
78                                     8.7271885030165988e-02
79                                     7.8870891277645086e-02
80                                    -3.6866805065953828e-02
81                                    -2.8636462382409165e-02
82                                    -6.1896109466026181e-02
83                                     3.7243672511259054e-02
84                                    -1.3566257880304688e-02
85                                     7.9554034024946385e-01
86                                     3.4937174771312363e-01
87                                    -1.3626657044567776e+00
88                                    -9.8563294798928891e-02
89                                    -2.9492685302685347e-02
90                                    -1.0436841777935586e-01
91                                    -1.1128030820231372e+00
92                                    -1.0328401864351435e+00
93                                     1.6195038048119642e-02
94                                     1.2346597785321815e-02
95                                     3.9334112692424572e-01
96                                    -6.4618130261866174e-03
97                                    -8.8127320622363725e-03
98                                    -1.7088200540937228e-03
99                                    -6.5503991522604976e-01
100                                    9.6006201996235874e-01
101                                    3.5426340297629572e-01
102                                   -8.5563064694975349e-02
103                                   -1.1181655612345316e-01
104                                    8.7245332928501029e-01
105                                    2.5837083208932787e-01
106                                    3.4838073123254890e-02
107                                   -4.6859400997936829e-01
108                                   -8.9697698302777157e-02
109                                    3.2552943516650404e-02
110                                   -2.7809895998038613e-03
111                                    1.6494728329077273e-02
112                                   -1.8771120767253045e+01
113                                    1.7432145304705653e-02
114                                   -3.5902795646554031e-01
115                                    1.2089877359238684e-01
116                                   -2.6268438620651695e+00
117                                   -3.0955387080021728e+00
118                                   -4.3158104058714494e-02
119                                   -5.4533968871519692e-02
120                                    1.6236339757080220e-02
121                                   -2.9228958158189784e-02
122                                    8.4463361347272906e-02
123                                   -6.3177199692856040e-02
124                                   -1.6941516115765176e-01
125                                   -1.3720943169776428e-01
126                                   -1.9006045955980155e-01
127                                   -2.0922073260376619e+00
128                                   -2.4625812258773170e+00
129                                   -6.2948956467670097e-03
130                                   -3.6579154391505261e-02
131                                    8.5163201892149015e-02
132                                   -1.3525376847245281e-02
133                                    1.9014340606675010e-02
134                                   -2.0962066146829373e-02
135                                    9.6682869334950100e-02
136                                    1.2636108924477391e-01
137                                    3.6573001402973506e-03
138                                   -2.9323816145324158e-03
139                                   -1.8738670436059597e-02
140                                   -1.6539165384048087e-02
141                                    2.8191986289079585e-02
142                                    7.6892467695543866e-03
143                                    1.3310797761260417e-02
144                                   -1.2480126076053939e-02
145                                   -9.0006603568759065e+00
146                                   -2.1440583362682147e-02
147                                   -1.4227790149916876e-02
148                                   -1.6532560508581541e-03
149                                    2.5020302987101084e-03
150                                    1.9763943106757857e+00
151                                    5.6335979866873311e-02
152                                   -1.9054603012113279e-02
153                                    2.6918016202900158e-02
154                                    6.3998453621056332e-03
155                                    1.9112009768218419e-01
156                                   -1.5783781633610636e-02
157                                   -4.7750907801832141e-03
158                                    6.7651189677572199e-01
159                                    8.2959734174198385e-02
160                                   -6.7175399372688752e-03
161                                    8.4502623780392770e-03
162                                    3.8731129581119150e-01
163                                    7.4407506828842000e-03
164                                   -5.8328999196456070e-03
165                                   -2.0649389118706420e-03
166                                    9.4047449516383480e-04
167                                    1.0199481298907100e-02
168                                    3.7136639871113257e-03
169                                   -1.5237481549573046e-02
170                                   -2.7995584012863576e-03
171                                   -1.8070042745884493e-03
172                                    3.5444426008674662e-01
173                                    2.2391844232562536e-02
174                                   -2.6083654317594780e+00
175                                   -4.8504079994273114e-01
176                                   -1.8362930966595337e+00
177                                    1.1284858538816649e-02
178                                   -2.3350397013577866e+00
179                                    3.6148470989112058e-01
180                                   -1.1855081330338257e+00
181                                    1.1880293429245733e-02
182                                    2.1618464401201208e-02
183                                    9.2630092260392385e-02
184                                   -1.3136961314932748e+01
185                                   -1.8767026267670524e+01
186                                   -1.1857091241152606e+01
   &Method [&Type "String"] "SCF"
   &Level [&Type "String"] "Relaxed density"
   &Mult [&Type "Integer"] 1
   &State [&Type "Integer"] -1
   &Irrep [&Type "Integer"] 0
$End
$Calculation_Timings
   &GeometryIndex 1
   &GTOINT [&Type "Double"]       1.6492950000000000e+00
   &SCF [&Type "Double"]       1.6734777000000001e+01
   &PROPINT [&Type "Double"]       1.1438690000000022e+00
   &RESPONSE [&Type "Double"]       8.8356789999999990e+00
   &PROP [&Type "Double"]       7.2287899999999894e-01
   &SUM [&Type "Double"]       2.9086499000000000e+01
$End
