$coord
-0.34366660795869  0.66985622765424   4.79069805139611  c
 2.51105808754990  1.05689678697969   4.70474101076239  c
-4.15212965750750 -6.36800421286744  -0.18123393367332  c
-6.29356449360945 -5.43029325197452   0.99377281163369  c
-6.32269685832425 -2.96111192055315   1.82004680658974  c
-4.25360584888016 -1.37474799940632   1.42345836557527  c
-2.14600897790397 -2.25695617256049   0.07361071662682  c
-2.12152589182474 -4.78574675314069  -0.63367253433956  c
-4.27811256749637  1.04454166440795   2.37782102446713  n
-1.83944029102760  2.18485215762816   2.79256206295994  c
-0.45639662126457  2.25647918187588   0.24063935319280  c
 0.01045376593787 -0.50896845814466  -0.67413444495905  c
 2.20245980079972  3.31367847640271   0.64907397706171  c
 3.52543963228869  1.11091219056030   1.98972421198351  c
 2.60482952233480 -1.22143567498237   0.50007789576756  c
 6.34221724183986  1.35380560775274   2.00931266513492  c
 7.66469311492960  0.74918680511212  -0.02096473842090  c
 6.32227520808025 -0.20411859698803  -2.29984499362530  c
 4.36447209636221 -2.13194583355469  -1.57848825753931  n
 2.69309959379321 -2.50602850531103  -3.83937250855459  c
 0.48323685250208 -0.70829611204428  -3.55004991904596  c
 5.48723988136894 -4.25049472624146  -0.90937233066163  o
 2.48157954504001 -2.87027011098403   1.73628993572245  h
-1.82487874709746  3.89199516508348  -1.68881926598557  c
-0.82008695829993  4.68101234171389  -3.58198145097759  o
-4.19488494825661  4.45112986482873  -1.08151093104593  o
-5.52779540580815  5.99173198820399  -2.83173325170738  c
-1.05343597789141  1.16443973998772   6.66517855055461  h
-0.75198326699703 -1.33007065914432   4.49316245023020  h
 3.01086291940411  2.84671445637786   5.60568445671383  h
 3.42992312934631 -0.45791833418751   5.76210375072538  h
-4.05933836451544 -8.32264229372960  -0.75340627385525  h
-7.90942435370693 -6.63395188212140   1.31540200251383  h
-7.94417305684310 -2.21984177363327   2.81750627528398  h
-0.46796482124856 -5.57239332333775  -1.51907380834148  h
-5.61926563170604  1.39616441298477   3.68368851661607  h
-2.13265747304409  4.12826752220501   3.44109249809618  h
 2.18112258186374  5.01819521713305   1.80524277659366  h
 3.07490930257524  3.78148208549345  -1.15388142136147  h
 7.22464310842012  2.01643096884122   3.72287332424175  h
 9.69772586484313  0.85755407895483  -0.07678618859749  h
 5.42022263254393  1.33884299817631  -3.33559267615692  h
 7.62600715361604 -1.20822310694463  -3.54161081545277  h
 3.77812623160520 -2.20019895684069  -5.56214679062494  h
 2.13975775197568 -4.48808597065808  -3.79213959017484  h
-1.18819984122881 -1.40048785672700  -4.53485199251428  h
 0.96321651976404  1.13285571697426  -4.33714204112100  h
-5.70025444988613  5.02666356064755  -4.64656891249493  h
-7.38065080817627  6.31777662017435  -2.00922354810749  h
-4.53129065528736  7.77522730861860  -3.12244676203641  h
$end