$coord
-1.57288755471190  2.94748008105865   0.63702491812373  c
-4.34484880894427  2.31677794731137   0.07769218736375  c
-4.93266915216381  0.66571917194614  -2.21794633581060  c
-3.46674802941207 -1.82025598113046  -2.36090753325940  c
-2.87534231883025 -2.96411102684117   0.22457444104506  c
-0.34514165069345 -1.98119228712174   1.24389097362412  c
 0.01388318780905  0.85170438184471   1.92000648934522  c
-0.01384656189318  3.65999281081626  -1.69459506346583  c
 2.70365094084183  3.60014550983385  -0.74267318164062  c
 2.79295746547497  1.38583019981434   1.13405483229367  c
 1.55942251472845 -2.57480895742823  -0.52877069790236  o
 3.76238523438907 -1.18221081215481   0.08735693897602  c
-0.23588046231613  1.02332481138856   3.96269616589307  h
 3.95387199261833  1.90311313562599   2.75900311551865  h
 0.03527578913757 -3.04366268071285   3.00317844524686  h
-2.71554380786842 -5.84465654366347   0.03540586541185  c
 5.36848476525116 -1.06472315160102  -2.30842132875178  c
 5.28425602107761 -2.54786702925647   2.15599211737687  c
-1.63117731110739  5.19883063844866   2.48029288059893  c
-5.15126579572210  1.45604602477958   1.77101891049582  h
-5.34082919372443  4.10614685966707  -0.20465392351814  h
-6.95551748692995  0.24850294031654  -2.14577854715687  h
-4.60474298943226  1.74599378520134  -3.94512243517964  h
-1.67351044006364 -1.56633263543333  -3.34148698044121  h
-4.57218547929650 -3.16476764329969  -3.46887784108437  h
-4.36125509690404 -2.49198892357887   1.57987832325863  h
-0.54446102078964  5.49976546479611  -2.45325569530161  h
-0.25375447882569  2.24817601648741  -3.16949220616746  h
 4.05883805253174  3.40665337235053  -2.27250058988259  h
 3.14820955760869  5.35508928495256   0.24324244223788  h
-1.22080343876121 -6.36856219003283  -1.27065308774099  h
-2.29929748818826 -6.67327510954016   1.87070438246316  h
-4.49689287561549 -6.61831418451624  -0.63766373663893  h
 4.24941301110245 -0.39812453343041  -3.89440452658713  h
 6.99764005919979  0.15493122955200  -2.03663792632992  h
 6.02352852225861 -2.96006343209066  -2.75434365673947  h
 4.26167658683691 -2.56100428169257   3.93797370820553  h
 5.62807499633098 -4.49233067631567   1.58701366454670  h
 7.08697949511417 -1.60500759098194   2.43836441343779  h
 0.23642557290325  5.62725771302535   3.21424299328094  h
-2.35844988717454  6.87711300736540   1.54065904948506  h
-2.85878363957627  4.77485795939860   4.07563492269315  h
$end