    0.00025323
   -0.02814292
   -0.05694193
   -0.05636136
   -0.03618492
    0.11757475
   -0.07294228
    0.00983908
   -0.47159411
    0.08081583
   -0.11202262
    0.01711761
   -0.11856664
    0.04405947
   -0.48253590
   -0.11868704
    0.03783132
    0.03753837
    0.05047133
    0.03502643
    0.03227941
    0.00718769
    0.05494024
    0.05064952
    0.31088277
    0.04087944
    0.02919497
    0.03671964
    0.03730299
    0.02912785
    0.02099328
    0.31203129
    0.05055565
    0.07432101
    0.03638656
