           1           2  0.960702013952290     
           2           3  0.982309804007941     
           3           4   1.01024136360129     
           4           5  0.980061885351173     
           1           6  0.966253586886290     
           5           6  0.968925338945821     
           1           7  0.979768033748845     
           5           8  0.994068061741713     
           7           8   1.00580431675502     
           6           9  0.982674448292805     
           1          10  0.977366050209668     
           8          11   1.93626522725955     
           2          12  0.997852828538807     
          12          13   1.91543645035609     
           2          14  0.958781834682644     
          10          15  0.996658477128821     
          12          16   1.03143874681302     
           3          17  0.975026415117774     
           3          18  0.976339707847628     
           4          19  0.970582223363691     
           4          20  0.976401828526663     
           5          21  0.964805807806993     
           6          22  0.958825169129563     
           7          23  0.964960082955893     
           7          24  0.957556847513332     
           9          25  0.885195455070221     
          10          26  0.970177060284860     
          10          27  0.968003417537137     
          11          28  0.974647518208873     
          11          29  0.974610445218982     
          13          30  0.975310818312524     
          13          31  0.969279647396893     
          15          32  0.874471984504828     
          16          33  0.964068859290554     
          16          34  0.956676606960971     
          16          35  0.983955585935698     
