   -0.00829240
   -0.03252880
   -0.06325622
   -0.05773305
   -0.03599605
    0.11024316
   -0.07392306
    0.00986493
   -0.48757441
    0.08344499
   -0.11303889
    0.01785133
   -0.11188184
    0.04491736
   -0.47715585
   -0.11463066
    0.04186221
    0.04082175
    0.03851016
    0.04123542
    0.04058735
    0.04571217
    0.04527441
    0.05431991
    0.30780753
    0.04591455
    0.02392322
    0.03477274
    0.03569856
    0.02817249
    0.02999407
    0.31147968
    0.04101152
    0.05988023
    0.04271151
