$coord
 0.23924439686227 -1.05790121553271   0.82894904193740  c
-1.78026804405885  0.98750550886039   1.39587094173002  c
-0.64631991515085  3.65535267958897   1.05142366617706  c
 1.11083392887562  3.98808546163200  -1.22237729168459  c
 2.87156141451378  1.71083593594996  -1.52169819686767  c
 1.24539883504352 -0.65651633232681  -1.87833681431881  c
 2.59688565718861 -0.56760552862755   2.47183647524025  c
 4.20713610301022  1.21443800421096   0.94190686097181  c
 2.60522524988274 -2.74474720814417  -2.82746706269833  o
-0.75388130659463 -3.76057873104628   1.22811395104707  c
 6.40928450623522  2.16432693152054   1.62991740858975  c
-4.25530454939461  0.62585866742197  -0.00148179170265  c
-4.73297602863303  1.49713162854637  -2.29834824814188  c
-2.23178606161952  0.79656917399428   3.41117271379566  h
-2.40171421401699 -4.60223129056617  -0.66854239877805  o
-6.28105586688378 -0.73302385831936   1.44646811572038  c
-2.19179208857369  5.01514728920365   0.92349232288605  h
 0.43368929079434  4.11492985146317   2.74894165804723  h
 0.03886578122660  4.23409881174428  -2.96421417414022  h
 2.23900091124459  5.69442085513232  -0.94507339019154  h
 4.17535711355089  2.01103727965270  -3.09412510570313  h
-0.28505558848427 -0.36539159321541  -3.22935819824200  h
 3.62217292969428 -2.32852361960162   2.82417864444276  h
 2.11342232233321  0.21807559712159   4.31439898556734  h
 4.12968926313571 -2.93108188244950  -1.84812576105036  h
-1.79764063704781 -3.87234355180475   3.00756631485496  h
 0.86913702938507 -5.05560570987693   1.36453153658254  h
 7.24121575728551  1.74561875979208   3.43990377816018  h
 7.46285221655689  3.41005347946724   0.41429012187132  h
-6.55287466897823  1.20759373271368  -3.16356444843952  h
-3.39101533705131  2.52142275497965  -3.42575728290480  h
-1.47787219164224 -4.58936897079359  -2.24081727158782  h
-8.09309602482243 -0.55543021292973   0.49681793867716  h
-5.82702809725289 -2.73238846806970   1.58252357965247  h
-6.45477590347343  0.02816001785325   3.35130852074038  h
$end