           1           2  0.959046451851063     
           2           3  0.985578161374141     
           3           4   1.00845349113181     
           4           5  0.977462669837174     
           1           6  0.960997003040547     
           5           6  0.973525698828106     
           1           7  0.981341667387467     
           5           8  0.995680382402708     
           7           8   1.00634011364877     
           6           9  0.979974088491006     
           1          10  0.977659518625146     
           8          11   1.93497306657129     
           2          12  0.997397983100005     
          12          13   1.92753938827088     
           2          14  0.962216897447244     
          10          15  0.995524823535135     
          12          16   1.02512292596960     
           3          17  0.976143455237409     
           3          18  0.977247986123424     
           4          19  0.969101326840009     
           4          20  0.975652636475543     
           5          21  0.963243919220230     
           6          22  0.956538251938934     
           7          23  0.958011390778533     
           7          24  0.962365264957465     
           9          25  0.886434219376527     
          10          26  0.969708239118739     
          10          27  0.966587361592816     
          11          28  0.975032561296685     
          11          29  0.974777119462956     
          13          30  0.974564844054358     
          13          31  0.966948854538226     
          15          32  0.884793173837602     
          16          33  0.984211223101432     
          16          34  0.964690243139694     
          16          35  0.973215922023416     
