   -0.00798860
   -0.03661215
   -0.06068252
   -0.05810279
   -0.03511845
    0.10893497
   -0.07071893
    0.00797568
   -0.48525443
    0.08350801
   -0.11297319
    0.00826174
   -0.11307953
    0.04532589
   -0.49269411
   -0.11205453
    0.04211656
    0.04217382
    0.04026623
    0.04154686
    0.04031275
    0.04722285
    0.05745560
    0.04989953
    0.31242997
    0.02008553
    0.04168809
    0.03383192
    0.03421955
    0.03388317
    0.02739786
    0.31994460
    0.05428795
    0.04626997
    0.04624013
