$coord
-0.08187607445367 -1.05962214489557   0.58637638383393  c
-1.91590954137337  1.08027338663397   1.37578366040787  c
-0.66337626851984  3.70343035297892   1.12443192998926  c
 1.07109915557846  4.03794142928903  -1.16241885326312  c
 2.73787795560134  1.70269293902358  -1.53300778386296  c
 1.02305571760083 -0.56256149810965  -2.06868258955064  c
 2.30697418366586 -0.91095099804026   2.24459919786817  c
 3.99007783730265  0.96543907900561   0.92171886990834  c
 2.38186943728009 -2.63427955908198  -3.07574236339326  o
-1.41792154078214 -3.63078408094592   0.82064844525365  c
 6.18612269234969  1.81663023863567   1.74614698454244  c
-4.52244858347161  0.95306500399261   0.19848715304088  c
-6.47129774591810  0.23835661203229   1.60194926067714  c
-2.24351454250429  0.78800555105545   3.40211628221968  h
 0.19297699190543 -5.70605075259561   0.46882216296860  o
-4.93499430936104  1.70404459889399  -2.50326338585672  c
-2.13590673201694  5.14854357002728   1.10307794918254  h
 0.47336945894333  4.02321629044540   2.81632322887273  h
-0.01020952715095  4.35469708376586  -2.88966068524366  h
 2.25962581114567  5.69736621326297  -0.85742068318764  h
 4.09529718476756  2.03032351230637  -3.05512335811489  h
-0.41900906374873 -0.15781019914721  -3.47999195329747  h
 3.20094339239471 -2.77318822562665   2.33966536792547  h
 1.88584384432671 -0.34552336686703   4.18029473075608  h
 3.93197406340605 -2.80235032499307  -2.12966503937901  h
-2.99678638294373 -3.69719455968801  -0.52780113026102  h
-2.19400846595418 -3.82867521285504   2.72570198454650  h
 6.96368497678562  1.22357385908627   3.53096359673965  h
 7.28950337943698  3.14849445838854   0.67366295488924  h
-8.36134842692469  0.15522610468429   0.85137529057530  h
-6.26765401083821 -0.31128514735440   3.55038837919955  h
 0.90960406248517 -5.53911900493370  -1.20984646936969  h
-3.94878937805033  3.44648618728470  -2.95788319175389  h
-4.27741509830730  0.23260775335384  -3.78389293855794  h
-6.94114231497126  1.98225354673133  -2.85368287418884  h
$end