           1           2  0.959238677371598     
           2           3  0.982594826956802     
           3           4   1.00866386470687     
           4           5  0.978432361031309     
           1           6  0.962286181973187     
           5           6  0.976814919200775     
           1           7  0.982649223310264     
           5           8  0.993596252328808     
           7           8   1.00812002159782     
           6           9  0.973081919635592     
           1          10  0.977122570883805     
           8          11   1.93410583929447     
           2          12  0.997947069097338     
          12          13   1.92626679479519     
           2          14  0.960934814674591     
          10          15  0.998575283218612     
          12          16   1.02631684006765     
           3          17  0.975338266201418     
           3          18  0.976881125221811     
           4          19  0.970004969438512     
           4          20  0.975573596824498     
           5          21  0.962762527629456     
           6          22  0.956179060826655     
           7          23  0.953941550537235     
           7          24  0.963037275343826     
           9          25  0.882372479799090     
          10          26  0.967274064710206     
          10          27  0.971803517223384     
          11          28  0.975124059854209     
          11          29  0.974893734202350     
          13          30  0.975336767786647     
          13          31  0.975348060214389     
          15          32  0.858531216637714     
          16          33  0.969370431342118     
          16          34  0.961670303621797     
          16          35  0.981869342348023     
