   -0.00936508
   -0.02750237
   -0.05951996
   -0.05572474
   -0.02839694
    0.11754498
   -0.07196880
    0.00982334
   -0.46971163
    0.08047905
   -0.11213276
    0.01071963
   -0.11169026
    0.04731412
   -0.47648340
   -0.11654899
    0.03900683
    0.03656058
    0.05069435
    0.03624778
    0.04101658
    0.00452519
    0.05294158
    0.04485893
    0.30772978
    0.01833080
    0.04582991
    0.03735915
    0.03822945
    0.02469099
    0.04542459
    0.31077325
    0.05865423
    0.04333014
    0.03695970
