           1           2  0.961896006200098     
           2           3  0.985559272643675     
           3           4   1.00947623652209     
           4           5  0.978423255067673     
           1           6  0.958404721611517     
           5           6  0.974741794726768     
           1           7  0.980053168781255     
           5           8  0.996191434836973     
           7           8   1.00326901489165     
           6           9  0.990057304630882     
           1          10  0.979526305303545     
           8          11   1.93769903671770     
           2          12  0.994463833262241     
          12          13   1.93178995239886     
           2          14  0.961438266752558     
          10          15  0.993026075731103     
          12          16   1.02368981613918     
           3          17  0.976293352613205     
           3          18  0.977171058475257     
           4          19  0.968690366136872     
           4          20  0.976062176651775     
           5          21  0.964367513778910     
           6          22  0.957018131979459     
           7          23  0.964809491567905     
           7          24  0.959068234001000     
           9          25  0.884747520664098     
          10          26  0.966969566840344     
          10          27  0.967528296777639     
          11          28  0.974636462096275     
          11          29  0.974541523717075     
          13          30  0.974740087051988     
          13          31  0.968360422264370     
          15          32  0.885587438886220     
          16          33  0.969335422337658     
          16          34  0.968050210056388     
          16          35  0.984701772374730     
