    0.01693253
   -0.06234847
   -0.05882223
   -0.05610561
   -0.01628407
    0.11657077
   -0.03485499
   -0.06237737
   -0.05829216
   -0.03318282
   -0.32567991
    0.14023181
    0.02321832
    0.02272237
    0.00353290
   -0.10662432
   -0.10961632
   -0.11391780
   -0.10663312
    0.03332885
    0.02882577
    0.02290490
    0.05499807
    0.04326215
    0.02425515
    0.02852506
    0.02916374
    0.03681436
    0.03485694
    0.02884512
    0.03044804
    0.03586881
    0.04578388
    0.04810254
    0.03572832
    0.04993236
    0.03292948
    0.03433356
    0.04515626
    0.02903109
    0.03541299
    0.03302305
