           1           2  0.988118838191369     
           2           3   1.00628718817072     
           3           4   1.00714480833044     
           4           5  0.996389763285884     
           5           6  0.979538666388495     
           1           7  0.969168961035011     
           6           7  0.971470389839189     
           1           8  0.984414948712957     
           8           9   1.00857750089881     
           7          10  0.982259092993071     
           9          10  0.999522252259559     
           6          11  0.976418648761888     
          10          12  0.956150685711759     
          11          12  0.961427939976065     
           7          13  0.971923043035299     
          10          14  0.972856734433848     
           6          15  0.953527476442010     
           5          16   1.00667733422369     
          12          17  0.996715750847723     
          12          18  0.988362770881035     
           1          19  0.998457006320876     
           2          20  0.973014322589378     
           2          21  0.976166966729217     
           3          22  0.978750633126879     
           3          23  0.966782608976149     
           4          24  0.976144267756522     
           4          25  0.978875887073382     
           5          26  0.965953016090044     
           8          27  0.977542606270369     
           8          28  0.967246800915040     
           9          29  0.973763773576550     
           9          30  0.977547522120227     
          16          31  0.986594209514051     
          16          32  0.986446846853865     
          16          33  0.986560513835987     
          17          34  0.978503034400790     
          17          35  0.984053085663105     
          17          36  0.982403868992429     
          18          37  0.986097104692162     
          18          38  0.983586632508062     
          18          39  0.984980798461058     
          19          40  0.985476937055603     
          19          41  0.984915794254453     
          19          42  0.985213769482928     
