   -0.01024847
   -0.02818804
   -0.05874732
   -0.05531870
   -0.03011905
    0.12261619
   -0.07588310
    0.01068592
   -0.48168826
    0.07965055
   -0.11224802
    0.00597168
   -0.10987715
    0.04290650
   -0.49033486
   -0.11487345
    0.03865909
    0.03835234
    0.05040348
    0.03573456
    0.03938411
    0.00583972
    0.05419041
    0.04720067
    0.31858046
    0.02478185
    0.04275280
    0.03738607
    0.03851705
    0.02885226
    0.05330789
    0.31619026
    0.04209021
    0.04461582
    0.04885652
