$coord
-0.12725285300633 -1.50829658119758  -0.49176990657340  c
 1.04748212752485  0.97257503659010  -1.66246344615500  c
-0.82690067585075  3.25349907499944  -1.45462028411434  c
-2.39272036231108  3.34214025560218   1.00494376220512  c
-3.47158175120794  0.69884557460642   1.67507618141442  c
-1.27836451292658 -1.14284872493466   2.20196501995502  c
-2.61964099133746 -2.10008572981490  -1.97119261737496  c
-4.66799353198361 -0.54240043769841  -0.63451868077953  c
 0.33867255851581 -0.26140983527045   4.15452207744275  o
 1.71921212240555 -3.75881636639014  -0.56936693282567  c
-7.08004811372700 -0.33363360831540  -1.35884673644181  c
 3.77185451489830  1.67842311196396  -0.91587054272556  c
 4.46856327178979  2.72056143571571   1.29445500053216  c
 1.17435102688501  0.53640671383792  -3.69827873923313  h
 3.65729172434774 -3.66451288664298   1.34913283312910  o
 5.70560788229613  1.29656340895702  -3.00823073788940  c
 0.22167331013486  5.03296244313567  -1.70130545068883  h
-2.15330249064418  3.13974896606756  -3.05591278024393  h
-1.25117471424388  4.03131820752518   2.60160210304876  h
-3.96458860472524  4.68711456189257   0.76003559758022  h
-4.79657359504534  0.84481245831795   3.27309659279583  h
-2.09435714420527 -2.99796112460827   2.75729457802726  h
-2.47496405640905 -1.66040259985730  -3.99984758979124  h
-3.07358948203970 -4.13181134444706  -1.83147806482384  h
 1.82075437617377 -1.37973439303506   4.11728064352324  h
 2.56722208101422 -3.94878135396151  -2.47205278882771  h
 0.66919274244343 -5.51424982261128  -0.18272417640787  h
-7.79291109323096 -1.27445406608419  -3.05444293498309  h
-8.44271326995545  0.77918992119206  -0.27726675177038  h
 6.42813605931396  3.28685239829243   1.62269005200634  h
 3.14192337265071  3.04017978586425   2.83283537809943  h
 4.72127812393783 -2.18488858808573   1.01121697138156  h
 7.62317758622863  1.81891995062813  -2.40061358083612  h
 5.74690518148358 -0.68332569055161  -3.66266695711679  h
 5.21345950992529  2.45060785081635  -4.67497347205054  h
$end
