           1           2  0.961611331828005     
           2           3  0.982615299243445     
           3           4   1.00991757733005     
           4           5  0.979003991623002     
           1           6  0.958485355723202     
           5           6  0.975742961262480     
           1           7  0.979935446573115     
           5           8  0.995526813091816     
           7           8   1.00399947638164     
           6           9  0.992194391866797     
           1          10  0.979958888536731     
           8          11   1.93746651172048     
           2          12  0.994952322036895     
          12          13   1.91640992463830     
           2          14  0.962922825875594     
          10          15  0.991185996792841     
          12          16   1.02017220196778     
           3          17  0.976402326374336     
           3          18  0.976689682299506     
           4          19  0.969213497798306     
           4          20  0.975950019925275     
           5          21  0.964582912963033     
           6          22  0.957925633159290     
           7          23  0.965345132744841     
           7          24  0.958984503595245     
           9          25  0.865840386421487     
          10          26  0.966780314556237     
          10          27  0.970053798727136     
          11          28  0.974606405537661     
          11          29  0.974548912353534     
          13          30  0.974412371961254     
          13          31  0.967217974029410     
          15          32  0.860743109900749     
          16          33  0.984379065748763     
          16          34  0.971337392038494     
          16          35  0.968566917734071     
