   -0.00829833
   -0.03252858
   -0.06325941
   -0.05772710
   -0.03598770
    0.11024957
   -0.07394629
    0.00985150
   -0.48757006
    0.08345404
   -0.11304475
    0.01783569
   -0.11187936
    0.04491085
   -0.47718090
   -0.11462965
    0.04187266
    0.04081715
    0.03850529
    0.04123060
    0.04057664
    0.04571804
    0.04527626
    0.05435324
    0.30781216
    0.04590613
    0.02391271
    0.03477570
    0.03570218
    0.02817242
    0.03000631
    0.31150923
    0.04101445
    0.05987620
    0.04271312
