           1           2  0.959050670357450     
           2           3  0.985578477101111     
           3           4   1.00845118129989     
           4           5  0.977467501844209     
           1           6  0.960977412143593     
           5           6  0.973510067203176     
           1           7  0.981349280658977     
           5           8  0.995705436615596     
           7           8   1.00633191759532     
           6           9  0.979962107125481     
           1          10  0.977654789024192     
           8          11   1.93496081013159     
           2          12  0.997408019268094     
          12          13   1.92753655752553     
           2          14  0.962206251417349     
          10          15  0.995544927885410     
          12          16   1.02512301937205     
           3          17  0.976140913878752     
           3          18  0.977256560573257     
           4          19  0.969110566958384     
           4          20  0.975656861466816     
           5          21  0.963250919035380     
           6          22  0.956546722761845     
           7          23  0.958064786768387     
           7          24  0.962311825138480     
           9          25  0.886433739828450     
          10          26  0.969703608584755     
          10          27  0.966582108186701     
          11          28  0.975031485803247     
          11          29  0.974778566334094     
          13          30  0.974566533829514     
          13          31  0.966966367096960     
          15          32  0.884748034322474     
          16          33  0.984210192726794     
          16          34  0.964689802800519     
          16          35  0.973213912469488     
