$coord
         -0.804037264515          0.033970801987         -4.704669027695     c 
          2.071255046161          0.018519742313         -4.895564128120     c 
         -4.886886149056          6.025467491738          1.078103537246     c 
         -7.001937530805          4.935510067789         -0.007198688643     c 
         -6.832765465877          2.538499688444         -1.011795366434     c 
         -4.579003857695          1.177731963337         -0.900703487709     c 
         -2.460846807624          2.206191569549          0.325884949350     c 
         -2.668101692288          4.653440208068          1.252307493824     c 
         -4.416024806101         -1.165052225935         -2.037017012569     n 
         -1.894305250730         -1.881338952312         -2.795693250084     c 
         -0.294847876330         -2.038416328767         -0.359998867762     c 
         -0.104403891675          0.638110882038          0.821771688364     c 
          2.401054079144         -2.769718361081         -1.145712067883     c 
          3.332901054799         -0.270850323610         -2.299461516856     c 
          2.384104279439          1.610921779420         -0.337078616697     c 
          6.131258572336          0.101350072500         -2.623943737950     c 
          7.470657571011          1.769897591767         -1.321612073034     c 
          6.426576156227          3.176890395490          0.920540088175     c 
          4.283948912549          1.632689484538          1.828191209517     n 
          2.705455559589          2.579363997931          3.923882920102     c 
          0.465080705519          0.762963506567          3.701628250407     c 
          5.210234678233         -0.589761236648          2.544401757222     o 
          2.239770517293          3.540149282718         -1.055495736645     h 
         -1.574928466939         -3.963160262215          1.334705343370     c 
         -2.809454280060         -3.504149998322          3.183676851965     o 
         -1.219354922507         -6.300783187748          0.433115502484     o 
         -2.351673869263         -8.313651792537          1.802939023709     c 
         -1.625645466075         -0.338707387031         -6.562760565152     h 
         -1.415761074420          1.919500131741         -4.131488769653     h 
          2.697584788287         -1.558629471529         -6.070260589720     h 
          2.697987877231          1.763907865478         -5.805907088842     h 
         -4.965818957324          7.926452248486          1.813436158189     h 
         -8.760862243799          5.964641436548         -0.107002408168     h 
         -8.449495821525          1.681310617381         -1.920262141512     h 
         -1.064292462289          5.539534003692          2.143964549437     h 
         -5.814306426365         -1.546570625190         -3.278055485269     h 
         -1.968772914659         -3.768349565096         -3.639329944230     h 
          3.559539349479         -3.202416294298          0.504217354242     h 
          2.421500978769         -4.337765535174         -2.474551485110     h 
          7.009400550157         -0.986733168898         -4.110919882008     h 
          9.454871282340          2.049872639966         -1.702811553282     h 
          5.845324714353          5.110525158375          0.460566434869     h 
          7.839862674277          3.219317595318          2.423588003009     h 
          3.739885583468          2.335236910446          5.685915509910     h 
          2.209420360063          4.561724053470          3.650698220561     h 
         -1.173092227178          1.357019932806          4.787067747393     h 
          1.098077912284         -1.072310218424          4.380659930187     h 
         -2.747500608489         -9.809343376856          0.449136010107     h 
         -1.045943798728         -8.993889664361          3.247451032309     h 
         -4.088069724140         -7.664709674279          2.707747955750     h 
$end
