$coord
         -0.454059053625          0.547918703521         -4.852402330152     c 
          2.435349144115          0.604717385599         -4.850091511041     c 
         -4.756868258169          5.865458820330          1.479135960044     c 
         -6.820147023333          5.016169116089          0.079494909030     c 
         -6.654150095640          2.755150651336         -1.228812908101     c 
         -4.445756951517          1.289993827933         -1.142834568553     c 
         -2.378889258112          2.060657693869          0.359511460800     c 
         -2.593304833679          4.379225753642          1.609596463492     c 
         -4.279624955518         -0.905983275646         -2.579278421271     n 
         -1.695497054387         -1.578585720012         -3.272873504614     c 
         -0.212251002190         -2.149808966181         -0.805208692917     c 
         -0.067857874727          0.353188764758          0.792135198738     c 
          2.514059611660         -2.795267270337         -1.640736388374     c 
          3.569804024095         -0.139175231458         -2.269913876370     c 
          2.503079367687          1.435586557104         -0.113823023342     c 
          6.388412321515          0.276969387459         -2.428798910958     c 
          7.687172916983          1.711018186725         -0.810949248802     c 
          6.571657463469          2.733796911624          1.605788660519     c 
          4.318823622432          1.125849957560          2.192844358342     n 
          2.594959849045          1.848703253222          4.313392897235     c 
          0.339488188501          0.126930866370          3.738133674730     c 
          5.137507442381         -1.267603374473          2.671811161406     o 
          2.432155779372          3.465129171361         -0.526329342339     h 
         -1.504826714675         -4.387273258756          0.424435693664     c 
         -1.172685281898         -6.561742289837         -0.241074445685     o 
         -3.122019492245         -3.722189819467          2.258119473604     o 
         -4.530019618863         -5.767542278798          3.402991892317     c 
         -1.165232432754          0.403960612253         -6.793786935671     h 
         -1.133423092768          2.359090374134         -4.116086519619     h 
          3.204004219756         -0.729604984379         -6.239891138513     h 
          3.084832864406          2.495671003692         -5.401080871384     h 
         -4.831705193163          7.656489775813          2.477016700198     h 
         -8.542149750089          6.130251573815         -0.023215641789     h 
         -8.227888949343          2.100997717095         -2.378959440843     h 
         -1.027262881669          5.065715929884          2.740214160028     h 
         -5.513537365951         -0.956837625695         -4.038582071612     h 
         -1.755078792088         -3.340906685590         -4.360117037571     h 
          3.568090626365         -3.656422058535         -0.101451814720     h 
          2.505338563143         -4.040825599136         -3.293402750520     h 
          7.341395715124         -0.504163199793         -4.078204355110     h 
          9.684842700380          2.077112645941         -1.119997670467     h 
          6.013467044171          4.730053351452          1.459306205959     h 
          7.892913041754          2.516491868760          3.181199148569     h 
          3.547665662768          1.425586503250          6.093585316629     h 
          2.153736846489          3.868639601031          4.202379413427     h 
         -1.353467950597          0.696374456271          4.766428289316     h 
          0.833435490784         -1.796199164241          4.283082362434     h 
         -5.755312635412         -4.872887213892          4.796417228735     h 
         -5.649007711525         -6.750020053461          1.970737763801     h 
         -3.241540673730         -7.101202558758          4.314047276126     h 
$end
