$coord
 0.03712862969683 -1.44146172190881  -0.13581075518223  c
 1.21771085001018  0.96565689870064  -1.48296403819292  c
-0.83195271474112  3.07614308933033  -1.74523967619671  c
-2.51532168105084  3.46583152773571   0.61311508515590  c
-3.43963218946777  0.90398958593280   1.68323243620428  c
-1.14043768612306 -0.73909222507137   2.47847758890543  c
-2.40176368940954 -2.24275673745792  -1.59810608231471  c
-4.55267657311672 -0.70313614557273  -0.42447896173586  c
 0.49824521414041  0.29501346904465   4.34483386929247  o
 1.86148644495014 -3.69205951936288   0.13873250946931  c
-6.98276082421382 -0.78079053177506  -1.11714210212835  c
 3.75406744804362  1.95354772359421  -0.44705984885952  c
 3.98729743294756  4.06489994188693   0.95608429224715  c
 1.65057200261757  0.34316322125329  -3.43008502362166  h
 2.68165120921193 -4.76023890896628  -2.21155058875536  o
 6.13784223617997  0.59972897830704  -1.30970145302675  c
 0.08065222482594  4.86387872403937  -2.28753043513420  h
-2.06965901636814  2.56984230313400  -3.33932108134911  h
-1.51535473253004  4.50582193457966   2.11572333731765  h
-4.15954126487314  4.63310324274462   0.09201783131237  h
-4.77522250622509  1.21359017048638   3.24872664871320  h
-1.87852987161606 -2.49653157414438   3.33517597258680  h
-2.23856822448603 -1.95426638612389  -3.65263137874335  h
-2.75256096998313 -4.27917393156677  -1.31618835453381  h
 1.72593021442990  1.42133544665258   3.54091664013338  h
 0.84133520010247 -5.22973128298052   1.10577591990519  h
 3.47454431761492 -3.19217194999232   1.36629510993032  h
-7.63092322399988 -1.97359093403305  -2.67491760568322  h
-8.41811192171928  0.35253984972582  -0.15778177836120  h
 5.84478939737961  4.74252174725450   1.54776196056680  h
 2.38969589326032  5.23526849573407   1.52675955684894  h
 3.80434921966259 -3.56100755107540  -3.05622701486107  h
 6.32666962331885 -1.31775669205129  -0.52771697476390  h
 6.15915597105680  0.42566734639306  -3.38874324196600  h
 7.83861600478255  1.65053100040154  -0.74683498417810  h
$end
