           1           2  0.957776768577467     
           2           3  0.987518372960404     
           3           4   1.00885109209590     
           4           5  0.980772615628029     
           1           6  0.958427220777719     
           5           6  0.963338435748871     
           1           7  0.981816463148820     
           5           8  0.995505681027136     
           7           8   1.00525398594529     
           6           9  0.999310178178691     
           1          10  0.979650093978877     
           8          11   1.93634694754203     
           2          12  0.997132207705421     
          12          13   1.91510134121817     
           2          14  0.954414735395630     
          10          15  0.994711955524949     
          12          16   1.02370723163126     
           3          17  0.975111017478715     
           3          18  0.976176397516730     
           4          19  0.966531488752993     
           4          20  0.975483776608426     
           5          21  0.965204730868781     
           6          22  0.961321365166955     
           7          23  0.963753139743147     
           7          24  0.958169522892719     
           9          25  0.850503787363561     
          10          26  0.969085358778428     
          10          27  0.963043498003841     
          11          28  0.974747521217863     
          11          29  0.974739440965770     
          13          30  0.973721572313689     
          13          31  0.962320108172136     
          15          32  0.875713473372151     
          16          33  0.960608767540262     
          16          34  0.971760822659766     
          16          35  0.982079026477467     
