$coord
 0.02374865553354 -1.44682607395431  -0.11686959097371  c
 1.23123795886777  0.93930074954390  -1.47181629643123  c
-0.78317666729756  3.08350892065875  -1.73465594656444  c
-2.48510492917308  3.48223833392411   0.60869702426987  c
-3.44990513408277  0.92936842427332   1.66511560448320  c
-1.18548357967596 -0.74975301741374   2.48316898693847  c
-2.41312573855625 -2.24032825008556  -1.59562962137031  c
-4.56017016540521 -0.66626795578957  -0.45357943777866  c
 0.43614909881015  0.23683334559247   4.38722963349130  o
 1.85118271305689 -3.68877518779562   0.18466450358199  c
-6.98154729291500 -0.71975933987137  -1.17423249993446  c
 3.78267595161012  1.88199565554789  -0.43428723268090  c
 4.03887768940911  3.87793645196473   1.12498166739273  c
 1.66030821389153  0.28747510819803  -3.40585267021225  h
 2.91828501313263 -4.58572016350537  -2.13943471584615  o
 6.13896980935734  0.63518702209459  -1.50167918112221  c
 0.16296200372799  4.86231529578494  -2.24890692178972  h
-2.01305099604398  2.61135635987113  -3.34605031754407  h
-1.48852539604107  4.50641390001367   2.12373958751598  h
-4.11166693748524  4.66870441488137   0.07559554084540  h
-4.79967956838167  1.25350490628520   3.21486261924341  h
-1.96519767044408 -2.50440580416692   3.30845636992017  h
-2.23751229043928 -1.96534903846172  -3.65142103217595  h
-2.79890729623772 -4.26895854412917  -1.28942572191305  h
 1.72328138257222  1.31830127519125   3.61217845022358  h
 0.83518775653641 -5.23030771687765   1.17221328816987  h
 3.46287698232458 -3.16371937061410   1.38673943288097  h
-7.62955605924965 -1.91217169366248  -2.73179721129819  h
-8.41427581278921  0.43313963727398  -0.23496965525694  h
 5.90620415194455  4.51382890288220   1.73193088203376  h
 2.45103651866723  4.99847592495783   1.81218280545027  h
 1.53948914267312 -5.21563602777303  -3.19937327844411  h
 6.14026781750337 -1.42764018522661  -1.30068484183318  h
 6.25228304496800  1.01702375596694  -3.54993469720488  h
 7.85975849157839  1.38947317735349  -0.61589908552252  h
$end
