   -0.00925420
   -0.03242748
   -0.06181447
   -0.05840302
   -0.03643176
    0.10742876
   -0.06855841
    0.00855688
   -0.48334679
    0.08202792
   -0.11286213
    0.00883943
   -0.11000548
    0.04227703
   -0.48132740
   -0.11414232
    0.04083068
    0.04140752
    0.03865930
    0.04162238
    0.04104638
    0.04442318
    0.05118148
    0.05235075
    0.31078480
    0.05009890
    0.02196185
    0.03394233
    0.03420359
    0.03210069
    0.03467335
    0.31023536
    0.04885998
    0.04644411
    0.04461676
