           1           2  0.959503294394317     
           2           3  0.984460441744340     
           3           4   1.00869008031626     
           4           5  0.979062354106692     
           1           6  0.958211844217260     
           5           6  0.971995009951695     
           1           7  0.982253033838199     
           5           8  0.994640000741286     
           7           8   1.00662339849592     
           6           9  0.987878193173504     
           1          10  0.979343273932785     
           8          11   1.93521105846247     
           2          12  0.996992025796315     
          12          13   1.93015699260662     
           2          14  0.959658618725544     
          10          15  0.994536684775676     
          12          16   1.02319821122394     
           3          17  0.976321641942435     
           3          18  0.976918326843848     
           4          19  0.969653746230557     
           4          20  0.975430321241374     
           5          21  0.963182528140207     
           6          22  0.957213184884367     
           7          23  0.957296964663165     
           7          24  0.962879372158128     
           9          25  0.883061562912044     
          10          26  0.967656438471483     
          10          27  0.964953499597842     
          11          28  0.975069979484328     
          11          29  0.974872902760041     
          13          30  0.974109232556697     
          13          31  0.966598845728222     
          15          32  0.879980198961479     
          16          33  0.965266055896173     
          16          34  0.971728819316887     
          16          35  0.983789709687254     
