ONOFF NMR  CONF BW      Energy       Gsolv      mRRHO      gi     
1      1    1    0.0168 -657.8121897  0.0000000  0.2621850 1.000
1      2    2    0.0246 -657.8123149  0.0000000  0.2619499 1.000
1      3    3    0.0805 -657.8130551  0.0000000  0.2615719 1.000
1      6    6    0.1376 -657.8132223  0.0000000  0.2612327 1.000
1      7    7    0.0175 -657.8112338  0.0000000  0.2611938 1.000
1      8    8    0.0428 -657.8124860  0.0000000  0.2615985 1.000
1      10   10   0.2523 -657.8142105  0.0000000  0.2616484 1.000
1      13   13   0.0219 -657.8117091  0.0000000  0.2614566 1.000
1      15   15   0.0237 -657.8113963  0.0000000  0.2610666 1.000
1      18   18   0.0483 -657.8122859  0.0000000  0.2612851 1.000
1      21   21   0.0439 -657.8116767  0.0000000  0.2607661 1.000
1      24   24   0.0925 -657.8122610  0.0000000  0.2606465 1.000
1      25   25   0.0285 -657.8116094  0.0000000  0.2611054 1.000
1      27   27   0.0269 -657.8113106  0.0000000  0.2608625 1.000
1      34   34   0.0233 -657.8113498  0.0000000  0.2610381 1.000
1      35   35   0.0298 -657.8115482  0.0000000  0.2610021 1.000
1      40   40   0.0727 -657.8122737  0.0000000  0.2608871 1.000
1      41   41   0.0165 -657.8106174  0.0000000  0.2606293 1.000
