$coord
         -0.123079852473         -1.064907993793          0.625657032177     c 
         -1.991656165069          1.128442840859          1.394049296236     c 
         -0.677934634782          3.775643316178          1.270947524063     c 
          1.155001768608          4.149178396465         -0.980981924493     c 
          2.758826870805          1.753572371369         -1.495917928735     c 
          0.943466848721         -0.482214946098         -2.081031663970     c 
          2.313148082567         -0.862485905210          2.278337354457     c 
          4.088514453563          0.895943620844          0.895407057906     c 
          2.227162466329         -2.551093101218         -3.225216558838     o 
         -1.339501764481         -3.689646048486          0.831259950753     c 
          6.374309034192          1.571201662355          1.630857476732     c 
         -4.517904757270          1.033201774189          0.030490504235     c 
         -4.913192358253          2.103465347684         -2.197458324669     c 
         -2.430183063031          0.779767273810          3.399326932505     h 
          0.379971895064         -5.663502165810          0.386922143607     o 
         -6.636544928807         -0.338418956830          1.290606091780     c 
         -2.151257915340          5.231985920734          1.218806260283     h 
          0.351589015384          4.117708435152          3.035753068239     h 
          0.114181681592          4.673648644676         -2.690143819696     h 
          2.423881962552          5.744973446691         -0.604468753651     h 
          4.127172896105          2.023331148607         -3.034530222468     h 
         -0.599453401480          0.095784453384         -3.341326282072     h 
          3.179287984534         -2.725726703198          2.503349882584     h 
          1.883419787742         -0.148512727299          4.169478191272     h 
          3.088742498699         -1.979777728936         -4.766366819906     h 
         -2.904978516260         -3.861361772627         -0.512755028840     h 
         -2.122494253425         -3.970435927287          2.725830547003     h 
          7.168894413012          0.869421288800          3.355820424686     h 
          7.498021260413          2.836922716960          0.519607398072     h 
         -6.724600259832          1.990844058742         -3.102569823792     h 
         -3.491578511127          3.139691139775         -3.200534034499     h 
          1.388128853849         -5.173659678436         -1.089947258151     h 
         -7.421814877104         -1.780952353295          0.045571058528     h 
         -6.022478154094         -1.273329863433          3.020888773806     h 
         -8.155190968133          0.963791213728          1.787757041728     h 
$end
