          18
    1     0.5      2.7240   0
    1     0.5      1.4320   0
    1     0.5      1.7780   0
    1     0.5      2.1090   0
    1     0.5      1.6270   0
    1     0.5      2.6260   0
    1     0.5      4.3160   0
    1     0.5      2.8140   0
    1     0.5      2.5490   0
    1     0.5      0.9760   0
    1     0.5      4.0600   0
    1     0.5      3.8400   0
    1     0.5      5.0190   0
    1     0.5      5.0350   0
    1     0.5      5.0530   0
    1     0.5      4.9640   0
    1     0.5      1.1560   0
    3     0.5      1.9563   0
    2    1      0.7680
    3    1      7.7650
    3    2    -14.8630
    4    1     -0.6140
    4    2      6.0260
    4    3     13.7860
    5    1      0.8970
    5    2      1.1380
    5    3      6.6620
    5    4    -13.8220
    6    1      0.1870
    6    2      0.3800
    6    3     -0.5320
    6    4      2.5670
    6    5      4.4750
    7    1     -0.2890
    7    2      0.0930
    7    3     -0.0010
    7    4     -0.2580
    7    5     -0.2320
    7    6      0.7960
    8    1     -0.3080
    8    2      0.0050
    8    3      0.4570
    8    4     -0.4310
    8    5      0.1470
    8    6      0.3490
    8    7     -0.6550
    9    1     -0.4270
    9    2     -0.0600
    9    3     -0.1190
    9    4     -0.0780
    9    5      0.0690
    9    6     -1.3630
    9    7      0.9600
    9    8    -18.7710
   10    1      0.8720
   10    2     -0.0180
   10    3     -0.0040
   10    4      0.0820
   10    5      0.0590
   10    6     -0.0990
   10    7      0.3540
   10    8      0.0170
   10    9     -0.1690
   11    1     -0.6000
   11    2      0.7170
   11    3     -0.0430
   11    4     -0.0080
   11    5     -0.0240
   11    6     -0.0290
   11    7     -0.0860
   11    8     -0.3590
   11    9     -0.1370
   11   10      0.0970
   12    1     -0.2520
   12    2      0.0130
   12    3      0.0490
   12    4     -0.0010
   12    5     -0.0090
   12    6     -0.1040
   12    7     -0.1120
   12    8      0.1210
   12    9     -0.1900
   12   10      0.1260
   12   11     -9.0010
   13    1      0.0140
   13    2     -0.0040
   13    3     -0.0370
   13    4      0.1260
   13    5      0.1360
   13    6     -1.1130
   13    7      0.8720
   13    8     -2.6270
   13    9     -2.0920
   13   10      0.0040
   13   11     -0.0210
   13   12      0.0060
   14    1      0.0390
   14    2      0.0280
   14    3     -0.0150
   14    4     -0.0750
   14    5      0.0870
   14    6     -1.0330
   14    7      0.2580
   14    8     -3.0960
   14    9     -2.4630
   14   10     -0.0030
   14   11     -0.0140
   14   12      0.1910
   14   13      0.3870
   15    1      1.1950
   15    2      0.1260
   15    3     -0.2060
   15    4      0.0560
   15    5      0.0790
   15    6      0.0160
   15    7      0.0350
   15    8     -0.0430
   15    9     -0.0060
   15   10     -0.0190
   15   11     -0.0020
   15   12     -0.0160
   15   13      0.0000
   15   14      0.0100
   16    1     -0.4160
   16    2      0.0270
   16    3     -0.2270
   16    4     -0.5220
   16    5     -0.0370
   16    6      0.0120
   16    7     -0.4690
   16    8     -0.0550
   16    9     -0.0370
   16   10     -0.0170
   16   11      0.0030
   16   12     -0.0050
   16   13      0.0070
   16   14      0.0040
   16   15      0.3540
   17    1     -0.0070
   17    2     -0.0260
   17    3      0.0530
   17    4      0.0000
   17    5     -0.0290
   17    6      0.3930
   17    7     -0.0900
   17    8      0.0160
   17    9      0.0850
   17   10      0.0280
   17   11      1.9760
   17   12      0.6770
   17   13     -0.0060
   17   14     -0.0150
   17   15      0.0220
   17   16      0.0110
   18    1     -0.0393
   18    2      0.0406
   18    3     -0.0768
   18    4     -0.0237
   18    5     -0.0159
   18    6     -0.0057
   18    7      0.0164
   18    8     -0.0042
   18    9     -0.0058
   18   10      0.0033
   18   11      0.0234
   18   12      0.0312
   18   13     -0.0004
   18   14     -0.0017
   18   15     -1.6998
   18   16     -1.1287
   18   17      0.0405
end
