          18
    1     0.5      2.4910   0
    1     0.5      1.2740   0
    1     0.5      1.9490   0
    1     0.5      2.0790   0
    1     0.5      1.7540   0
    1     0.5      2.6840   0
    1     0.5      4.4510   0
    1     0.5      3.2890   0
    1     0.5      2.0390   0
    1     0.5      1.2910   0
    1     0.5      4.0740   0
    1     0.5      3.2590   0
    1     0.5      5.2290   0
    1     0.5      5.2560   0
    1     0.5      4.6840   0
    1     0.5      4.6800   0
    1     0.5      3.3240   0
    3     0.5      1.8657   0
    2    1      0.6120
    3    1      8.3410
    3    2    -15.3840
    4    1     -0.5690
    4    2      6.0410
    4    3     13.8500
    5    1      0.8270
    5    2      1.1350
    5    3      6.6340
    5    4    -13.6770
    6    1      0.1810
    6    2      0.3030
    6    3     -0.5170
    6    4      2.3850
    6    5      4.8370
    7    1     -0.4050
    7    2      0.1020
    7    3     -0.0020
    7    4     -0.2540
    7    5      0.0030
    7    6      0.8710
    8    1     -0.2790
    8    2     -0.0520
    8    3      0.4080
    8    4     -0.4490
    8    5      0.1810
    8    6      0.4840
    8    7     -0.5860
    9    1     -0.4830
    9    2     -0.0530
    9    3     -0.1020
    9    4     -0.0620
    9    5      0.1050
    9    6     -1.4000
    9    7      1.4610
    9    8    -19.6380
   10    1      0.0480
   10    2     -0.0610
   10    3     -0.0090
   10    4     -0.0150
   10    5     -0.1080
   10    6     -0.3980
   10    7     12.0780
   10    8     -0.0240
   10    9      0.0200
   11    1     -0.1650
   11    2      0.0180
   11    3      0.1650
   11    4     -0.0010
   11    5     -0.0060
   11    6     -0.0580
   11    7     -0.2370
   11    8     -0.0280
   11    9     -0.5390
   11   10      0.0020
   12    1     -0.2630
   12    2      0.0930
   12    3      0.0790
   12    4      0.0250
   12    5     -0.0160
   12    6      0.7550
   12    7     -0.4660
   12    8     -0.2770
   12    9     -0.2120
   12   10     -0.0040
   12   11    -12.5290
   13    1      0.0130
   13    2     -0.0060
   13    3     -0.0310
   13    4      0.1540
   13    5      0.1560
   13    6     -1.1180
   13    7      0.7490
   13    8     -2.7360
   13    9     -2.2440
   13   10      0.0840
   13   11      0.0260
   13   12     -0.0130
   14    1      0.0360
   14    2      0.0210
   14    3     -0.0080
   14    4     -0.0550
   14    5      0.1120
   14    6     -1.0290
   14    7      0.2400
   14    8     -3.1990
   14    9     -2.6220
   14   10      0.0120
   14   11      0.2860
   14   12     -0.0160
   14   13      0.3450
   15    1      0.6640
   15    2      0.1700
   15    3      0.0060
   15    4     -0.0550
   15    5     -0.0470
   15    6     -0.0120
   15    7     -0.0200
   15    8      0.1000
   15    9      0.0250
   15   10      0.0010
   15   11     -0.0490
   15   12      0.0370
   15   13      0.0000
   15   14      0.0000
   16    1     -0.5970
   16    2      0.0590
   16    3     -0.1750
   16    4     -0.0520
   16    5     -0.0710
   16    6     -0.0080
   16    7     -0.0150
   16    8     -0.0410
   16    9      0.0010
   16   10      0.0000
   16   11     -0.0370
   16   12      0.0400
   16   13      0.0000
   16   14     -0.0020
   16   15      1.7190
   17    1      0.0450
   17    2     -0.0520
   17    3      0.0160
   17    4     -0.0080
   17    5     -0.0020
   17    6      0.0590
   17    7      0.0240
   17    8      0.0850
   17    9      0.0140
   17   10      0.0940
   17   11      0.4670
   17   12     13.6460
   17   13      0.0050
   17   14      0.0090
   17   15      0.0120
   17   16      0.0240
   18    1      0.1535
   18    2      0.0556
   18    3      0.0278
   18    4     -0.1355
   18    5     -0.0030
   18    6      0.0099
   18    7     -0.2307
   18    8     -0.0317
   18    9     -0.0107
   18   10      0.0558
   18   11     -0.0238
   18   12      0.0502
   18   13     -0.0016
   18   14      0.0032
   18   15     -1.6154
   18   16     -0.8680
   18   17      0.0123
end
