          18
    1     0.5      2.4140   0
    1     0.5      1.2530   0
    1     0.5      1.9630   0
    1     0.5      1.9750   0
    1     0.5      1.6520   0
    1     0.5      2.6670   0
    1     0.5      4.5770   0
    1     0.5      3.0060   0
    1     0.5      2.0140   0
    1     0.5      4.8370   0
    1     0.5      3.9680   0
    1     0.5      3.7490   0
    1     0.5      5.0890   0
    1     0.5      5.0860   0
    1     0.5      4.6990   0
    1     0.5      4.6520   0
    1     0.5      1.9670   0
    3     0.5      1.8680   0
    2    1      0.5980
    3    1      8.3900
    3    2    -15.3750
    4    1     -0.5720
    4    2      5.9240
    4    3     13.8010
    5    1      0.7020
    5    2      1.1750
    5    3      6.5350
    5    4    -13.5960
    6    1      0.2010
    6    2      0.4920
    6    3     -0.5380
    6    4      2.1910
    6    5      4.9450
    7    1     -0.3920
    7    2      0.0650
    7    3     -0.0070
    7    4     -0.2640
    7    5     -0.0970
    7    6      0.9420
    8    1     -0.2290
    8    2     -0.1020
    8    3      0.3260
    8    4     -0.3880
    8    5      0.1420
    8    6      0.2380
    8    7     -0.6400
    9    1     -0.4790
    9    2     -0.0450
    9    3     -0.0750
    9    4     -0.0200
    9    5      0.0670
    9    6     -1.3500
    9    7      1.0680
    9    8    -18.0820
   10    1      0.1070
   10    2      0.0390
   10    3     -0.0020
   10    4      0.1360
   10    5      0.6740
   10    6      0.1410
   10    7     -0.4690
   10    8     -0.0540
   10    9      0.0040
   11    1     -0.2120
   11    2     -0.0270
   11    3      0.1330
   11    4      0.0000
   11    5     -0.0070
   11    6     -0.0320
   11    7     -0.2220
   11    8     -0.1840
   11    9     -0.5460
   11   10      0.0630
   12    1     -0.2340
   12    2      0.0110
   12    3      0.0810
   12    4      0.0270
   12    5     -0.0190
   12    6      0.8210
   12    7     -0.5090
   12    8     -0.2640
   12    9     -0.2200
   12   10      0.0530
   12   11    -13.3670
   13    1      0.0090
   13    2     -0.0060
   13    3     -0.0430
   13    4      0.0910
   13    5      0.1100
   13    6     -1.2040
   13    7      0.8360
   13    8     -2.6430
   13    9     -1.9610
   13   10      0.0030
   13   11      0.0390
   13   12     -0.0110
   14    1      0.0310
   14    2      0.0140
   14    3     -0.0250
   14    4     -0.0560
   14    5      0.0730
   14    6     -1.0910
   14    7      0.2490
   14    8     -3.0980
   14    9     -2.2910
   14   10     -0.0110
   14   11      0.2890
   14   12     -0.0110
   14   13      0.3360
   15    1      0.6600
   15    2      0.1640
   15    3      0.0040
   15    4     -0.0560
   15    5     -0.0520
   15    6     -0.0120
   15    7     -0.0150
   15    8      0.1060
   15    9      0.0210
   15   10     -0.0010
   15   11     -0.0210
   15   12      0.0430
   15   13      0.0000
   15   14      0.0000
   16    1     -0.5970
   16    2      0.0510
   16    3     -0.1810
   16    4     -0.0530
   16    5     -0.0740
   16    6     -0.0080
   16    7     -0.0150
   16    8     -0.0390
   16    9      0.0030
   16   10     -0.0010
   16   11     -0.0040
   16   12      0.0480
   16   13      0.0000
   16   14     -0.0010
   16   15      1.7530
   17    1      0.0370
   17    2     -0.0510
   17    3      0.0180
   17    4     -0.0020
   17    5     -0.0020
   17    6      0.0040
   17    7     -0.0060
   17    8     -0.2170
   17    9      0.0180
   17   10      0.0840
   17   11     14.4080
   17   12      3.9900
   17   13      0.0060
   17   14      0.0180
   17   15     -0.0260
   17   16     -0.0300
   18    1      0.1576
   18    2      0.0544
   18    3      0.0310
   18    4     -0.1307
   18    5      0.0010
   18    6      0.0099
   18    7     -0.2156
   18    8     -0.0266
   18    9     -0.0069
   18   10     -0.0028
   18   11     -0.0199
   18   12      0.0539
   18   13     -0.0019
   18   14      0.0032
   18   15     -1.6244
   18   16     -0.8800
   18   17     -0.0107
end
