          18
    1     0.5      2.4660   0
    1     0.5      1.2580   0
    1     0.5      1.9190   0
    1     0.5      2.0300   0
    1     0.5      1.6780   0
    1     0.5      2.6780   0
    1     0.5      4.6970   0
    1     0.5      2.6330   0
    1     0.5      2.2410   0
    1     0.5      1.4140   0
    1     0.5      3.5580   0
    1     0.5      4.0170   0
    1     0.5      4.9980   0
    1     0.5      5.0460   0
    1     0.5      4.6850   0
    1     0.5      4.7580   0
    1     0.5      2.2320   0
    3     0.5      1.9743   0
    2    1      0.5790
    3    1      8.5980
    3    2    -15.4060
    4    1     -0.5550
    4    2      6.1840
    4    3     13.7070
    5    1      0.6590
    5    2      1.0890
    5    3      6.7430
    5    4    -13.6260
    6    1      0.1880
    6    2      0.3590
    6    3     -0.5180
    6    4      2.3650
    6    5      4.7540
    7    1     -0.2830
    7    2      0.1070
    7    3     -0.0060
    7    4     -0.2480
    7    5     -0.0810
    7    6      0.8120
    8    1     -0.2240
    8    2     -0.0470
    8    3      0.3810
    8    4     -0.4420
    8    5      0.1550
    8    6      0.2540
    8    7     -0.6690
    9    1     -0.4650
    9    2     -0.0430
    9    3     -0.0810
    9    4     -0.0470
    9    5      0.0830
    9    6     -1.4000
    9    7      0.9860
    9    8    -18.5220
   10    1      0.9290
   10    2      0.0080
   10    3     -0.0030
   10    4      0.0600
   10    5      0.0000
   10    6      0.0030
   10    7      0.6690
   10    8      0.0280
   10    9     -0.1850
   11    1     -0.3330
   11    2      0.2400
   11    3      0.0100
   11    4     -0.0090
   11    5     -0.0300
   11    6      0.7510
   11    7     -0.3700
   11    8     -0.2540
   11    9      0.0000
   11   10     -0.0970
   12    1     -0.1660
   12    2      0.6430
   12    3     -0.0820
   12    4     -0.0030
   12    5     -0.0110
   12    6     -0.0760
   12    7     -0.0610
   12    8     -0.5950
   12    9     -0.2140
   12   10      0.1750
   12   11    -12.4040
   13    1      0.0110
   13    2     -0.0030
   13    3     -0.0380
   13    4      0.0900
   13    5      0.1180
   13    6     -1.1590
   13    7      0.8610
   13    8     -2.7270
   13    9     -2.0520
   13   10      0.0000
   13   11     -0.0200
   13   12     -0.0160
   14    1      0.0400
   14    2      0.0280
   14    3     -0.0140
   14    4     -0.0860
   14    5      0.0790
   14    6     -1.0730
   14    7      0.2530
   14    8     -3.2040
   14    9     -2.3950
   14   10     -0.0030
   14   11     -0.0480
   14   12     -0.0030
   14   13      0.3430
   15    1      0.7130
   15    2      0.1570
   15    3     -0.0210
   15    4     -0.0500
   15    5     -0.0580
   15    6     -0.0140
   15    7     -0.0260
   15    8      0.1020
   15    9      0.0130
   15   10      0.0090
   15   11      0.0390
   15   12      0.0140
   15   13      0.0000
   15   14      0.0000
   16    1     -0.5820
   16    2      0.0500
   16    3     -0.1810
   16    4     -0.0480
   16    5     -0.0760
   16    6     -0.0090
   16    7     -0.0210
   16    8     -0.0290
   16    9     -0.0020
   16   10     -0.0050
   16   11      0.0240
   16   12      0.0160
   16   13      0.0000
   16   14     -0.0030
   16   15      1.8540
   17    1      0.0280
   17    2     -0.0080
   17    3      0.0120
   17    4     -0.0010
   17    5      0.0030
   17    6      0.0050
   17    7      0.0310
   17    8      0.0080
   17    9      0.0630
   17   10     -0.0520
   17   11     14.3860
   17   12      3.3770
   17   13     -0.0030
   17   14     -0.0180
   17   15     -0.0010
   17   16     -0.0040
   18    1      0.2396
   18    2      0.0601
   18    3      0.0465
   18    4     -0.0787
   18    5      0.0040
   18    6      0.0067
   18    7     -0.2592
   18    8     -0.0265
   18    9     -0.0107
   18   10     -0.0101
   18   11     -0.0015
   18   12      0.0411
   18   13     -0.0009
   18   14      0.0032
   18   15     -1.4944
   18   16     -0.7450
   18   17     -0.0015
end
