          18
    1     0.5      2.8770   0
    1     0.5      1.2750   0
    1     0.5      1.9670   0
    1     0.5      2.0520   0
    1     0.5      1.7160   0
    1     0.5      2.6920   0
    1     0.5      4.3860   0
    1     0.5      2.8500   0
    1     0.5      2.4610   0
    1     0.5      1.4950   0
    1     0.5      3.6830   0
    1     0.5      3.9800   0
    1     0.5      5.0150   0
    1     0.5      5.0230   0
    1     0.5      4.7730   0
    1     0.5      4.8690   0
    1     0.5      1.4320   0
    3     0.5      1.9260   0
    2    1      0.5980
    3    1      8.7350
    3    2    -15.4690
    4    1     -0.5680
    4    2      6.1080
    4    3     13.7160
    5    1      0.6500
    5    2      1.0900
    5    3      6.7730
    5    4    -13.6540
    6    1      0.2030
    6    2      0.3820
    6    3     -0.5490
    6    4      2.3300
    6    5      4.9260
    7    1     -0.4390
    7    2      0.1050
    7    3     -0.0070
    7    4     -0.2720
    7    5      0.0840
    7    6      0.8580
    8    1     -0.2080
    8    2     -0.0980
    8    3      0.3080
    8    4     -0.3970
    8    5      0.1660
    8    6      0.1510
    8    7     -0.6440
    9    1     -0.4580
    9    2     -0.0440
    9    3     -0.0740
    9    4      0.0100
    9    5      0.0710
    9    6     -1.4070
    9    7      1.2520
    9    8    -18.5520
   10    1     -0.0970
   10    2      0.1230
   10    3      0.0120
   10    4     -0.0870
   10    5      0.6290
   10    6      0.0640
   10    7      2.7630
   10    8      0.0700
   10    9      0.0430
   11    1     -0.5510
   11    2      0.6040
   11    3     -0.0210
   11    4      0.0000
   11    5     -0.0160
   11    6     -0.0630
   11    7     -0.0600
   11    8     -0.3840
   11    9     -0.1880
   11   10     -0.2680
   12    1     -0.1770
   12    2     -0.0310
   12    3      0.0620
   12    4      0.0010
   12    5     -0.0040
   12    6     -0.1050
   12    7     -0.1250
   12    8      0.2300
   12    9     -0.3290
   12   10      0.0000
   12   11    -12.0240
   13    1      0.0100
   13    2     -0.0060
   13    3     -0.0450
   13    4      0.1120
   13    5      0.1160
   13    6     -1.2420
   13    7      0.7740
   13    8     -2.7870
   13    9     -1.9610
   13   10      0.0070
   13   11     -0.0170
   13   12      0.0260
   14    1      0.0370
   14    2      0.0220
   14    3     -0.0240
   14    4     -0.0510
   14    5      0.0750
   14    6     -1.1190
   14    7      0.2300
   14    8     -3.2810
   14    9     -2.2880
   14   10      0.0140
   14   11     -0.0020
   14   12      0.2560
   14   13      0.3420
   15    1      0.7190
   15    2      0.1510
   15    3     -0.0160
   15    4     -0.0500
   15    5     -0.0540
   15    6     -0.0110
   15    7     -0.0180
   15    8      0.0880
   15    9      0.0100
   15   10      0.0000
   15   11      0.0050
   15   12     -0.0110
   15   13      0.0000
   15   14      0.0000
   16    1     -0.5630
   16    2      0.0330
   16    3     -0.2080
   16    4     -0.0450
   16    5     -0.0930
   16    6     -0.0080
   16    7     -0.0150
   16    8     -0.0370
   16    9      0.0030
   16   10      0.0000
   16   11      0.0280
   16   12     -0.0170
   16   13      0.0000
   16   14     -0.0010
   16   15      1.4870
   17    1     -0.2110
   17    2      0.0230
   17    3     -0.0290
   17    4     -0.0040
   17    5      0.0020
   17    6     -0.0480
   17    7      0.0290
   17    8      0.0260
   17    9      0.0350
   17   10     -0.0320
   17   11     14.1600
   17   12      4.4910
   17   13      0.0030
   17   14      0.0040
   17   15     -0.0210
   17   16     -0.2540
   18    1      0.1968
   18    2      0.0744
   18    3      0.0398
   18    4     -0.1301
   18    5     -0.0296
   18    6      0.0067
   18    7     -0.2580
   18    8     -0.0240
   18    9     -0.0107
   18   10      0.0109
   18   11      0.0157
   18   12     -0.0222
   18   13     -0.0008
   18   14      0.0017
   18   15     -1.5834
   18   16     -0.8214
   18   17     -0.0529
end
