          18
    1     0.5      2.3560   0
    1     0.5      1.3020   0
    1     0.5      1.8560   0
    1     0.5      2.0680   0
    1     0.5      1.6670   0
    1     0.5      2.7940   0
    1     0.5      4.6650   0
    1     0.5      2.4700   0
    1     0.5      2.2040   0
    1     0.5      2.3300   0
    1     0.5      3.9790   0
    1     0.5      3.7980   0
    1     0.5      4.9600   0
    1     0.5      5.0370   0
    1     0.5      5.2120   0
    1     0.5      5.2500   0
    1     0.5      2.0660   0
    3     0.5      1.9767   0
    2    1      0.6550
    3    1      8.0240
    3    2    -14.9590
    4    1     -0.5870
    4    2      6.0170
    4    3     13.7600
    5    1      0.8920
    5    2      1.1340
    5    3      6.6370
    5    4    -13.6720
    6    1      0.2310
    6    2      0.4610
    6    3     -0.5330
    6    4      2.3880
    6    5      4.7030
    7    1     -0.3730
    7    2      0.1440
    7    3     -0.0030
    7    4     -0.2260
    7    5      0.0770
    7    6      0.7650
    8    1     -0.2360
    8    2     -0.0240
    8    3      0.4310
    8    4     -0.4390
    8    5      0.1530
    8    6      0.2950
    8    7     -0.6240
    9    1     -0.4310
    9    2     -0.0500
    9    3     -0.0990
    9    4     -0.0570
    9    5      0.0740
    9    6     -1.3750
    9    7      1.1970
    9    8    -18.4450
   10    1     -0.0580
   10    2      0.0810
   10    3      0.0070
   10    4     -0.0610
   10    5      0.6420
   10    6     -0.0160
   10    7      2.1900
   10    8      0.0350
   10    9      0.0530
   11    1     -0.3290
   11    2      0.1630
   11    3      0.0240
   11    4     -0.0080
   11    5     -0.0360
   11    6      0.8110
   11    7     -0.4110
   11    8     -0.2180
   11    9      0.0210
   11   10      0.0850
   12    1     -0.2070
   12    2      0.5600
   12    3     -0.0790
   12    4      0.0000
   12    5     -0.0040
   12    6     -0.0780
   12    7     -0.0650
   12    8     -0.5320
   12    9     -0.2390
   12   10     -0.0270
   12   11    -12.6100
   13    1      0.0160
   13    2     -0.0030
   13    3     -0.0350
   13    4      0.0980
   13    5      0.1250
   13    6     -1.1500
   13    7      0.7910
   13    8     -2.6560
   13    9     -2.0550
   13   10      0.0180
   13   11     -0.0170
   13   12     -0.0190
   14    1      0.0400
   14    2      0.0260
   14    3     -0.0130
   14    4     -0.0730
   14    5      0.0830
   14    6     -1.0720
   14    7      0.2230
   14    8     -3.1230
   14    9     -2.4010
   14   10      0.0160
   14   11     -0.0450
   14   12      0.0090
   14   13      0.2850
   15    1      1.4820
   15    2      0.1830
   15    3     -0.1870
   15    4      0.0650
   15    5      0.0480
   15    6      0.0150
   15    7      0.0130
   15    8     -0.0400
   15    9      0.0000
   15   10     -0.0030
   15   11     -0.0180
   15   12     -0.0440
   15   13      0.0000
   15   14      0.0100
   16    1     -0.2920
   16    2      0.0500
   16    3     -0.2400
   16    4     -0.4310
   16    5     -0.0520
   16    6      0.0100
   16    7     -0.5500
   16    8     -0.0370
   16    9     -0.0190
   16   10      0.0060
   16   11     -0.0080
   16   12     -0.0400
   16   13      0.0070
   16   14      0.0030
   16   15      0.3270
   17    1      0.0920
   17    2      0.0790
   17    3      0.0270
   17    4      0.0000
   17    5      0.0000
   17    6      0.0310
   17    7     -0.0470
   17    8     -0.0390
   17    9      0.0070
   17   10      0.0100
   17   11      0.2580
   17   12     14.8530
   17   13     -0.0070
   17   14     -0.0210
   17   15      0.0800
   17   16      0.1020
   18    1      0.0256
   18    2      0.0457
   18    3     -0.0892
   18    4     -0.0214
   18    5      0.0028
   18    6     -0.0056
   18    7      0.0183
   18    8     -0.0017
   18    9     -0.0030
   18   10     -0.0004
   18   11     -0.1391
   18   12     -0.0126
   18   13      0.0004
   18   14     -0.0010
   18   15     -1.7002
   18   16     -1.1168
   18   17      0.0770
end
