          18
    1     0.5      2.0320   0
    1     0.5      1.3500   0
    1     0.5      1.8450   0
    1     0.5      2.0340   0
    1     0.5      1.6000   0
    1     0.5      2.6910   0
    1     0.5      4.6360   0
    1     0.5      2.9470   0
    1     0.5      2.0180   0
    1     0.5      4.6050   0
    1     0.5      4.0630   0
    1     0.5      3.9170   0
    1     0.5      5.0740   0
    1     0.5      5.0840   0
    1     0.5      5.0540   0
    1     0.5      5.0520   0
    1     0.5      2.0340   0
    3     0.5      1.7347   0
    2    1      0.7590
    3    1      7.7650
    3    2    -14.6900
    4    1     -0.5860
    4    2      5.7620
    4    3     13.7990
    5    1      0.8820
    5    2      1.2210
    5    3      6.3870
    5    4    -13.7770
    6    1      0.1910
    6    2      0.5180
    6    3     -0.5340
    6    4      2.2680
    6    5      4.7520
    7    1     -0.3740
    7    2      0.0760
    7    3     -0.0020
    7    4     -0.2480
    7    5     -0.1770
    7    6      0.8930
    8    1     -0.3060
    8    2     -0.0650
    8    3      0.3980
    8    4     -0.3950
    8    5      0.1290
    8    6      0.3310
    8    7     -0.6100
    9    1     -0.4480
    9    2     -0.0560
    9    3     -0.1070
    9    4     -0.0590
    9    5      0.0580
    9    6     -1.3280
    9    7      1.0840
    9    8    -18.1820
   10    1      0.0880
   10    2      0.0360
   10    3     -0.0030
   10    4      0.1250
   10    5      0.6850
   10    6      0.1590
   10    7     -0.5030
   10    8     -0.0460
   10    9      0.0090
   11    1     -0.2280
   11    2     -0.0300
   11    3      0.1230
   11    4      0.0010
   11    5     -0.0060
   11    6     -0.0320
   11    7     -0.2030
   11    8     -0.1710
   11    9     -0.5570
   11   10      0.0550
   12    1     -0.2500
   12    2     -0.0090
   12    3      0.0600
   12    4      0.0170
   12    5     -0.0300
   12    6      0.7860
   12    7     -0.5070
   12    8     -0.2480
   12    9     -0.2140
   12   10      0.0480
   12   11    -12.6220
   13    1      0.0120
   13    2     -0.0060
   13    3     -0.0420
   13    4      0.1110
   13    5      0.1190
   13    6     -1.1510
   13    7      0.8430
   13    8     -2.5500
   13    9     -2.0050
   13   10      0.0020
   13   11      0.0420
   13   12     -0.0110
   14    1      0.0300
   14    2      0.0150
   14    3     -0.0240
   14    4     -0.0630
   14    5      0.0790
   14    6     -1.0580
   14    7      0.2490
   14    8     -3.0030
   14    9     -2.3510
   14   10     -0.0090
   14   11      0.2970
   14   12     -0.0100
   14   13      0.3190
   15    1      1.4020
   15    2      0.1700
   15    3     -0.1760
   15    4      0.0650
   15    5      0.0610
   15    6      0.0200
   15    7      0.0370
   15    8     -0.0390
   15    9      0.0010
   15   10      0.0000
   15   11     -0.0110
   15   12     -0.0190
   15   13      0.0000
   15   14      0.0100
   16    1     -0.2790
   16    2      0.0430
   16    3     -0.2490
   16    4     -0.4920
   16    5     -0.0470
   16    6      0.0160
   16    7     -0.5710
   16    8     -0.0550
   16    9     -0.0250
   16   10      0.0010
   16   11     -0.0050
   16   12     -0.0160
   16   13      0.0070
   16   14      0.0040
   16   15      0.1020
   17    1      0.0320
   17    2     -0.0510
   17    3      0.0120
   17    4     -0.0020
   17    5     -0.0010
   17    6      0.0030
   17    7     -0.0070
   17    8     -0.2060
   17    9      0.0150
   17   10      0.0950
   17   11     14.4150
   17   12      3.9680
   17   13      0.0080
   17   14      0.0210
   17   15     -0.0270
   17   16     -0.0290
   18    1      0.0379
   18    2      0.0347
   18    3     -0.0952
   18    4     -0.0182
   18    5     -0.0024
   18    6     -0.0044
   18    7      0.0208
   18    8      0.0033
   18    9      0.0020
   18   10     -0.0016
   18   11      0.0213
   18   12     -0.0594
   18   13      0.0003
   18   14     -0.0007
   18   15     -1.7064
   18   16     -1.1307
   18   17     -0.0093
end
