          18
    1     0.5      2.2940   0
    1     0.5      1.4150   0
    1     0.5      1.8250   0
    1     0.5      2.1300   0
    1     0.5      1.6230   0
    1     0.5      2.7070   0
    1     0.5      4.5970   0
    1     0.5      2.4400   0
    1     0.5      2.2720   0
    1     0.5      1.3150   0
    1     0.5      3.6570   0
    1     0.5      4.1030   0
    1     0.5      4.9660   0
    1     0.5      5.0410   0
    1     0.5      4.9750   0
    1     0.5      4.9560   0
    1     0.5      2.0030   0
    3     0.5      1.9257   0
    2    1      0.7200
    3    1      7.7140
    3    2    -14.9890
    4    1     -0.5820
    4    2      6.1710
    4    3     13.8090
    5    1      0.8130
    5    2      1.0900
    5    3      6.8090
    5    4    -13.7300
    6    1      0.1970
    6    2      0.3840
    6    3     -0.5240
    6    4      2.7030
    6    5      4.2830
    7    1     -0.1940
    7    2      0.1230
    7    3     -0.0020
    7    4     -0.2330
    7    5     -0.1560
    7    6      0.7220
    8    1     -0.2940
    8    2      0.0840
    8    3      0.5570
    8    4     -0.4900
    8    5      0.1560
    8    6      0.4310
    8    7     -0.6240
    9    1     -0.4080
    9    2     -0.0570
    9    3     -0.1440
    9    4     -0.1360
    9    5      0.0800
    9    6     -1.3610
    9    7      0.9540
    9    8    -18.8380
   10    1      0.9010
   10    2      0.0120
   10    3     -0.0040
   10    4      0.0710
   10    5      0.0100
   10    6     -0.0150
   10    7      0.7690
   10    8      0.0170
   10    9     -0.1920
   11    1     -0.3600
   11    2      0.1980
   11    3      0.0330
   11    4     -0.0080
   11    5     -0.0370
   11    6      0.8480
   11    7     -0.4030
   11    8     -0.2630
   11    9     -0.0060
   11   10     -0.0940
   12    1     -0.0940
   12    2      0.7080
   12    3     -0.0700
   12    4     -0.0030
   12    5     -0.0110
   12    6     -0.0790
   12    7     -0.0720
   12    8     -0.6400
   12    9     -0.2120
   12   10      0.1660
   12   11    -12.8670
   13    1      0.0160
   13    2     -0.0030
   13    3     -0.0260
   13    4      0.0830
   13    5      0.1410
   13    6     -1.0580
   13    7      0.8540
   13    8     -2.5800
   13    9     -2.1900
   13   10     -0.0040
   13   11     -0.0140
   13   12     -0.0280
   14    1      0.0370
   14    2      0.0290
   14    3     -0.0040
   14    4     -0.1110
   14    5      0.0940
   14    6     -1.0110
   14    7      0.2460
   14    8     -3.0180
   14    9     -2.5680
   14   10     -0.0070
   14   11     -0.0450
   14   12     -0.0240
   14   13      0.3510
   15    1      0.8240
   15    2      0.0670
   15    3     -0.2300
   15    4      0.0070
   15    5      0.0570
   15    6      0.0190
   15    7      0.0440
   15    8     -0.0220
   15    9      0.0190
   15   10     -0.0170
   15   11     -0.0280
   15   12     -0.0840
   15   13      0.0000
   15   14      0.0150
   16    1     -0.5750
   16    2     -0.0090
   16    3     -0.1620
   16    4     -0.5560
   16    5     -0.0350
   16    6      0.0180
   16    7     -0.2850
   16    8     -0.0420
   16    9     -0.0230
   16   10     -0.0140
   16   11     -0.0230
   16   12     -0.0710
   16   13      0.0080
   16   14      0.0050
   16   15      0.4160
   17    1     -0.0010
   17    2     -0.0080
   17    3      0.0100
   17    4      0.0000
   17    5      0.0010
   17    6      0.0180
   17    7     -0.0010
   17    8     -0.0130
   17    9      0.0890
   17   10     -0.0340
   17   11     14.7570
   17   12      3.0890
   17   13     -0.0020
   17   14     -0.0170
   17   15      0.0150
   17   16      0.0110
   18    1     -0.1098
   18    2      0.0664
   18    3     -0.0265
   18    4     -0.0246
   18    5     -0.0042
   18    6     -0.0044
   18    7      0.0105
   18    8     -0.0105
   18    9     -0.0081
   18   10     -0.0044
   18   11     -0.0750
   18   12      0.0284
   18   13      0.0009
   18   14      0.0009
   18   15     -1.5397
   18   16     -0.8705
   18   17      0.0407
end
