          18
    1     0.5      2.4920   0
    1     0.5      1.2570   0
    1     0.5      1.9560   0
    1     0.5      1.9830   0
    1     0.5      1.6910   0
    1     0.5      2.6190   0
    1     0.5      4.6660   0
    1     0.5      3.4170   0
    1     0.5      2.0230   0
    1     0.5      1.6220   0
    1     0.5      4.0190   0
    1     0.5      3.2410   0
    1     0.5      5.0780   0
    1     0.5      5.0860   0
    1     0.5      4.6900   0
    1     0.5      4.6930   0
    1     0.5      2.8570   0
    3     0.5      1.8537   0
    2    1      0.5940
    3    1      8.4130
    3    2    -15.3340
    4    1     -0.5730
    4    2      6.0350
    4    3     13.7950
    5    1      0.7150
    5    2      1.1460
    5    3      6.6390
    5    4    -13.6820
    6    1      0.1760
    6    2      0.3260
    6    3     -0.5190
    6    4      2.3360
    6    5      4.7870
    7    1     -0.2820
    7    2      0.0800
    7    3     -0.0070
    7    4     -0.2810
    7    5     -0.1490
    7    6      0.8210
    8    1     -0.2670
    8    2     -0.0610
    8    3      0.3840
    8    4     -0.4250
    8    5      0.1570
    8    6      0.4240
    8    7     -0.6540
    9    1     -0.4860
    9    2     -0.0510
    9    3     -0.0910
    9    4     -0.0460
    9    5      0.0850
    9    6     -1.3730
    9    7      1.0320
    9    8    -18.9550
   10    1      0.8500
   10    2      0.0200
   10    3      0.0000
   10    4      0.0630
   10    5     -0.0200
   10    6      0.0600
   10    7      0.7590
   10    8      0.0580
   10    9     -0.1980
   11    1     -0.1420
   11    2      0.0340
   11    3      0.1670
   11    4     -0.0030
   11    5     -0.0100
   11    6     -0.0520
   11    7     -0.2330
   11    8     -0.0540
   11    9     -0.5320
   11   10      0.0330
   12    1     -0.2620
   12    2      0.1170
   12    3      0.0700
   12    4      0.0170
   12    5     -0.0230
   12    6      0.7790
   12    7     -0.4490
   12    8     -0.2770
   12    9     -0.1970
   12   10      0.0290
   12   11    -12.5810
   13    1      0.0110
   13    2     -0.0040
   13    3     -0.0330
   13    4      0.1150
   13    5      0.1250
   13    6     -1.1260
   13    7      0.8630
   13    8     -2.7510
   13    9     -2.0770
   13   10      0.0020
   13   11      0.0230
   13   12     -0.0110
   14    1      0.0360
   14    2      0.0200
   14    3     -0.0140
   14    4     -0.0630
   14    5      0.0840
   14    6     -1.0250
   14    7      0.2510
   14    8     -3.2140
   14    9     -2.4310
   14   10      0.0010
   14   11      0.2730
   14   12     -0.0180
   14   13      0.3320
   15    1      0.6470
   15    2      0.1750
   15    3      0.0150
   15    4     -0.0550
   15    5     -0.0440
   15    6     -0.0120
   15    7     -0.0200
   15    8      0.0930
   15    9      0.0190
   15   10      0.0160
   15   11     -0.0550
   15   12      0.0370
   15   13      0.0000
   15   14      0.0000
   16    1     -0.5990
   16    2      0.0620
   16    3     -0.1710
   16    4     -0.0520
   16    5     -0.0710
   16    6     -0.0080
   16    7     -0.0150
   16    8     -0.0400
   16    9      0.0020
   16   10      0.0040
   16   11     -0.0480
   16   12      0.0390
   16   13      0.0000
   16   14     -0.0020
   16   15      1.7140
   17    1      0.0330
   17    2     -0.0510
   17    3      0.0150
   17    4     -0.0070
   17    5     -0.0040
   17    6      0.0680
   17    7      0.0300
   17    8      0.0740
   17    9      0.0140
   17   10     -0.8200
   17   11      0.4020
   17   12     13.9940
   17   13      0.0060
   17   14      0.0110
   17   15      0.0150
   17   16      0.0300
   18    1      0.1269
   18    2      0.0515
   18    3      0.0284
   18    4     -0.1231
   18    5      0.0057
   18    6      0.0093
   18    7     -0.2442
   18    8     -0.0298
   18    9     -0.0087
   18   10     -0.0086
   18   11     -0.0257
   18   12      0.0492
   18   13     -0.0013
   18   14      0.0032
   18   15     -1.6102
   18   16     -0.8583
   18   17      0.0130
end
