          18
    1     0.5      2.6720   0
    1     0.5      1.3730   0
    1     0.5      1.8220   0
    1     0.5      2.0290   0
    1     0.5      1.6460   0
    1     0.5      2.7640   0
    1     0.5      4.6340   0
    1     0.5      2.4050   0
    1     0.5      2.1460   0
    1     0.5      2.0670   0
    1     0.5      3.8970   0
    1     0.5      3.7960   0
    1     0.5      4.9450   0
    1     0.5      5.0240   0
    1     0.5      4.9060   0
    1     0.5      5.0850   0
    1     0.5      2.2870   0
    3     0.5      1.9877   0
    2    1      0.6490
    3    1      7.5750
    3    2    -15.5010
    4    1     -0.6020
    4    2      5.8430
    4    3     13.7540
    5    1      0.9650
    5    2      1.2070
    5    3      6.4370
    5    4    -13.5320
    6    1      0.2280
    6    2      0.4340
    6    3     -0.5360
    6    4      2.3730
    6    5      4.7540
    7    1     -0.3640
    7    2      0.1270
    7    3     -0.0050
    7    4     -0.2370
    7    5      0.0800
    7    6      0.8110
    8    1     -0.2110
    8    2     -0.0250
    8    3      0.4150
    8    4     -0.4590
    8    5      0.1580
    8    6      0.3300
    8    7     -0.6410
    9    1     -0.4200
    9    2     -0.0510
    9    3     -0.1130
    9    4     -0.0750
    9    5      0.0840
    9    6     -1.3660
    9    7      1.1570
    9    8    -18.5050
   10    1     -0.0760
   10    2      0.0950
   10    3      0.0120
   10    4     -0.0720
   10    5      0.6290
   10    6     -0.0250
   10    7      2.3990
   10    8      0.0440
   10    9      0.0500
   11    1     -0.3410
   11    2      0.1620
   11    3      0.0330
   11    4     -0.0080
   11    5     -0.0370
   11    6      0.9070
   11    7     -0.4240
   11    8     -0.2270
   11    9      0.0030
   11   10      0.0440
   12    1     -0.1370
   12    2      0.7010
   12    3     -0.0790
   12    4     -0.0040
   12    5     -0.0090
   12    6     -0.0730
   12    7     -0.0680
   12    8     -0.4940
   12    9     -0.2070
   12   10     -0.0930
   12   11    -13.0420
   13    1      0.0130
   13    2     -0.0040
   13    3     -0.0290
   13    4      0.0750
   13    5      0.1240
   13    6     -1.1370
   13    7      0.7880
   13    8     -2.6610
   13    9     -2.0730
   13   10      0.0140
   13   11     -0.0120
   13   12     -0.0210
   14    1      0.0340
   14    2      0.0250
   14    3     -0.0090
   14    4     -0.0790
   14    5      0.0830
   14    6     -1.0630
   14    7      0.2270
   14    8     -3.1180
   14    9     -2.4230
   14   10      0.0160
   14   11     -0.0420
   14   12     -0.0070
   14   13      0.3460
   15    1      0.2450
   15    2      0.2150
   15    3      0.1540
   15    4     -0.0550
   15    5      0.0310
   15    6     -0.0110
   15    7     -0.0070
   15    8      0.0210
   15    9     -0.0040
   15   10      0.0040
   15   11      0.0770
   15   12      0.0570
   15   13      0.0000
   15   14      0.0000
   16    1     -0.7600
   16    2      0.0930
   16    3     -0.1220
   16    4     -0.0490
   16    5     -0.0330
   16    6     -0.0060
   16    7     -0.0080
   16    8     -0.0360
   16    9      0.0030
   16   10      0.0030
   16   11     -0.0260
   16   12     -0.0280
   16   13      0.0000
   16   14     -0.0020
   16   15      1.8820
   17    1      0.1490
   17    2      0.0280
   17    3      0.0360
   17    4      0.0020
   17    5      0.0010
   17    6      0.0110
   17    7     -0.0010
   17    8      0.0170
   17    9      0.0380
   17   10     -0.0640
   17   11      3.3070
   17   12     14.7510
   17   13     -0.0080
   17   14     -0.0210
   17   15      0.0050
   17   16      0.0520
   18    1     -0.0356
   18    2     -0.0459
   18    3      0.0243
   18    4     -0.0591
   18    5      0.0641
   18    6      0.0091
   18    7     -0.1923
   18    8     -0.0109
   18    9      0.0001
   18   10     -0.0019
   18   11     -0.0125
   18   12      0.0149
   18   13     -0.0021
   18   14      0.0030
   18   15     -1.6325
   18   16     -0.8656
   18   17      0.0750
end
