          18
    1     0.5      2.4960   0
    1     0.5      1.2810   0
    1     0.5      1.9050   0
    1     0.5      2.0380   0
    1     0.5      1.6780   0
    1     0.5      2.7550   0
    1     0.5      4.6440   0
    1     0.5      2.6400   0
    1     0.5      2.2340   0
    1     0.5      2.4570   0
    1     0.5      3.9080   0
    1     0.5      4.0590   0
    1     0.5      4.9630   0
    1     0.5      5.0290   0
    1     0.5      4.6540   0
    1     0.5      4.7460   0
    1     0.5      1.1890   0
    3     0.5      1.9573   0
    2    1      0.5710
    3    1      8.4980
    3    2    -15.4500
    4    1     -0.5630
    4    2      6.1580
    4    3     13.6940
    5    1      0.7000
    5    2      1.0900
    5    3      6.7460
    5    4    -13.5210
    6    1      0.2330
    6    2      0.4260
    6    3     -0.5370
    6    4      2.3770
    6    5      4.7880
    7    1     -0.3820
    7    2      0.1300
    7    3     -0.0090
    7    4     -0.2380
    7    5      0.1380
    7    6      0.7970
    8    1     -0.2040
    8    2     -0.0490
    8    3      0.3780
    8    4     -0.4440
    8    5      0.1670
    8    6      0.2680
    8    7     -0.6430
    9    1     -0.4580
    9    2     -0.0440
    9    3     -0.0800
    9    4     -0.0330
    9    5      0.0810
    9    6     -1.3930
    9    7      1.1670
    9    8    -18.3620
   10    1     -0.0360
   10    2      0.0930
   10    3      0.0110
   10    4     -0.0590
   10    5      0.6120
   10    6     -0.0230
   10    7      2.0890
   10    8      0.0400
   10    9      0.0560
   11    1     -0.3280
   11    2      0.2770
   11    3      0.0170
   11    4     -0.0080
   11    5     -0.0260
   11    6      0.6150
   11    7     -0.3610
   11    8     -0.2630
   11    9      0.0040
   11   10      0.1100
   12    1     -0.1310
   12    2      0.5960
   12    3     -0.0730
   12    4     -0.0050
   12    5     -0.0110
   12    6     -0.0830
   12    7     -0.0590
   12    8     -0.6120
   12    9     -0.2350
   12   10      0.0730
   12   11     -9.3030
   13    1      0.0140
   13    2     -0.0030
   13    3     -0.0360
   13    4      0.0820
   13    5      0.1170
   13    6     -1.1750
   13    7      0.7990
   13    8     -2.7230
   13    9     -2.0300
   13   10      0.0200
   13   11     -0.0220
   13   12     -0.0150
   14    1      0.0420
   14    2      0.0280
   14    3     -0.0130
   14    4     -0.0780
   14    5      0.0780
   14    6     -1.0920
   14    7      0.2380
   14    8     -3.1950
   14    9     -2.3670
   14   10      0.0170
   14   11     -0.0500
   14   12      0.0120
   14   13      0.3760
   15    1      0.6860
   15    2      0.1720
   15    3      0.0070
   15    4     -0.0520
   15    5     -0.0370
   15    6     -0.0130
   15    7     -0.0210
   15    8      0.0870
   15    9      0.0100
   15   10      0.0010
   15   11      0.0300
   15   12      0.0230
   15   13      0.0000
   15   14      0.0000
   16    1     -0.5960
   16    2      0.0630
   16    3     -0.1680
   16    4     -0.0490
   16    5     -0.0690
   16    6     -0.0080
   16    7     -0.0180
   16    8     -0.0300
   16    9      0.0000
   16   10      0.0030
   16   11      0.0060
   16   12      0.0300
   16   13      0.0000
   16   14     -0.0030
   16   15      1.9410
   17    1      0.0070
   17    2      0.0680
   17    3     -0.0180
   17    4     -0.0020
   17    5     -0.0040
   17    6     -0.0450
   17    7      0.1790
   17    8      0.1370
   17    9      0.0570
   17   10     -0.0660
   17   11      2.4890
   17   12      0.2270
   17   13     -0.0080
   17   14      0.0560
   17   15      0.0010
   17   16      0.0090
   18    1      0.1612
   18    2      0.0462
   18    3      0.0425
   18    4     -0.1255
   18    5     -0.0093
   18    6      0.0074
   18    7     -0.2254
   18    8     -0.0250
   18    9     -0.0108
   18   10      0.0048
   18   11      0.0081
   18   12      0.0647
   18   13     -0.0011
   18   14      0.0026
   18   15     -1.5585
   18   16     -0.8125
   18   17      0.0058
end
