          18
    1     0.5      2.1620   0
    1     0.5      1.3560   0
    1     0.5      1.8570   0
    1     0.5      2.0530   0
    1     0.5      1.6420   0
    1     0.5      2.6530   0
    1     0.5      4.6900   0
    1     0.5      3.3920   0
    1     0.5      2.0460   0
    1     0.5      1.5860   0
    1     0.5      4.1190   0
    1     0.5      3.4140   0
    1     0.5      5.0610   0
    1     0.5      5.0800   0
    1     0.5      5.0200   0
    1     0.5      4.9630   0
    1     0.5      2.9710   0
    3     0.5      1.7560   0
    2    1      0.7400
    3    1      7.7720
    3    2    -14.7350
    4    1     -0.5890
    4    2      5.9950
    4    3     13.8000
    5    1      0.8750
    5    2      1.1380
    5    3      6.6580
    5    4    -13.8690
    6    1      0.1700
    6    2      0.3610
    6    3     -0.5190
    6    4      2.5030
    6    5      4.5010
    7    1     -0.2420
    7    2      0.0920
    7    3     -0.0010
    7    4     -0.2520
    7    5     -0.2270
    7    6      0.7490
    8    1     -0.3310
    8    2     -0.0050
    8    3      0.4740
    8    4     -0.4490
    8    5      0.1480
    8    6      0.5240
    8    7     -0.6150
    9    1     -0.4500
    9    2     -0.0610
    9    3     -0.1270
    9    4     -0.0940
    9    5      0.0740
    9    6     -1.3550
    9    7      1.0400
    9    8    -19.0300
   10    1      0.8390
   10    2      0.0230
   10    3     -0.0010
   10    4      0.0730
   10    5     -0.0120
   10    6      0.0550
   10    7      0.9870
   10    8      0.0620
   10    9     -0.2150
   11    1     -0.1550
   11    2      0.0100
   11    3      0.1550
   11    4     -0.0030
   11    5     -0.0090
   11    6     -0.0540
   11    7     -0.2150
   11    8     -0.0080
   11    9     -0.5440
   11   10      0.0310
   12    1     -0.2850
   12    2      0.0810
   12    3      0.0590
   12    4      0.0090
   12    5     -0.0310
   12    6      0.7470
   12    7     -0.4570
   12    8     -0.2590
   12    9     -0.2020
   12   10      0.0590
   12   11    -11.7520
   13    1      0.0150
   13    2     -0.0040
   13    3     -0.0320
   13    4      0.1200
   13    5      0.1390
   13    6     -1.0770
   13    7      0.8700
   13    8     -2.6570
   13    9     -2.1350
   13   10     -0.0020
   13   11      0.0300
   13   12     -0.0100
   14    1      0.0350
   14    2      0.0210
   14    3     -0.0130
   14    4     -0.0790
   14    5      0.0920
   14    6     -0.9970
   14    7      0.2490
   14    8     -3.1120
   14    9     -2.5020
   14   10     -0.0010
   14   11      0.2920
   14   12     -0.0130
   14   13      0.3610
   15    1      1.2570
   15    2      0.1410
   15    3     -0.2030
   15    4      0.0560
   15    5      0.0740
   15    6      0.0200
   15    7      0.0260
   15    8     -0.0500
   15    9      0.0050
   15   10     -0.0200
   15   11     -0.0330
   15   12     -0.0360
   15   13      0.0000
   15   14      0.0120
   16    1     -0.3700
   16    2      0.0350
   16    3     -0.2260
   16    4     -0.5180
   16    5     -0.0410
   16    6      0.0170
   16    7     -0.5010
   16    8     -0.0600
   16    9     -0.0270
   16   10     -0.0170
   16   11     -0.0290
   16   12     -0.0340
   16   13      0.0080
   16   14      0.0050
   16   15      0.1750
   17    1      0.0180
   17    2     -0.0520
   17    3      0.0090
   17    4     -0.0080
   17    5     -0.0020
   17    6      0.0630
   17    7      0.0290
   17    8      0.0780
   17    9      0.0150
   17   10     -0.8420
   17   11      0.4290
   17   12     13.8130
   17   13      0.0050
   17   14      0.0110
   17   15      0.0040
   17   16      0.0010
   18    1     -0.0223
   18    2      0.0414
   18    3     -0.0777
   18    4     -0.0240
   18    5     -0.0057
   18    6     -0.0043
   18    7      0.0159
   18    8     -0.0054
   18    9     -0.0010
   18   10     -0.0007
   18   11      0.0184
   18   12     -0.1255
   18   13      0.0004
   18   14     -0.0003
   18   15     -1.6755
   18   16     -1.0742
   18   17      0.0067
end
