          18
    1     0.5      2.1500   0
    1     0.5      1.3760   0
    1     0.5      1.8420   0
    1     0.5      2.1400   0
    1     0.5      1.6990   0
    1     0.5      2.7120   0
    1     0.5      4.4780   0
    1     0.5      3.2740   0
    1     0.5      2.0570   0
    1     0.5      1.2430   0
    1     0.5      4.1580   0
    1     0.5      3.4200   0
    1     0.5      5.2180   0
    1     0.5      5.2520   0
    1     0.5      5.0330   0
    1     0.5      4.9730   0
    1     0.5      3.4030   0
    3     0.5      1.7460   0
    2    1      0.7650
    3    1      7.7020
    3    2    -14.7670
    4    1     -0.5840
    4    2      5.9910
    4    3     13.8350
    5    1      1.0030
    5    2      1.1280
    5    3      6.6310
    5    4    -13.8600
    6    1      0.1710
    6    2      0.3330
    6    3     -0.5160
    6    4      2.5400
    6    5      4.5370
    7    1     -0.3680
    7    2      0.1120
    7    3      0.0030
    7    4     -0.2390
    7    5     -0.0860
    7    6      0.8060
    8    1     -0.3360
    8    2     -0.0040
    8    3      0.4860
    8    4     -0.4690
    8    5      0.1630
    8    6      0.5720
    8    7     -0.5520
    9    1     -0.4440
    9    2     -0.0620
    9    3     -0.1380
    9    4     -0.1060
    9    5      0.0860
    9    6     -1.3740
    9    7      1.4570
    9    8    -19.6130
   10    1      0.0200
   10    2     -0.0580
   10    3     -0.0080
   10    4     -0.0100
   10    5     -0.0870
   10    6     -0.3960
   10    7     12.2560
   10    8     -0.0130
   10    9      0.0310
   11    1     -0.1750
   11    2      0.0000
   11    3      0.1520
   11    4      0.0000
   11    5     -0.0050
   11    6     -0.0580
   11    7     -0.2200
   11    8      0.0080
   11    9     -0.5490
   11   10      0.0060
   12    1     -0.2850
   12    2      0.0600
   12    3      0.0640
   12    4      0.0170
   12    5     -0.0230
   12    6      0.7240
   12    7     -0.4710
   12    8     -0.2580
   12    9     -0.2130
   12   10      0.0010
   12   11    -11.7130
   13    1      0.0170
   13    2     -0.0070
   13    3     -0.0290
   13    4      0.1630
   13    5      0.1530
   13    6     -1.0770
   13    7      0.7580
   13    8     -2.6430
   13    9     -2.2840
   13   10      0.0820
   13   11      0.0320
   13   12     -0.0120
   14    1      0.0350
   14    2      0.0210
   14    3     -0.0070
   14    4     -0.0730
   14    5      0.1060
   14    6     -1.0040
   14    7      0.2440
   14    8     -3.1060
   14    9     -2.6710
   14   10      0.0120
   14   11      0.3020
   14   12     -0.0120
   14   13      0.3340
   15    1      1.3210
   15    2      0.1530
   15    3     -0.1900
   15    4      0.0550
   15    5      0.0720
   15    6      0.0200
   15    7      0.0280
   15    8     -0.0610
   15    9     -0.0040
   15   10      0.0410
   15   11     -0.0320
   15   12     -0.0380
   15   13      0.0000
   15   14      0.0120
   16    1     -0.3390
   16    2      0.0400
   16    3     -0.2330
   16    4     -0.5190
   16    5     -0.0390
   16    6      0.0170
   16    7     -0.4830
   16    8     -0.0660
   16    9     -0.0320
   16   10      0.0710
   16   11     -0.0270
   16   12     -0.0350
   16   13      0.0080
   16   14      0.0050
   16   15      0.0850
   17    1      0.0280
   17    2     -0.0510
   17    3      0.0100
   17    4     -0.0080
   17    5      0.0000
   17    6      0.0540
   17    7      0.0230
   17    8      0.0840
   17    9      0.0130
   17   10      0.0930
   17   11      0.5060
   17   12     13.4840
   17   13      0.0050
   17   14      0.0090
   17   15      0.0050
   17   16      0.0010
   18    1     -0.0015
   18    2      0.0391
   18    3     -0.0824
   18    4     -0.0224
   18    5      0.0010
   18    6     -0.0043
   18    7      0.0079
   18    8     -0.0067
   18    9     -0.0007
   18   10      0.0161
   18   11      0.0130
   18   12     -0.1039
   18   13      0.0001
   18   14     -0.0007
   18   15     -1.6740
   18   16     -1.0821
   18   17      0.0041
end
