          18
    1     0.5      2.8800   0
    1     0.5      1.3160   0
    1     0.5      1.9270   0
    1     0.5      2.1110   0
    1     0.5      1.7490   0
    1     0.5      2.6760   0
    1     0.5      4.1070   0
    1     0.5      2.7200   0
    1     0.5      2.5250   0
    1     0.5      0.9260   0
    1     0.5      3.7730   0
    1     0.5      3.9690   0
    1     0.5      5.1690   0
    1     0.5      5.1880   0
    1     0.5      4.7890   0
    1     0.5      4.8700   0
    1     0.5      1.3440   0
    3     0.5      1.9580   0
    2    1      0.6220
    3    1      8.5870
    3    2    -15.4960
    4    1     -0.5670
    4    2      6.1040
    4    3     13.8110
    5    1      0.7460
    5    2      1.1090
    5    3      6.7230
    5    4    -13.6970
    6    1      0.2040
    6    2      0.3410
    6    3     -0.5350
    6    4      2.4150
    6    5      4.8250
    7    1     -0.3930
    7    2      0.1260
    7    3     -0.0040
    7    4     -0.2760
    7    5      0.0150
    7    6      0.8020
    8    1     -0.2730
    8    2     -0.0650
    8    3      0.3600
    8    4     -0.4250
    8    5      0.1760
    8    6      0.2940
    8    7     -0.6090
    9    1     -0.4790
    9    2     -0.0500
    9    3     -0.0960
    9    4     -0.0280
    9    5      0.0950
    9    6     -1.4530
    9    7      1.2640
    9    8    -19.7840
   10    1     -0.0900
   10    2     -0.0510
   10    3     -0.0110
   10    4     -0.0010
   10    5     -0.1420
   10    6     -0.2860
   10    7     15.1060
   10    8     -0.1970
   10    9     -0.0330
   11    1     -0.5480
   11    2      0.6120
   11    3     -0.0300
   11    4      0.0000
   11    5     -0.0180
   11    6     -0.0570
   11    7     -0.0750
   11    8     -0.3740
   11    9     -0.1820
   11   10      0.0090
   12    1     -0.1900
   12    2     -0.0250
   12    3      0.0590
   12    4      0.0010
   12    5     -0.0030
   12    6     -0.1040
   12    7     -0.1120
   12    8      0.2000
   12    9     -0.2690
   12   10      0.0530
   12   11    -12.8530
   13    1      0.0060
   13    2     -0.0050
   13    3     -0.0360
   13    4      0.1590
   13    5      0.1530
   13    6     -1.1600
   13    7      0.7560
   13    8     -2.7500
   13    9     -2.2130
   13   10      0.0650
   13   11     -0.0200
   13   12      0.0180
   14    1      0.0340
   14    2      0.0290
   14    3     -0.0110
   14    4     -0.0450
   14    5      0.1080
   14    6     -1.0730
   14    7      0.2390
   14    8     -3.2290
   14    9     -2.5900
   14   10      0.0120
   14   11     -0.0100
   14   12      0.2330
   14   13      0.3340
   15    1      0.7190
   15    2      0.1490
   15    3     -0.0140
   15    4     -0.0500
   15    5     -0.0550
   15    6     -0.0110
   15    7     -0.0240
   15    8      0.0930
   15    9      0.0140
   15   10      0.0050
   15   11      0.0030
   15   12     -0.0090
   15   13      0.0000
   15   14      0.0000
   16    1     -0.5650
   16    2      0.0340
   16    3     -0.2060
   16    4     -0.0450
   16    5     -0.0930
   16    6     -0.0080
   16    7     -0.0170
   16    8     -0.0390
   16    9     -0.0010
   16   10      0.0010
   16   11      0.0220
   16   12     -0.0140
   16   13      0.0000
   16   14     -0.0020
   16   15      1.4350
   17    1     -0.2300
   17    2      0.0250
   17    3     -0.0290
   17    4     -0.0040
   17    5      0.0020
   17    6     -0.0490
   17    7      0.0330
   17    8      0.0340
   17    9      0.0280
   17   10     -0.0170
   17   11     14.6400
   17   12      4.1840
   17   13      0.0030
   17   14      0.0050
   17   15     -0.0200
   17   16     -0.2280
   18    1      0.1709
   18    2      0.0762
   18    3      0.0359
   18    4     -0.1334
   18    5     -0.0265
   18    6      0.0070
   18    7     -0.2637
   18    8     -0.0281
   18    9     -0.0140
   18   10      0.0848
   18   11      0.0118
   18   12     -0.0183
   18   13     -0.0011
   18   14      0.0023
   18   15     -1.5908
   18   16     -0.8249
   18   17     -0.0463
end
