          18
    1     0.5      2.4540   0
    1     0.5      1.2570   0
    1     0.5      1.9650   0
    1     0.5      1.9650   0
    1     0.5      1.6430   0
    1     0.5      2.6720   0
    1     0.5      4.5250   0
    1     0.5      3.3180   0
    1     0.5      2.0210   0
    1     0.5      4.7640   0
    1     0.5      4.1710   0
    1     0.5      3.7820   0
    1     0.5      5.0590   0
    1     0.5      5.0590   0
    1     0.5      4.6760   0
    1     0.5      4.6550   0
    1     0.5      1.8990   0
    3     0.5      1.8567   0
    2    1      0.6080
    3    1      8.2880
    3    2    -15.3420
    4    1     -0.5770
    4    2      5.9340
    4    3     13.7970
    5    1      0.7240
    5    2      1.1830
    5    3      6.5330
    5    4    -13.6020
    6    1      0.2010
    6    2      0.4920
    6    3     -0.5370
    6    4      2.2450
    6    5      4.8680
    7    1     -0.3720
    7    2      0.0680
    7    3     -0.0080
    7    4     -0.2740
    7    5     -0.1160
    7    6      0.9370
    8    1     -0.2500
    8    2     -0.0830
    8    3      0.3540
    8    4     -0.4040
    8    5      0.1440
    8    6      0.3600
    8    7     -0.6460
    9    1     -0.4820
    9    2     -0.0500
    9    3     -0.0830
    9    4     -0.0330
    9    5      0.0670
    9    6     -1.3580
    9    7      1.0970
    9    8    -18.6290
   10    1      0.1320
   10    2      0.0320
   10    3     -0.0040
   10    4      0.1660
   10    5      0.6650
   10    6      0.1130
   10    7     -0.2020
   10    8     -0.0510
   10    9      0.0020
   11    1     -0.2040
   11    2     -0.0260
   11    3      0.1540
   11    4      0.0020
   11    5     -0.0080
   11    6     -0.0150
   11    7     -0.2330
   11    8     -0.1910
   11    9     -0.5460
   11   10      0.0540
   12    1     -0.2430
   12    2      0.0630
   12    3      0.0910
   12    4      0.0250
   12    5     -0.0140
   12    6      0.7050
   12    7     -0.5010
   12    8     -0.2740
   12    9     -0.2190
   12   10      0.0580
   12   11     -9.9880
   13    1      0.0090
   13    2     -0.0060
   13    3     -0.0380
   13    4      0.0980
   13    5      0.1130
   13    6     -1.1710
   13    7      0.8450
   13    8     -2.7090
   13    9     -2.0140
   13   10     -0.0050
   13   11      0.0310
   13   12     -0.0110
   14    1      0.0320
   14    2      0.0150
   14    3     -0.0190
   14    4     -0.0580
   14    5      0.0750
   14    6     -1.0650
   14    7      0.2500
   14    8     -3.1730
   14    9     -2.3550
   14   10     -0.0170
   14   11      0.2660
   14   12     -0.0090
   14   13      0.4070
   15    1      0.6170
   15    2      0.1730
   15    3      0.0310
   15    4     -0.0570
   15    5     -0.0380
   15    6     -0.0110
   15    7     -0.0140
   15    8      0.0890
   15    9      0.0180
   15   10      0.0000
   15   11     -0.0310
   15   12      0.0390
   15   13      0.0000
   15   14      0.0000
   16    1     -0.6110
   16    2      0.0580
   16    3     -0.1730
   16    4     -0.0540
   16    5     -0.0720
   16    6     -0.0080
   16    7     -0.0140
   16    8     -0.0370
   16    9      0.0040
   16   10      0.0000
   16   11     -0.0180
   16   12      0.0330
   16   13      0.0000
   16   14     -0.0010
   16   15      1.7860
   17    1     -0.0100
   17    2      0.3140
   17    3     -0.0360
   17    4      0.0020
   17    5     -0.0040
   17    6      0.0040
   17    7      0.0120
   17    8     -0.0900
   17    9      0.0720
   17   10     -0.3530
   17   11      2.5870
   17   12      0.1050
   17   13     -0.0290
   17   14     -0.0400
   17   15     -0.0220
   17   16     -0.0160
   18    1      0.1339
   18    2      0.0454
   18    3      0.0304
   18    4     -0.1242
   18    5      0.0096
   18    6      0.0106
   18    7     -0.2175
   18    8     -0.0268
   18    9     -0.0068
   18   10      0.0002
   18   11     -0.0147
   18   12      0.0636
   18   13     -0.0019
   18   14      0.0032
   18   15     -1.6240
   18   16     -0.8691
   18   17     -0.0085
end
