          18
    1     0.5      2.6440   0
    1     0.5      1.2340   0
    1     0.5      1.9210   0
    1     0.5      2.0370   0
    1     0.5      1.6660   0
    1     0.5      2.6730   0
    1     0.5      4.6390   0
    1     0.5      2.4260   0
    1     0.5      2.0910   0
    1     0.5      1.2030   0
    1     0.5      3.7060   0
    1     0.5      3.8980   0
    1     0.5      4.9940   0
    1     0.5      5.0430   0
    1     0.5      4.7880   0
    1     0.5      4.9980   0
    1     0.5      2.3000   0
    3     0.5      2.0023   0
    2    1      0.5880
    3    1      8.1830
    3    2    -15.4860
    4    1     -0.5790
    4    2      5.9770
    4    3     13.7790
    5    1      0.7810
    5    2      1.1850
    5    3      6.4930
    5    4    -13.6970
    6    1      0.1850
    6    2      0.4280
    6    3     -0.5220
    6    4      2.3190
    6    5      4.7570
    7    1     -0.3050
    7    2      0.0790
    7    3     -0.0030
    7    4     -0.2490
    7    5     -0.1810
    7    6      0.8710
    8    1     -0.1970
    8    2     -0.0440
    8    3      0.3770
    8    4     -0.4250
    8    5      0.1400
    8    6      0.2810
    8    7     -0.6970
    9    1     -0.4400
    9    2     -0.0450
    9    3     -0.0880
    9    4     -0.0580
    9    5      0.0790
    9    6     -1.3530
    9    7      0.9470
    9    8    -18.3360
   10    1      0.9360
   10    2     -0.0110
   10    3     -0.0030
   10    4      0.0670
   10    5      0.0440
   10    6     -0.0890
   10    7      0.4160
   10    8      0.0160
   10    9     -0.1660
   11    1     -0.3110
   11    2      0.1300
   11    3      0.0390
   11    4     -0.0110
   11    5     -0.0420
   11    6      1.1030
   11    7     -0.4920
   11    8     -0.2190
   11    9     -0.0460
   11   10     -0.1280
   12    1     -0.1470
   12    2      0.7400
   12    3     -0.0900
   12    4     -0.0050
   12    5     -0.0120
   12    6     -0.0420
   12    7     -0.1000
   12    8     -0.4080
   12    9     -0.1650
   12   10      0.0600
   12   11    -12.7100
   13    1      0.0070
   13    2     -0.0040
   13    3     -0.0360
   13    4      0.1020
   13    5      0.1200
   13    6     -1.1510
   13    7      0.8740
   13    8     -2.6640
   13    9     -2.0320
   13   10      0.0050
   13   11     -0.0040
   13   12     -0.0280
   14    1      0.0280
   14    2      0.0220
   14    3     -0.0150
   14    4     -0.0680
   14    5      0.0810
   14    6     -1.0680
   14    7      0.2560
   14    8     -3.1320
   14    9     -2.3810
   14   10     -0.0020
   14   11     -0.0300
   14   12     -0.0300
   14   13      0.3720
   15    1      0.6230
   15    2      0.1940
   15    3      0.0390
   15    4     -0.0590
   15    5     -0.0310
   15    6     -0.0140
   15    7     -0.0180
   15    8      0.0690
   15    9      0.0050
   15   10     -0.0010
   15   11      0.0630
   15   12      0.0040
   15   13      0.0000
   15   14      0.0000
   16    1     -0.6020
   16    2      0.0690
   16    3     -0.1800
   16    4     -0.0550
   16    5     -0.0740
   16    6     -0.0090
   16    7     -0.0150
   16    8     -0.0230
   16    9      0.0070
   16   10     -0.0060
   16   11      0.0300
   16   12     -0.0530
   16   13      0.0000
   16   14     -0.0020
   16   15      1.9560
   17    1      0.0920
   17    2      0.0430
   17    3      0.0470
   17    4      0.0020
   17    5      0.0040
   17    6     -0.0060
   17    7      0.0000
   17    8      0.0150
   17    9      0.0650
   17   10     -0.0020
   17   11      3.7370
   17   12     14.0440
   17   13     -0.0100
   17   14     -0.0240
   17   15      0.0530
   17   16      0.0880
   18    1      0.1349
   18    2      0.0336
   18    3      0.0510
   18    4     -0.1205
   18    5      0.0234
   18    6      0.0094
   18    7     -0.1831
   18    8     -0.0140
   18    9     -0.0020
   18   10     -0.0061
   18   11     -0.0219
   18   12      0.0018
   18   13     -0.0016
   18   14      0.0035
   18   15     -1.5849
   18   16     -0.8143
   18   17      0.1101
end
