          18
    1     0.5      3.0790   0
    1     0.5      1.4380   0
    1     0.5      1.7700   0
    1     0.5      2.0240   0
    1     0.5      1.6040   0
    1     0.5      2.6140   0
    1     0.5      4.2870   0
    1     0.5      2.8720   0
    1     0.5      2.5130   0
    1     0.5      1.0500   0
    1     0.5      4.0300   0
    1     0.5      3.9920   0
    1     0.5      5.0130   0
    1     0.5      5.0300   0
    1     0.5      4.9770   0
    1     0.5      5.0920   0
    1     0.5      0.9750   0
    3     0.5      1.8693   0
    2    1      0.7970
    3    1      7.3360
    3    2    -15.4290
    4    1     -0.6330
    4    2      5.7450
    4    3     13.8050
    5    1      1.0030
    5    2      1.2580
    5    3      6.3170
    5    4    -13.7100
    6    1      0.2030
    6    2      0.3430
    6    3     -0.5250
    6    4      2.4750
    6    5      4.5980
    7    1     -0.2910
    7    2      0.0780
    7    3      0.0000
    7    4     -0.2680
    7    5     -0.2280
    7    6      0.8840
    8    1     -0.3130
    8    2     -0.0060
    8    3      0.4560
    8    4     -0.4460
    8    5      0.1510
    8    6      0.3870
    8    7     -0.6820
    9    1     -0.4220
    9    2     -0.0620
    9    3     -0.1360
    9    4     -0.1000
    9    5      0.0800
    9    6     -1.3420
    9    7      0.9250
    9    8    -18.8300
   10    1      0.9000
   10    2     -0.0140
   10    3     -0.0030
   10    4      0.0760
   10    5      0.0550
   10    6     -0.0870
   10    7      0.1580
   10    8      0.0020
   10    9     -0.1590
   11    1     -0.5880
   11    2      0.7350
   11    3     -0.0460
   11    4     -0.0110
   11    5     -0.0250
   11    6     -0.0340
   11    7     -0.0800
   11    8     -0.3520
   11    9     -0.1270
   11   10      0.1290
   12    1     -0.2490
   12    2      0.0130
   12    3      0.0480
   12    4     -0.0020
   12    5     -0.0090
   12    6     -0.1070
   12    7     -0.1140
   12    8      0.1410
   12    9     -0.1900
   12   10      0.1520
   12   11     -8.5000
   13    1      0.0150
   13    2     -0.0050
   13    3     -0.0320
   13    4      0.1030
   13    5      0.1330
   13    6     -1.0930
   13    7      0.8630
   13    8     -2.6470
   13    9     -2.1080
   13   10      0.0070
   13   11     -0.0220
   13   12      0.0030
   14    1      0.0410
   14    2      0.0270
   14    3     -0.0100
   14    4     -0.0770
   14    5      0.0870
   14    6     -1.0140
   14    7      0.2570
   14    8     -3.1060
   14    9     -2.4840
   14   10     -0.0020
   14   11     -0.0160
   14   12      0.1860
   14   13      0.4180
   15    1      0.0690
   15    2      0.1810
   15    3      0.1720
   15    4     -0.0520
   15    5      0.0120
   15    6     -0.0060
   15    7     -0.0020
   15    8      0.0130
   15    9     -0.0030
   15   10     -0.0110
   15   11     -0.0070
   15   12      0.0280
   15   13      0.0000
   15   14      0.0000
   16    1     -0.8320
   16    2      0.0720
   16    3     -0.1030
   16    4     -0.0490
   16    5     -0.0260
   16    6     -0.0050
   16    7     -0.0030
   16    8     -0.0800
   16    9     -0.0150
   16   10     -0.0120
   16   11      0.0040
   16   12      0.1170
   16   13      0.0000
   16   14      0.0000
   16   15      2.1500
   17    1     -0.0150
   17    2     -0.0290
   17    3      0.0530
   17    4     -0.0020
   17    5     -0.0270
   17    6      0.4170
   17    7     -0.0880
   17    8      0.0100
   17    9      0.1140
   17   10      0.0160
   17   11      1.3790
   17   12      1.2000
   17   13     -0.0060
   17   14     -0.0160
   17   15      0.0080
   17   16      0.0420
   18    1     -0.1528
   18    2     -0.0487
   18    3      0.0089
   18    4     -0.0635
   18    5      0.0993
   18    6      0.0105
   18    7     -0.2001
   18    8     -0.0306
   18    9     -0.0067
   18   10     -0.0060
   18   11      0.0159
   18   12     -0.0031
   18   13     -0.0031
   18   14      0.0021
   18   15     -1.6763
   18   16     -0.9538
   18   17      0.0035
end
