          18
    1     0.5      2.1010   0
    1     0.5      1.3520   0
    1     0.5      1.8680   0
    1     0.5      2.0320   0
    1     0.5      1.5970   0
    1     0.5      2.6970   0
    1     0.5      4.5610   0
    1     0.5      3.2780   0
    1     0.5      2.0370   0
    1     0.5      4.6330   0
    1     0.5      4.2690   0
    1     0.5      3.9690   0
    1     0.5      5.0440   0
    1     0.5      5.0590   0
    1     0.5      5.0390   0
    1     0.5      5.0380   0
    1     0.5      1.8690   0
    3     0.5      1.7127   0
    2    1      0.7580
    3    1      7.7670
    3    2    -14.7220
    4    1     -0.5870
    4    2      5.8970
    4    3     13.8030
    5    1      0.8600
    5    2      1.1750
    5    3      6.5420
    5    4    -13.8010
    6    1      0.1930
    6    2      0.5200
    6    3     -0.5350
    6    4      2.3950
    6    5      4.5890
    7    1     -0.3400
    7    2      0.0820
    7    3     -0.0020
    7    4     -0.2520
    7    5     -0.1960
    7    6      0.8740
    8    1     -0.3190
    8    2     -0.0370
    8    3      0.4320
    8    4     -0.4220
    8    5      0.1350
    8    6      0.4600
    8    7     -0.6180
    9    1     -0.4510
    9    2     -0.0590
    9    3     -0.1150
    9    4     -0.0740
    9    5      0.0570
    9    6     -1.3430
    9    7      1.1290
    9    8    -18.7280
   10    1      0.1220
   10    2      0.0240
   10    3     -0.0050
   10    4      0.1630
   10    5      0.6620
   10    6      0.1180
   10    7     -0.0780
   10    8     -0.0450
   10    9      0.0060
   11    1     -0.2150
   11    2     -0.0310
   11    3      0.1390
   11    4      0.0030
   11    5     -0.0070
   11    6     -0.0100
   11    7     -0.2160
   11    8     -0.1650
   11    9     -0.5580
   11   10      0.0530
   12    1     -0.2690
   12    2      0.0340
   12    3      0.0650
   12    4      0.0150
   12    5     -0.0260
   12    6      0.6820
   12    7     -0.5030
   12    8     -0.2530
   12    9     -0.2120
   12   10      0.0570
   12   11     -9.0520
   13    1      0.0130
   13    2     -0.0050
   13    3     -0.0360
   13    4      0.1070
   13    5      0.1260
   13    6     -1.1220
   13    7      0.8540
   13    8     -2.6230
   13    9     -2.0650
   13   10     -0.0080
   13   11      0.0350
   13   12     -0.0100
   14    1      0.0310
   14    2      0.0170
   14    3     -0.0190
   14    4     -0.0670
   14    5      0.0820
   14    6     -1.0350
   14    7      0.2470
   14    8     -3.0780
   14    9     -2.4220
   14   10     -0.0200
   14   11      0.2760
   14   12     -0.0080
   14   13      0.3970
   15    1      1.3410
   15    2      0.1530
   15    3     -0.1890
   15    4      0.0650
   15    5      0.0670
   15    6      0.0210
   15    7      0.0420
   15    8     -0.0430
   15    9      0.0020
   15   10      0.0050
   15   11     -0.0180
   15   12     -0.0390
   15   13      0.0000
   15   14      0.0110
   16    1     -0.3280
   16    2      0.0370
   16    3     -0.2370
   16    4     -0.5070
   16    5     -0.0500
   16    6      0.0180
   16    7     -0.5300
   16    8     -0.0550
   16    9     -0.0260
   16   10      0.0050
   16   11     -0.0140
   16   12     -0.0360
   16   13      0.0080
   16   14      0.0040
   16   15      0.1490
   17    1      0.0120
   17    2      0.3220
   17    3     -0.0280
   17    4      0.0000
   17    5     -0.0050
   17    6      0.0040
   17    7      0.0100
   17    8     -0.0900
   17    9      0.0850
   17   10     -0.3080
   17   11      2.8310
   17   12     -0.0310
   17   13     -0.0290
   17   14     -0.0390
   17   15     -0.0170
   17   16     -0.0150
   18    1      0.0880
   18    2      0.0411
   18    3     -0.0735
   18    4     -0.0198
   18    5     -0.0001
   18    6     -0.0047
   18    7      0.0212
   18    8      0.0077
   18    9      0.0028
   18   10     -0.0024
   18   11      0.0133
   18   12     -0.0916
   18   13      0.0003
   18   14     -0.0003
   18   15     -1.5857
   18   16     -0.9746
   18   17     -0.0073
end
