$coord
-1.59375779511023  3.05489605958885   0.88901851159531  c
-3.48158600361368  2.43995359279594  -1.25206555373221  c
-2.76376460117827  0.33307291800575  -3.08748005499214  c
-3.64693986851125 -2.25276079253423  -2.17095327828925  c
-3.04771120275197 -2.72275161524011   0.61645786273935  c
-0.34976642789597 -1.92835502308953   1.30098974014459  c
 0.14730580839130  0.89965460001052   1.87194172089497  c
 0.34769868938052  5.04891588871944   0.00921559054636  c
 2.54608280672957  3.54981520221104  -1.08676074121157  c
 2.82094083815509  1.34831588173767   0.76792092782207  c
 1.36512263667849 -2.63903356747326  -0.62232773607737  o
 3.64339765909217 -1.25618121339420  -0.28683386952326  c
 0.20549234794582  1.09780517279735   3.92723813156797  h
 4.13181804982055  1.91392249850985   2.25914041779384  h
 0.15778212084055 -2.96835441290301   3.04026985282117  h
-3.44008938346975 -5.51765960764480   1.23163728777134  c
 5.01148030891638 -1.17529657789411  -2.82877816564458  c
 5.35494128292522 -2.58953312098420   1.64846093276680  c
-3.14520918879464  4.13260677841957   3.08834454856967  c
-5.31016526078700  1.96003466284343  -0.42315262124854  h
-3.77135815669989  4.18598694980721  -2.31637848736537  h
-3.63013038593974  0.70892762261062  -4.92471732522351  h
-0.73245132194801  0.27364118915223  -3.35985891616325  h
-2.72257913918075 -3.70984620863473  -3.29817784611363  h
-5.68728705151440 -2.43319043703670  -2.43945390328802  h
-4.32532929054528 -1.61049709174166   1.80206016863920  h
 1.00714386684418  6.12320967393409   1.64396130494461  h
-0.44892895595261  6.38022535650250  -1.34386753333464  h
 2.07310236661745  2.90275383241685  -2.97835696950082  h
 4.27090365331208  4.66939432495875  -1.20873992757576  h
-3.23817353477944 -5.86184374790548   3.24892466556377  h
-5.31955796761523 -6.11821068768400   0.65460384104866  h
-2.04985255114558 -6.65103821467256   0.23034220964593  h
 6.57521060949433  0.15247386862681  -2.75406173473491  h
 5.73672941859380 -3.04591227040794  -3.26793064578591  h
 3.72764847810146 -0.63236916282981  -4.33420876306461  h
 5.62101838632453 -4.55045383502286   1.09455504719610  h
 7.18560785164131 -1.66154040890530   1.72456879415600  h
 4.51572581720680 -2.54963646316466   3.52355989185403  h
-4.41130375974511  2.70615297375879   3.85752795573992  h
-1.92332302842629  4.79149604040903   4.60594579481988  h
-4.27706428463608  5.72313307495896   2.44090570087966  h
$end