    0.01816655
   -0.06349604
   -0.05614985
   -0.06059992
   -0.01559075
    0.11704011
   -0.03240297
   -0.06611159
   -0.05882882
   -0.03292223
   -0.33030021
    0.14023336
    0.02303289
    0.02236423
    0.00269367
   -0.10646695
   -0.11077116
   -0.11325338
   -0.10502831
    0.02363827
    0.05249395
    0.03189644
    0.02729996
    0.05113556
    0.02783150
    0.02573270
    0.03242372
    0.03140248
    0.03488663
    0.02977532
    0.03052584
    0.03466136
    0.04752369
    0.04999348
    0.03570728
    0.04898846
    0.03530206
    0.04547617
    0.03296143
    0.03228544
    0.03216908
    0.03428057
