$coord
-1.23315665724490  2.93984469045881   0.20952396336119  c
-2.37063345398354  1.99363977837266  -2.29258734775061  c
-4.72670601844911  0.33353060570491  -2.17276996782277  c
-4.11444593247567 -2.44210948892487  -1.73029527658741  c
-3.05776691110960 -2.98554129910411   0.89608650493399  c
-0.39675368773756 -1.92990247408229   1.31838770119499  c
-0.03814794154578  0.88262792743595   1.92109423554515  c
 0.97807136033824  4.74446368414318  -0.48264039257592  c
 3.33770870397789  3.84629799046520   0.92305031500044  c
 2.84461496309357  1.09727279877534   1.62625150941480  c
 1.23956737700305 -2.39155629207399  -0.74180414856300  o
 3.53227176116178 -1.03158238259890  -0.29738979027602  c
-0.60741284246355  1.23886285648991   3.87254107769569  h
 3.79080520013354  0.65318959609459   3.40801376540126  h
 0.35850057197249 -2.93429803039708   2.99498276162226  h
-3.01248936775193 -5.84265649872832   1.34001717666977  c
 4.52953633125132 -0.13715518778314  -2.85488699331407  c
 5.49205775475539 -2.82344941084725   0.87814051858289  c
-3.22344061102007  4.39391235339874   1.72882349873247  c
-2.83323651712388  3.68266809153140  -3.39315425399100  h
-0.92440027222762  0.94756857908739  -3.32108780227869  h
-6.03036332131472  1.00319720444472  -0.72408662235258  h
-5.70225686623860  0.48875206582033  -3.98769283833717  h
-2.74140799858568 -3.08001764292984  -3.12914061813712  h
-5.84025190613751 -3.55010537003555  -1.97670202421531  h
-4.28607655765888 -2.11144881198744   2.31787448829670  h
 0.51894157753375  6.68873967818558   0.01881812368184  h
 1.30752784029372  4.71108119139064  -2.51533242600286  h
 5.04855894024133  4.09242499588763  -0.19071599979187  h
 3.56729774759180  4.92250431930340   2.66829089788701  h
-2.40146671412969 -6.28058628505942   3.25387711163884  h
-4.88275519977241 -6.64737919844707   1.05864903552953  h
-1.70886563114662 -6.72351045483468   0.01933626844407  h
 3.27922341213999  1.24696586208717  -3.70338917017747  h
 6.40581122892293  0.67206307949225  -2.65382307303434  h
 4.63964037735382 -1.75937577852459  -4.11112131802794  h
 4.75904170591822 -3.65834952878811   2.60755058187963  h
 5.92202120426208 -4.34138801856427  -0.43790519683681  h
 7.22023028327778 -1.80157086223148   1.31371482819491  h
-4.65131439708755  3.12709351013973   2.48919823442933  h
-2.33798384332075  5.36896420747748   3.30859977205602  h
-4.15696352251231  5.79061692947866   0.54275318666190  h
$end