           1           2  0.988939105196430     
           2           3   1.00613922819591     
           3           4   1.00943755239565     
           4           5  0.998495227357878     
           5           6  0.979487394583197     
           1           7  0.971180661622948     
           6           7  0.974715930027443     
           1           8  0.977312012293044     
           8           9   1.00603057214605     
           7          10  0.982366799427063     
           9          10   1.00037074537908     
           6          11  0.974347551178668     
          10          12  0.956705196166228     
          11          12  0.957730484577665     
           7          13  0.970142405035298     
          10          14  0.971500427897408     
           6          15  0.952772926064225     
           5          16   1.00590377305641     
          12          17  0.997089356665387     
          12          18  0.989985233246927     
           1          19   1.00229662192638     
           2          20  0.975580559647883     
           2          21  0.967734729768212     
           3          22  0.972155712129147     
           3          23  0.976936299819495     
           4          24  0.973064365670626     
           4          25  0.975108827087851     
           5          26  0.966100317152136     
           8          27  0.979393348550732     
           8          28  0.975011518431010     
           9          29  0.975336558105887     
           9          30  0.980050870977818     
          16          31  0.986279413283444     
          16          32  0.986172332314525     
          16          33  0.986786485633971     
          17          34  0.976884196874209     
          17          35  0.983854022663267     
          17          36  0.982788953549369     
          18          37  0.983819870038760     
          18          38  0.984932996975860     
          18          39  0.986026501471070     
          19          40  0.981715645491578     
          19          41  0.985164940321138     
          19          42  0.985550696925245     
