   -0.00696986
   -0.03340383
   -0.06263327
   -0.05924237
   -0.02793645
    0.11087977
   -0.06805475
    0.01782678
   -0.48315227
    0.08052147
   -0.11288624
    0.01250890
   -0.11407799
    0.05193797
   -0.47779847
   -0.11753981
    0.04105032
    0.04115287
    0.03780434
    0.04229728
    0.04597322
    0.02235043
    0.05063380
    0.04783216
    0.30433009
    0.02567406
    0.04448334
    0.03409844
    0.03423900
    0.02863999
    0.03037168
    0.31045415
    0.06222535
    0.04703062
    0.03937927
