$coord
 0.17695858176023 -1.18092646546283   0.19974505906286  c
-1.75969343222662  0.75763783268819   1.23829578218295  c
-0.59437810389031  3.42498116161364   1.38466300007946  c
 1.09916310070035  4.15945487583104  -0.84025934022560  c
 2.83201604941103  1.96101321934503  -1.56653846156833  c
 1.18848793640171 -0.27414403166819  -2.37954018825888  c
 2.58692160754006 -1.13652878728191   1.83491277235958  c
 4.15408947017344  0.97816316871362   0.75267183330837  c
 2.73669470283200 -2.06523960284739  -3.61425815518103  o
-0.96420251384973 -3.84223873402579   0.05362159958490  c
 6.30317287166784  1.83450534570618   1.68342813662006  c
-4.29090886099402  0.68954533782361  -0.10116816204579  c
-4.81360799376618  1.84183234887605  -2.26041624975785  c
-2.15327443893003  0.17466271664076   3.18795833868973  h
-1.87263850978263 -4.74328956290842   2.38710617809984  o
-6.31591942700695 -0.71857348697718   1.30170258735795  c
-2.11921201534761  4.80145183894640   1.57472261257233  h
 0.54825537655461  3.53012243447676   3.10004452747119  h
-0.02068630371693  4.71158402351310  -2.47935118509513  h
 2.24537579272471  5.78615784157310  -0.29500782110844  h
 4.15017330398523  2.51376194907521  -3.05115283433262  h
-0.35002206513294  0.30051933113040  -3.63839847498775  h
 3.61812482207209 -2.91445599527484   1.61469857501640  h
 2.19592400989591 -0.85885016802702   3.84084009613082  h
 1.68756761439014 -3.34650867666398  -4.36285920490961  h
 0.46890015933573 -5.15231332250297  -0.69114717343351  h
-2.58840462491907 -3.85009767676963  -1.22382718707791  h
 7.12687939948319  1.06002254403546   3.37619790851905  h
 7.33259124988993  3.34028687055893   0.78311935178635  h
-6.67685950992958  1.73426515427231  -3.07666454293947  h
-3.47268555078799  2.95573353531166  -3.30118049072485  h
-0.48969204450794 -4.75736052429879   3.57161771404898  h
-5.63919220278164 -2.55755234864789   1.92022847717393  h
-6.84645235726020  0.34569211903208   2.98539102090165  h
-7.99135448812278 -0.96696192406346   0.13952007666113  h
$end