           1           2  0.958460513189339     
           2           3  0.986195161787092     
           3           4   1.00825500914968     
           4           5  0.978938916015310     
           1           6  0.959918132038969     
           5           6  0.978353272826383     
           1           7  0.981987270181750     
           5           8  0.995080650974534     
           7           8   1.00535114333162     
           6           9  0.976837768689979     
           1          10  0.979563110466808     
           8          11   1.93776371752149     
           2          12  0.996425664076440     
          12          13   1.92660438312917     
           2          14  0.961831739072718     
          10          15  0.991612149112054     
          12          16   1.02567680010328     
           3          17  0.976280490541816     
           3          18  0.976997588930846     
           4          19  0.970063855086127     
           4          20  0.975687943419905     
           5          21  0.962525518398935     
           6          22  0.958643493815914     
           7          23  0.958379581537487     
           7          24  0.965011454241695     
           9          25  0.891100912744076     
          10          26  0.965841031219344     
          10          27  0.969778429640870     
          11          28  0.975135803155679     
          11          29  0.974949911634821     
          13          30  0.974395446554683     
          13          31  0.967008016641195     
          15          32  0.886521959665566     
          16          33  0.968301264487459     
          16          34  0.966857063264163     
          16          35  0.984390833397316     
