$coord
-1.57277806416916  2.94745730589041   0.63700078651008  c
-4.34445113157692  2.31667485953869   0.07641624466179  c
-4.93170813855675  0.66547958547597  -2.21917157319219  c
-3.46611324357242 -1.82071626833688  -2.36102302916279  c
-2.87549843874307 -2.96408276012881   0.22492915643381  c
-0.34537986314376 -1.98142013725884   1.24465638092404  c
 0.01365287346908  0.85153171492301   1.92039634249051  c
-0.01314243047465  3.66023607393758  -1.69421642546714  c
 2.70386795831288  3.60072637385029  -0.74111478988948  c
 2.79283335865655  1.38564695609551   1.13472025229457  c
 1.55920810337870 -2.57541719204890  -0.52780870938559  o
 3.76210498403624 -1.18225279638912   0.08722930857426  c
-0.23629653144299  1.02331185750494   3.96302183808100  h
 3.95356523394330  1.90218716132075   2.76001784270110  h
 0.03468799171597 -3.04365315252475   3.00421072515043  h
-2.71615096194369 -5.84461196615801   0.03634678593896  c
 5.36659317132040 -1.06386487068710  -2.30953198580229  c
 5.28561458827495 -2.54791261247418   2.15450516350937  c
-1.63172417932878  5.19908792617243   2.47986109613166  c
-5.15158441091679  1.45631073874907   1.76960483807374  h
-5.34012579174019  4.10614074262360  -0.20648935044208  h
-6.95467657127632  0.24857713323190  -2.14790241356181  h
-4.60284110499788  1.74541742326842  -3.94640545358314  h
-1.67252769536203 -1.56739389447600  -3.34112761746003  h
-4.57146808313441 -3.16531553216216  -3.46896146278823  h
-4.36164024406437 -2.49140753346267   1.57981648669549  h
-0.54380751626785  5.49985896938966  -2.45318745256691  h
-0.25234515982071  2.24815393295894  -3.16894337830007  h
 4.05978748873169  3.40814606550524  -2.27039557633035  h
 3.14755211036231  5.35541672630209   0.24565646116054  h
-2.30041682342805 -6.67305965789617   1.87186050896987  h
-4.49754193606835 -6.61807648437069  -0.63691463238424  h
-1.22124821736326 -6.36900601677983  -1.26936323967830  h
 4.24682878020129 -0.39611673551588  -3.89454735700098  h
 6.99628661070360  0.15516721136959  -2.03803815990964  h
 6.02087119164867 -2.95912231578792  -2.75692621258739  h
 7.08755678055625 -1.60362594002408   2.43719487233224  h
 4.26337479488873 -2.56315605802957   3.93667082330025  h
 5.63118409752965 -4.49172269472932   1.58425683910036  h
-2.86005459661379  4.77514339723862   4.07463716808589  h
 0.23553890868087  5.62750815446034   3.21469282406579  h
-2.35862293109660  6.87736649466096   1.53990187647776  h
$end