$coord
         -0.949875838207          3.153518987586          0.501883487197     c 
         -1.892512285775          2.516334647693         -2.195266257295     c 
         -4.401933697043          1.104607542866         -2.411144042935     c 
         -4.209154001067         -1.714111762646         -1.872729081378     c 
         -3.469452429990         -2.375200743114          0.843293557804     c 
         -0.638678634646         -1.895898070320          1.340415217567     c 
          0.228363777002          0.837571351817          1.955778672716     c 
          1.347742796237          5.003319496966          0.237339031148     c 
          3.739698328680          3.369014380756          0.027659449490     c 
          3.111687396577          0.787968369066          1.273271451034     c 
          0.954180832331         -2.814374621825         -0.649833352260     o 
          3.465743465805         -1.694129157763         -0.360736107984     c 
         -0.018863260494          1.192947023667          3.987325438350     h 
          4.225236919095          0.574654334748          3.013160218741     h 
         -0.117468712663         -3.072307389571          2.980497385119     h 
         -4.075827838299         -5.148021331436          1.387313218059     c 
          4.584416680334         -1.234330355562         -2.989357462008     c 
          5.145645844641         -3.566044819823          1.078239806628     c 
         -3.033047392858          4.409372289559          2.081721300523     c 
         -2.047600549961          4.306472965050         -3.229169776505     h 
         -0.420617508399          1.447132515689         -3.173863392213     h 
         -5.813449554886          1.965466701855         -1.165285309890     h 
         -5.166771541360          1.365464313809         -4.325874904197     h 
         -2.828435014767         -2.580204396143         -3.150145771581     h 
         -6.018020516419         -2.628399955794         -2.315983035450     h 
         -4.572893657794         -1.185468570193          2.145950318413     h 
          1.444919950637          6.229209741002          1.901844806775     h 
          1.114843741769          6.255476091526         -1.394048482177     h 
          4.264393344297          3.130915984200         -1.954572803461     h 
          5.367379715064          4.275243270864          0.937188273537     h 
         -3.633659774803         -5.656719163048          3.335723338327     h 
         -6.067836389271         -5.569690593264          1.063736056221     h 
         -2.967644073184         -6.375470691033          0.158698549696     h 
          3.351295777709         -0.044667135906         -4.124917084883     h 
          6.443237107916         -0.357243356963         -2.868466797696     h 
          4.788678059593         -3.021254105649         -3.989284938483     h 
          5.284054914600         -5.342056265024          0.048583290208     h 
          7.044807010977         -2.812385447536          1.331969668905     h 
          4.357226949619         -3.976519371394          2.933735145940     h 
         -4.562260809738          3.097714636508          2.496568336656     h 
         -2.291674864114          5.074930515928          3.884486889694     h 
         -3.826570874574          6.030817759835          1.090299337304     h 
$end
