$coord
 0.13636504094467 -0.94820343012259   0.59519137190587  c
-1.65817746193004  1.40275899270143   0.74345599105049  c
-1.20394098981201  3.25521774136684  -1.44421133372765  c
 1.59779359589102  3.89146047633594  -1.76522227519454  c
 3.26070797817488  1.51891145460011  -1.46166773701513  c
 1.64650447153014 -0.84164506770066  -1.90872858247458  c
 2.27224630002036 -0.57225774200780   2.54237562629843  c
 4.07028628684313  1.22362892476070   1.25926901643457  c
 3.09095987321347 -3.04204916791830  -2.35485585050469  o
-1.17891027584149 -3.53050845147802   0.93818732192079  c
 6.02995045848617  2.34684525213702   2.31956354818435  c
-4.43826945859282  0.77221622749516   0.96742453827863  c
-5.61525007008103  1.03932341172375   3.16198578408445  c
-1.15476329134867  2.41414322053386   2.47775361497504  h
-1.98100102926339 -4.63833819901714  -1.33769633900852  o
-5.81196757000548 -0.11169885400991  -1.34272325238718  c
-1.93024735949368  2.46626641186532  -3.20089163581970  h
-2.26428730213633  4.98478849960336  -1.06649614707604  h
 1.88907010325392  4.72179933700545  -3.63041733952908  h
 2.17470862765036  5.28908494501551  -0.36169717637247  h
 4.88249273306522  1.60789298243345  -2.73526507021603  h
 0.44324263114624 -0.68595822511028  -3.57366452365861  h
 3.23285397482251 -2.36084704652763   2.94522268188137  h
 1.58692788477561  0.14945674134354   4.34511880299753  h
 4.40197100769075 -3.14122337656110  -1.09514477383909  h
-2.86409412431245 -3.33092608914182   2.11145064955713  h
 0.12405501139568 -4.82574916853798   1.91145153817060  h
 6.48451487896725  2.08126197253573   4.28547429211612  h
 7.25239885149418  3.58509237840758   1.26465161198587  h
-7.59531599237076  0.61946414564028   3.37551293382118  h
-4.65690690473967  1.68195813359590   4.84010380862231  h
-0.49408025823517 -4.90108105565672  -2.36828490216585  h
-4.79777974846174 -1.66209962837665  -2.23109035535595  h
-7.69725176967247 -0.75743581189469  -0.84540069220589  h
-5.99922601765204  1.41746733225775  -2.70769153302321  h
$end