$coord
         -0.020041265372          0.787295624147          5.020769485823     c 
          2.852720332699          1.233348357026          4.730308099595     c 
         -4.085618559075         -6.212806753079         -0.571491913127     c 
         -6.127079131662         -5.465186443015          0.871394450698     c 
         -6.170240196444         -3.090237275509          1.925362290699     c 
         -4.180387805206         -1.405048030416          1.531872195528     c 
         -2.150929058623         -2.127635956624         -0.028136284429     c 
         -2.117744661394         -4.553910247020         -1.000673984178     c 
         -4.120316906090          0.899550129944          2.813930433631     n 
         -1.707936608040          2.239277248225          3.099882733622     c 
         -0.497430167344          2.456896980411          0.416621647913     c 
         -0.021185444167         -0.290415737259         -0.661391474759     c 
          2.199954228577          3.530649583273          0.688147821582     c 
          3.675985674259          1.292196006299          1.898561358059     c 
          2.562019695071         -1.118483567876          0.562962563810     c 
          6.477758852494          1.634116728856          1.590857016795     c 
          7.925209248039          0.146296146959          0.201920881104     c 
          6.996042397407         -2.130373640590         -1.139685617255     c 
          4.145236277167         -2.218591692704         -1.617314842479     n 
          3.316373164455         -0.765534749365         -3.968744231943     c 
          0.521978623389         -0.182746715918         -3.563401727052     c 
          3.487811709641         -4.634029382713         -1.914872463153     o 
          2.266384468795         -2.641395515755          1.922702095134     h 
         -2.142618940573          4.130341617847         -1.256046497728     c 
         -1.950483316680          6.402565650301         -1.050256764814     o 
         -3.768519110962          2.949193004999         -2.860550390999     o 
         -5.183374167281          4.748702719380         -4.160568703577     c 
         -0.620602546104          1.269022318715          6.944779560066     h 
         -0.436737759284         -1.229297988171          4.836472348414     h 
          3.391214796350          3.016043377594          5.630150211291     h 
          3.929338800015         -0.239702127419          5.708258690102     h 
         -4.027697978549         -8.090961992969         -1.358090552116     h 
         -7.669907194418         -6.754591292535          1.197164372671     h 
         -7.729154943839         -2.510176161583          3.096992070104     h 
         -0.485414285369         -5.156988794083         -2.057411668446     h 
         -5.372378687429          1.227114377319          4.240979916445     h 
         -2.076809531075          4.166980928841          3.783996254865     h 
          2.217937395125          5.214356371240          1.883331157124     h 
          2.983473330097          4.054974749097         -1.148289663090     h 
          7.276942446287          3.251649593742          2.538344339285     h 
          9.915531288521          0.561050269235          0.029128517351     h 
          7.934923704967         -2.340701987655         -2.966232134579     h 
          7.452345867061         -3.825117306824         -0.053174242787     h 
          4.461218846221          0.940594665947         -4.150689095749     h 
          3.645445601165         -1.942119550647         -5.631011222214     h 
         -0.674937806844         -1.552208904260         -4.544626541587     h 
          0.017857539275          1.667072397246         -4.335423390076     h 
         -3.907795585729          5.961237066756         -5.238812419870     h 
         -6.496529086107          3.794091213399         -5.432851044470     h 
         -6.227791085347          5.890381675502         -2.794287203688     h 
$end
