           2           1   1.00796193950061     
           4           3   1.42212687026274     
           5           1  2.295595758143211E-003
           5           3  6.236820890363252E-003
           5           4   1.45734721778327     
           6           1  3.622650419504728E-003
           6           3  9.244497972982443E-002
           6           4  2.881447326422112E-003
           6           5   1.36272069777165     
           7           1  2.643056019832191E-003
           7           3  5.604439051870236E-003
           7           4  0.102132927495094     
           7           5  8.308717842383743E-003
           7           6   1.33492941270799     
           8           3   1.43475807580737     
           8           4  2.346035183211322E-003
           8           5  0.101329096349781     
           8           6  4.403183714983754E-003
           8           7   1.42214291780382     
           9           1  1.641853846462167E-002
           9           2  9.649792405946735E-003
           9           3  2.736200339076265E-002
           9           4  1.166516067364783E-002
           9           5  4.495186387250143E-002
           9           6   1.08388028549729     
           9           7  4.261939524422055E-002
           9           8  1.197850203877718E-002
          10           1  0.982537613913389     
          10           2  2.115160304149897E-003
          10           5  1.061253764764623E-002
          10           6  5.509843734335538E-003
          10           7  4.811808572669427E-003
          10           9  0.956939554480994     
          11           1  2.167468078189196E-003
          11           2  2.486419224319967E-003
          11           6  3.360025938231444E-003
          11           8  7.541038558210477E-003
          11           9  3.877004497920371E-003
          11          10  0.954508815940553     
          12           3  1.156565094541358E-002
          12           5  1.078361989632079E-002
          12           6  4.460893889642956E-003
          12           7  0.995727609189249     
          12           8  3.776386229506359E-003
          12           9  3.075756262539327E-003
          12          11  0.967360680290731     
          13           2  2.871638132234702E-003
          13           7  7.299489903431680E-003
          13           9  8.652042913310353E-003
          13          10  2.686403915243000E-003
          13          11  0.981483590507200     
          13          12  5.204585245585412E-003
          14           2  0.975511393213632     
          14           7  5.317470410728543E-003
          14          10  2.768662307947019E-003
          14          11  5.309343123348065E-003
          14          12  2.878775666334441E-003
          14          13  0.968131455984724     
          15           1  5.193452867402999E-003
          15           2  3.243772458478825E-003
          15           4  4.800884268006539E-003
          15           6  1.000253577443425E-002
          15           7  2.379202299247026E-003
          15           8  1.020175757011631E-002
          15          11  3.674243249455110E-003
          15          12  0.958006742009767     
          15          13  3.743119448700979E-003
          15          14  0.975975235081610     
          16           1  9.655959731385734E-003
          16           2  3.394554688266321E-003
          16          11  7.960428132585353E-003
          16          12  6.628036822181937E-003
          16          13  3.473944386932832E-003
          16          14   1.01195723054915     
          17           1  2.110547537409983E-003
          17           2  2.224136988750900E-002
          17          13  2.593691736515219E-002
          17          14  4.983515346974760E-003
          17          15  2.567311673306782E-003
          17          16   1.92261622596386     
          18          12  8.156174231594995E-003
          18          14  4.328648172295259E-003
          18          15  1.028719529156251E-002
          18          16  6.833658387430780E-003
          18          17   1.02202478702501     
          19           2  7.870175071956918E-003
          19          11  3.572831957364179E-003
          19          12  5.373878825740197E-003
          19          15  0.900118639052723     
          19          16  7.454885932910195E-003
          19          18  0.913184109433540     
          20           7  4.706275085755431E-003
          20          12  2.871300178903495E-003
          20          13  5.678279091127943E-003
          20          15  1.189529875601008E-002
          20          18  1.016009448761286E-002
          20          19  0.920505415716521     
          21           4  3.152970632382720E-003
          21           6  9.493893649138172E-003
          21           7  2.490940474328894E-003
          21           8  1.086208176740171E-002
          21          10  9.729914979888624E-003
          21          12  0.970708846294283     
          21          15  2.527319583261113E-003
          21          18  8.638004998373696E-003
          21          19  6.143285033210133E-003
          21          20   1.01371758972882     
          22           8  1.017660449206691E-002
          22          14  1.120495408996727E-002
          22          15  3.744654524686519E-002
          22          17  1.061477131378058E-002
          22          18  3.342942067852318E-002
          22          19   1.00727157344770     
          22          20  3.364772425407505E-002
          23          13  5.576477985025651E-003
          23          15  0.968589908647492     
          23          20  5.589665326581002E-003
          23          21  4.221001277312781E-003
          23          22  1.339093412218659E-002
          24           1  8.734524038213787E-003
          24          10  1.000080845118223E-002
          24          11  0.943767587702816     
          24          12  2.306481087080114E-003
          24          13  5.407471945159349E-003
          24          14  8.871481973537206E-003
          24          15  7.922611880909342E-003
          24          21  2.279060660522785E-003
          25           1  2.631302912835147E-003
          25          10  1.353628629028800E-002
          25          11  4.901304449278369E-002
          25          13  1.197499491852025E-002
          25          21  4.465480786232338E-003
          25          24   1.67213911315877     
          26          10  7.787987901572325E-003
          26          11  1.377968822460016E-002
          26          12  8.125292097486697E-003
          26          13  4.708439129000590E-003
          26          24   1.19612215940220     
          26          25  0.188919051349208     
          27          11  1.837834087620378E-002
          27          24  4.019022781037945E-003
          27          25  5.321976587124453E-003
          27          26  0.977969688844045     
          28           1  0.976151744690397     
          28          11  8.561942867298316E-003
          28          14  9.902264607937602E-003
          29           1  0.969932019092350     
          29          28  2.322460303236022E-003
          30           2  0.974124935162789     
          30          15  8.307383472136090E-003
          30          29  9.224297943342454E-003
          31           2  0.975344725551352     
          31          10  9.691716133225590E-003
          31          13  9.244774613164043E-003
          32           3  0.972275830250481     
          32           5  1.060059534410930E-002
          32           7  1.057307015316320E-002
          33           4  0.972321370264024     
          33           6  1.067328695332308E-002
          33           8  1.058686955500019E-002
          34           3  1.081790692622327E-002
          34           5  0.968505880719602     
          34           7  9.044629263696209E-003
          35           4  1.078713354334575E-002
          35           6  9.590733144772500E-003
          35           8  0.957682807332654     
          35          22  3.942823637220497E-002
          36           7  8.796314541522136E-003
          36           9  0.954124828534775     
          36          11  8.586478669960387E-003
          37           6  8.959226894510373E-003
          37          10  0.969904408232506     
          37          12  8.325034052043568E-003
          37          26  1.021210150674142E-002
          37          29  7.538453108758268E-003
          38          12  8.652357902832388E-003
          38          13  0.970680709719667     
          38          15  7.785424635934395E-003
          38          26  4.380950918879768E-003
          39           2  8.662303769916307E-003
          39          10  9.205149118559342E-003
          39          13  0.966739868556880     
          40          15  9.842569140172796E-003
          40          16  0.968293110830393     
          40          18  1.660511562431149E-002
          41          14  1.613418938557207E-002
          41          17  0.969173415146653     
          41          19  8.619600272870538E-003
          42          15  7.681204624817741E-003
          42          16  1.431182610809580E-002
          42          18  0.969989071594351     
          42          22  4.048056112035830E-003
          43          16  2.362778071324800E-002
          43          18  0.957454297231196     
          43          20  6.593479625602274E-003
          43          22  1.575111024781241E-002
          44          20  0.972360815060572     
          44          22  9.163774974465324E-003
          45          12  8.180728047331786E-003
          45          15  7.000212041460472E-003
          45          20  0.977358856768907     
          45          22  1.271735136686566E-002
          46          11  5.124911587303921E-003
          46          21  0.971561420034943     
          46          22  4.028878144661878E-003
          46          44  8.637286380432986E-003
          47          15  4.360520746058222E-003
          47          19  7.386054964968124E-003
          47          21  0.971468409103590     
          47          25  1.633751198396207E-002
          47          46  2.149187444201066E-003
          48          24  2.310324547235670E-003
          48          25  9.722623677299846E-003
          48          26  7.457105417494834E-003
          48          27  0.978913270715385     
          49          24  9.818217000619679E-003
          49          26  1.217972773316875E-002
          49          27  0.984556907172270     
          50          24  3.324529520323506E-003
          50          25  6.216452291598809E-003
          50          26  9.875780495486977E-003
          50          27  0.978851672282075     
