$coord
-0.08365166688179 -1.10558454788765   0.58078567449498  c
-1.98421781304156  1.04728175006157   1.38646065348633  c
-0.72614007220057  3.71620768416055   1.18516578241680  c
 1.05001739871857  4.08486968032515  -1.10245521722405  c
 2.76291984789453  1.74305163269483  -1.52881491495079  c
 1.06311725699206 -0.55178561423663  -2.08093494610889  c
 2.31700575734824 -0.90684115292154   2.29266469028147  c
 4.06717089084066  0.94335094076165   0.92134807831765  c
 2.48318673978680 -2.67098824192697  -3.08648957273502  o
-1.41972152296961 -3.69824308477226   0.77671314372199  c
 6.35470563989800  1.69967363533690   1.68759812385329  c
-4.62789569563037  0.96435938333266   0.20362032352566  c
-6.62785066726110  0.41501993303851   1.67141001366640  c
-2.30621484689166  0.71441695932843   3.41834631274685  h
 0.22150516884945 -5.83115308661964   0.52997113335582  o
-5.02813309044675  1.61485292102233  -2.56159589309479  c
-2.20161631687560  5.18464582629917   1.18579477323817  h
 0.38092995685983  4.02520004326633   2.92057386651032  h
-0.03392471341672  4.43422112887836  -2.84716367275210  h
 2.23771922792568  5.76602298078414  -0.78894486308633  h
 4.10522672094299  2.12525628975645  -3.07414164984071  h
-0.37020724278890 -0.15378479883403  -3.52345443017526  h
 3.21681735219212 -2.77469705764582   2.47590986580618  h
 1.85913916879366 -0.27688312859195   4.22328657389601  h
 4.20417559725184 -2.61138976147397  -2.40042166219953  h
-2.95947620263089 -3.77801068690085  -0.63827440950238  h
-2.31752740295763 -3.86573597232985   2.64977948355774  h
 7.17256662605092  1.06106908765684   3.47329383707432  h
 7.49858494766847  2.99665796242508   0.55872695719240  h
-8.55147614590551  0.39496075950555   0.92148204012238  h
-6.41940296601594 -0.05273525501215   3.67131129368444  h
 1.17649133956944 -5.53883171905986  -1.03724208053852  h
-4.12720362228758  3.42095721485160  -3.06808968347813  h
-4.23569834208987  0.16525272155683  -3.82773952076977  h
-7.05455633302201  1.77267135626661  -2.99395740026157  h
$end
