*************************************************
******************* ORCA 6.1.1 ******************
*************************************************
$Calculation_Status
   &GeometryIndex 1
   &version [&Type "String"] "6.1.1"
   &progName [&Type "String"] "LeanSCF"
   &Status [&Type "String"] "NORMAL TERMINATION"
$End
$Geometry
   &GeometryIndex 1
   &NAtoms [&Type "Integer"] 35
   &NCorelessECP [&Type "Integer"] 0
   &NGhostAtoms [&Type "Integer"] 0
   &CartesianCoordinates [&Type "Coordinates", &Dim(35,4), &Units "Bohr"] 
              C     -0.083651667165   -1.105584552818    0.580785677046
              C     -1.984217821990    1.047281754784    1.386460659666
              C     -0.726140075523    3.716207700852    1.185165787685
              C      1.050017403404    4.084869698648   -1.102455222087
              C      2.762919860243    1.743051640420   -1.528814921752
              C      1.063117261810   -0.551785616652   -2.080934955490
              C      2.317005767763   -0.906841156938    2.292664700541
              C      4.067170908993    0.943350944958    0.921348082368
              O      2.483186750846   -2.670988253898   -3.086489586630
              C     -1.419721529416   -3.698243101374    0.776713147228
              C      6.354705668453    1.699673642955    1.687598131388
              C     -4.627895716385    0.964359387736    0.203620324364
              C     -6.627850696872    0.415019934826    1.671410021118
              H     -2.306214857251    0.714416962542    3.418346328088
              O      0.221505169840   -5.831153112797    0.529971135758
              C     -5.028133113004    1.614852928276   -2.561595904621
              H     -2.201616326680    5.184645849571    1.185794778494
              H      0.380929958506    4.025200061323    2.920573879523
              H     -0.033924713533    4.434221148787   -2.847163685564
              H      2.237719237955    5.766023006551   -0.788944866581
              H      4.105226739411    2.125256299327   -3.074141663671
              H     -0.370207244430   -0.153784799541   -3.523454445988
              H      3.216817366660   -2.774697070036    2.475909876975
              H      1.859139177140   -0.276883129889    4.223286592746
              H      4.204175616042   -2.611389773077   -2.400421672885
              H     -2.959476215975   -3.778010703867   -0.638274412432
              H     -2.317527413246   -3.865735989597    2.649779495426
              H      7.172566658140    1.061069092344    3.473293852554
              H      7.498584981291    2.996657975868    0.558726959632
              H     -8.551476184202    0.394960761200    0.921482044298
              H     -6.419402994723   -0.052735255340    3.671311310140
              H      1.176491344932   -5.538831743937   -1.037242085243
              H     -4.127203640754    3.420957230217   -3.068089697241
              H     -4.235698361047    0.165252722204   -3.827739537965
              H     -7.054556364573    1.772671364123   -2.993957413604
$End
$SCF_Energy
   &GeometryIndex 1
   &Method [&Type "String"] "SCF"
   &totalEnergy [&Type "ArrayOfDoubles", &Dim (1,1)] "Total energy of each state"
                                                         0

0                                     -6.5777296496664144e+02
   &Mult [&Type "ArrayOfIntegers", &Dim (1,1)] "Multiplicity of each state"
                                                         0

0                                                        1
$End
$DFT_Energy
   &GeometryIndex 1
   &nAlphaEl [&Type "Integer"] 56
   &nBetaEl [&Type "Integer"] 56
   &nTotalEl [&Type "Integer"] 113
   &finalEn [&Type "Double"]      -6.5777296496664144e+02  "No Van der Waals correction"
   &eExchange [&Type "Double"]      -9.1090937858845876e+01
   &eCorr [&Type "Double"]      -4.0414598851216521e+00
   &eXC [&Type "Double"]      -9.5132397743967530e+01
   &eCNL [&Type "Double"]       0.0000000000000000e+00
$End
$Solvation_Details
   &GeometryIndex 1
   &Solvent [&Type "String"] "CHLOROFORM"
   &Epsilon [&Type "Double"]       4.8029999999999999e+00
   &Refrac [&Type "Double"]       1.4459000000000000e+00
   &RSolv [&Type "Double"]       1.3000000000000000e+00
   &SurfaceType [&Type "String"] "GAUSSIAN VDW"
   &CPCMDielEnergy [&Type "Double"]      -1.1414100999999999e-02
   &NPoints [&Type "Integer"] 2584
   &SurfaceArea [&Type "Double"]       9.1449659852699995e+02
$End
$SCF_Timings
   &GeometryIndex 1
   &TOTAL [&Type "Double"]       1.4734331000000001e+01
   &PREP [&Type "Double"]       5.1967099999999999e-01
   &FOCK [&Type "Double"]       1.0784085999999999e+01
   &DENS [&Type "Double"]       3.0495799999999740e-01
   &ETOT [&Type "Double"]       1.0637600000000469e-01
   &TRAFO [&Type "Double"]       4.1715399999999958e-01
   &DIIS [&Type "Double"]       1.6264240000000010e+00
   &SOSCF [&Type "Double"]       7.4533899999999953e-01
   &XC [&Type "Double"]       3.6899740000000021e+00
   &FOCKSTART [&Type "Double"]       2.8580000000002159e-02
   &SOLV [&Type "Double"]       4.3944230000000015e+00
   &SOLV_INIT [&Type "Double"]       2.6914400000000005e-01
   &SOLV_FINAL [&Type "Double"]       1.0000000010279564e-06
   &INT_PREP [&Type "Double"]       3.0000000011964900e-06
   &INT_BF [&Type "Double"]       1.0954199999999985e+00
   &INT_DENS [&Type "Double"]       8.8935100000001110e-01
   &INT_DENSIO [&Type "Double"]       1.9829331835000012e+04
   &INT_FUNC [&Type "Double"]       3.3896699999999402e-01
   &INT_POT [&Type "Double"]       8.3534899999998713e-01
   &INT_POTIO [&Type "Double"]       1.3189000000014106e-02
   &INT_SUM [&Type "Double"]       7.1000000000154273e-04
   &SPLITRIJ [&Type "Double"]       3.1947239999999990e+00
$End
$Single_Point_Data
   &GeometryIndex 1
   &FinalEnergy [&Type "Double"]      -6.5777296496664144e+02  "Final single point energy"
   &Converged [&Type "Boolean"] true
$End
$Calculation_Info
   &GeometryIndex 1
   &Mult [&Type "Integer"] 1
   &Charge [&Type "Integer"] 0
   &NumOfAtoms [&Type "Integer"] 35
   &NumOfElectrons [&Type "Integer"] 114
   &NumOfBasisFuncts [&Type "Integer"] 605
   &NumOfAuxCBasisFuncts [&Type "Integer"] 0
   &NumOfAuxJBasisFuncts [&Type "Integer"] 955
   &NumOfAuxJKBasisFuncts [&Type "Integer"] 0
   &NumOfCABSBasisFuncts [&Type "Integer"] 0
$End
$SCF_Dipole_Moment
   &GeometryIndex 1
   &dipoleMagnitude [&Type "Double", &Units "a.u."]       1.4050016074014904e+00
   &dipoleElecContrib [&Type "ArrayOfDoubles", &Dim (3,1)] "Electronic contribution"
                                                         0

0                                      4.5645936422279751e+00
1                                     -5.1791306991642614e+00
2                                     -7.4658515314715868e-01
   &dipoleNucContrib [&Type "ArrayOfDoubles", &Dim (3,1)] "Nuclear contribution"
                                                         0

0                                     -4.3037714188672460e+00
1                                      6.5452308902440777e+00
2                                      5.4715708959133114e-01
   &dipoleTotal [&Type "ArrayOfDoubles", &Dim (3,1)] "Total"
                                                         0

0                                      2.6082222336072913e-01
1                                      1.3661001910798163e+00
2                                     -1.9942806355582754e-01
   &doAtomicDipole [&Type "Boolean"] false
   &Method [&Type "String"] "SCF"
   &Level [&Type "String"] "Relaxed density"
   &Mult [&Type "Integer"] 1
   &State [&Type "Integer"] -1
   &Irrep [&Type "Integer"] 0
$End
$SCF_Spin_Spin_Coupling
   &GeometryIndex 1
   &numOfNucPairs [&Type "Integer"] 187 "Number of nuclei pairs to calculate"
   &numOfNucPairsDSO [&Type "Integer"] 0 "number of nuclear pairs to calculate DSO"
   &numOfNucPairsPSO [&Type "Integer"] 0 "number of nuclear pairs to calculate PSO"
   &numOfNucPairsFC [&Type "Integer"] 187 "number of nuclear pairs to calculate FC"
   &numOfNucPairsSD [&Type "Integer"] 0 "number of nuclear pairs to calculate SD"
   &numOfNucPairsSD_FC [&Type "Integer"] 0 "number of nuclear pairs to calculate SD/FC"
   &pairsInfo [&Type "ArrayOfIntegers", &Dim (187,4)] "Pairs Info: Col1->Index of A. Col2->Atom. Num. of A.  Col3->Index of B. Col4->Atom. Num. of B."
                                                         0                           1                           2                           3

0                                                       13                           1                          16                           1
1                                                       13                           1                          17                           1
2                                                       13                           1                          18                           1
3                                                       13                           1                          19                           1
4                                                       13                           1                          20                           1
5                                                       13                           1                          21                           1
6                                                       13                           1                          22                           1
7                                                       13                           1                          23                           1
8                                                       13                           1                          24                           1
9                                                       13                           1                          25                           1
10                                                      13                           1                          26                           1
11                                                      13                           1                          27                           1
12                                                      13                           1                          28                           1
13                                                      13                           1                          29                           1
14                                                      13                           1                          30                           1
15                                                      13                           1                          31                           1
16                                                      13                           1                          32                           1
17                                                      13                           1                          33                           1
18                                                      13                           1                          34                           1
19                                                      16                           1                          17                           1
20                                                      16                           1                          18                           1
21                                                      16                           1                          19                           1
22                                                      16                           1                          20                           1
23                                                      16                           1                          21                           1
24                                                      16                           1                          22                           1
25                                                      16                           1                          23                           1
26                                                      16                           1                          24                           1
27                                                      16                           1                          25                           1
28                                                      16                           1                          26                           1
29                                                      16                           1                          27                           1
30                                                      16                           1                          28                           1
31                                                      16                           1                          29                           1
32                                                      16                           1                          30                           1
33                                                      16                           1                          31                           1
34                                                      16                           1                          32                           1
35                                                      16                           1                          33                           1
36                                                      16                           1                          34                           1
37                                                      17                           1                          18                           1
38                                                      17                           1                          19                           1
39                                                      17                           1                          20                           1
40                                                      17                           1                          21                           1
41                                                      17                           1                          22                           1
42                                                      17                           1                          23                           1
43                                                      17                           1                          24                           1
44                                                      17                           1                          25                           1
45                                                      17                           1                          26                           1
46                                                      17                           1                          27                           1
47                                                      17                           1                          28                           1
48                                                      17                           1                          29                           1
49                                                      17                           1                          30                           1
50                                                      17                           1                          31                           1
51                                                      17                           1                          32                           1
52                                                      17                           1                          33                           1
53                                                      17                           1                          34                           1
54                                                      18                           1                          19                           1
55                                                      18                           1                          20                           1
56                                                      18                           1                          21                           1
57                                                      18                           1                          22                           1
58                                                      18                           1                          23                           1
59                                                      18                           1                          24                           1
60                                                      18                           1                          25                           1
61                                                      18                           1                          26                           1
62                                                      18                           1                          27                           1
63                                                      18                           1                          28                           1
64                                                      18                           1                          29                           1
65                                                      18                           1                          30                           1
66                                                      18                           1                          31                           1
67                                                      18                           1                          32                           1
68                                                      18                           1                          33                           1
69                                                      18                           1                          34                           1
70                                                      19                           1                          20                           1
71                                                      19                           1                          21                           1
72                                                      19                           1                          22                           1
73                                                      19                           1                          23                           1
74                                                      19                           1                          24                           1
75                                                      19                           1                          25                           1
76                                                      19                           1                          26                           1
77                                                      19                           1                          27                           1
78                                                      19                           1                          28                           1
79                                                      19                           1                          29                           1
80                                                      19                           1                          30                           1
81                                                      19                           1                          31                           1
82                                                      19                           1                          32                           1
83                                                      19                           1                          33                           1
84                                                      19                           1                          34                           1
85                                                      20                           1                          21                           1
86                                                      20                           1                          22                           1
87                                                      20                           1                          23                           1
88                                                      20                           1                          24                           1
89                                                      20                           1                          25                           1
90                                                      20                           1                          26                           1
91                                                      20                           1                          27                           1
92                                                      20                           1                          28                           1
93                                                      20                           1                          29                           1
94                                                      20                           1                          30                           1
95                                                      20                           1                          31                           1
96                                                      20                           1                          32                           1
97                                                      20                           1                          33                           1
98                                                      20                           1                          34                           1
99                                                      21                           1                          22                           1
100                                                     21                           1                          23                           1
101                                                     21                           1                          24                           1
102                                                     21                           1                          25                           1
103                                                     21                           1                          26                           1
104                                                     21                           1                          27                           1
105                                                     21                           1                          28                           1
106                                                     21                           1                          29                           1
107                                                     21                           1                          30                           1
108                                                     21                           1                          31                           1
109                                                     21                           1                          32                           1
110                                                     21                           1                          33                           1
111                                                     21                           1                          34                           1
112                                                     22                           1                          23                           1
113                                                     22                           1                          24                           1
114                                                     22                           1                          25                           1
115                                                     22                           1                          26                           1
116                                                     22                           1                          27                           1
117                                                     22                           1                          28                           1
118                                                     22                           1                          29                           1
119                                                     22                           1                          30                           1
120                                                     22                           1                          31                           1
121                                                     22                           1                          32                           1
122                                                     22                           1                          33                           1
123                                                     22                           1                          34                           1
124                                                     23                           1                          24                           1
125                                                     23                           1                          25                           1
126                                                     23                           1                          26                           1
127                                                     23                           1                          27                           1
128                                                     23                           1                          28                           1
129                                                     23                           1                          29                           1
130                                                     23                           1                          30                           1
131                                                     23                           1                          31                           1
132                                                     23                           1                          32                           1
133                                                     23                           1                          33                           1
134                                                     23                           1                          34                           1
135                                                     24                           1                          25                           1
136                                                     24                           1                          26                           1
137                                                     24                           1                          27                           1
138                                                     24                           1                          28                           1
139                                                     24                           1                          29                           1
140                                                     24                           1                          30                           1
141                                                     24                           1                          31                           1
142                                                     24                           1                          32                           1
143                                                     24                           1                          33                           1
144                                                     24                           1                          34                           1
145                                                     25                           1                          26                           1
146                                                     25                           1                          27                           1
147                                                     25                           1                          28                           1
148                                                     25                           1                          29                           1
149                                                     25                           1                          30                           1
150                                                     25                           1                          31                           1
151                                                     25                           1                          32                           1
152                                                     25                           1                          33                           1
153                                                     25                           1                          34                           1
154                                                     26                           1                          27                           1
155                                                     26                           1                          28                           1
156                                                     26                           1                          29                           1
157                                                     26                           1                          30                           1
158                                                     26                           1                          31                           1
159                                                     26                           1                          32                           1
160                                                     26                           1                          33                           1
161                                                     26                           1                          34                           1
162                                                     27                           1                          28                           1
163                                                     27                           1                          30                           1
164                                                     27                           1                          31                           1
165                                                     27                           1                          32                           1
166                                                     27                           1                          33                           1
167                                                     28                           1                          30                           1
168                                                     28                           1                          31                           1
169                                                     28                           1                          32                           1
170                                                     28                           1                          33                           1
171                                                     28                           1                          34                           1
172                                                     29                           1                          30                           1
173                                                     29                           1                          31                           1
174                                                     29                           1                          32                           1
175                                                     29                           1                          33                           1
176                                                     29                           1                          34                           1
177                                                     30                           1                          31                           1
178                                                     30                           1                          32                           1
179                                                     30                           1                          33                           1
180                                                     30                           1                          34                           1
181                                                     31                           1                          32                           1
182                                                     31                           1                          33                           1
183                                                     31                           1                          34                           1
184                                                     32                           1                          33                           1
185                                                     32                           1                          34                           1
186                                                     33                           1                          34                           1
   &pairsDistances [&Type "ArrayOfDoubles", &Dim (187,1)] "The distances of each pair"
                                                         0

0                                      2.6447307847145871e+00
1                                      2.2717553144931961e+00
2                                      4.0390076197102474e+00
3                                      4.2290285081321253e+00
4                                      4.8859264721018016e+00
5                                      3.8412031956190424e+00
6                                      3.4928096262906267e+00
7                                      2.3054629451550932e+00
8                                      4.9444590900510637e+00
9                                      3.2216779800686304e+00
10                                     2.4576065213160505e+00
11                                     5.0193925751822839e+00
12                                     5.5379386408388971e+00
13                                     3.5632009911426721e+00
14                                     2.2181825016104333e+00
15                                     4.4615830791190110e+00
16                                     3.8421039641976975e+00
17                                     3.9787035137745668e+00
18                                     4.2592779138229186e+00
19                                     1.7569415206889227e+00
20                                     2.4552213288319842e+00
21                                     2.5894721153873075e+00
22                                     4.3406465683857283e+00
23                                     3.8897199143791661e+00
24                                     5.1407859581865445e+00
25                                     3.9438576754850039e+00
26                                     5.6667267012190878e+00
27                                     4.8566474013618146e+00
28                                     4.8518970349093200e+00
29                                     5.5528782125348455e+00
30                                     5.2725388569675351e+00
31                                     4.2112554171428371e+00
32                                     3.7937864315587149e+00
33                                     6.0647142554957956e+00
34                                     2.6413321078239802e+00
35                                     3.9054326070625813e+00
36                                     3.8401980301282919e+00
37                                     3.0676854743523694e+00
38                                     2.3806305973156392e+00
39                                     3.8675862963558636e+00
40                                     4.0837130986816446e+00
41                                     3.9058363071719797e+00
42                                     2.5039691829424791e+00
43                                     4.9351137276279085e+00
44                                     4.8705526832478183e+00
45                                     4.4154399615733109e+00
46                                     3.9322496009897083e+00
47                                     4.0056034690340807e+00
48                                     5.2107938913240615e+00
49                                     4.2147790805190635e+00
50                                     5.4934591618825168e+00
51                                     3.9794854162899971e+00
52                                     4.7846570458294906e+00
53                                     5.1670577053069060e+00
54                                     1.7686181474461431e+00
55                                     2.5109674569360507e+00
56                                     2.4605461999241540e+00
57                                     5.0444478497208127e+00
58                                     4.6062577015459860e+00
59                                     4.3573399293727011e+00
60                                     4.7590302794324186e+00
61                                     5.4048791794710329e+00
62                                     5.3773324680424865e+00
63                                     4.4402155983567502e+00
64                                     5.3723085103527746e+00
65                                     5.3809185284006142e+00
66                                     5.4018265111079495e+00
67                                     2.2345095502195722e+00
68                                     3.2119148229831072e+00
69                                     3.9739293265617706e+00
70                                     2.4800798047756216e+00
71                                     3.7164273058869637e+00
72                                     4.8661810544487762e+00
73                                     4.1594305329845795e+00
74                                     4.6327901527504682e+00
75                                     5.7513096456134374e+00
76                                     5.9245607946072596e+00
77                                     4.2550582661024858e+00
78                                     3.2259117621219193e+00
79                                     6.4416454375986021e+00
80                                     6.0032489264563322e+00
81                                     6.0100087872375498e+00
82                                     3.7867086100809537e+00
83                                     4.8067247783359051e+00
84                                     5.4778231465843508e+00
85                                     2.6683033146071167e+00
86                                     3.9458983536849512e+00
87                                     4.2356542493751084e+00
88                                     2.5322943330399736e+00
89                                     5.0394798436783459e+00
90                                     5.5477115579487801e+00
91                                     3.8673398679244286e+00
92                                     2.6707440791642547e+00
93                                     7.0828953043586216e+00
94                                     6.7147690700347580e+00
95                                     4.4734944973182778e+00
96                                     4.4100432094359272e+00
97                                     4.5515563545112299e+00
98                                     5.9086019189849255e+00
99                                     3.9503813688246572e+00
100                                    4.2662690354428978e+00
101                                    2.8114206171539911e+00
102                                    2.8083106405855958e+00
103                                    3.9486497934127498e+00
104                                    5.4821276163909936e+00
105                                    4.9784126043179509e+00
106                                    4.9356021930462273e+00
107                                    4.9744806477751728e+00
108                                    3.2436559626211108e+00
109                                    2.7548316719209409e+00
110                                    2.0587915185633472e+00
111                                    3.6918264631610374e+00
112                                    1.7658739327486530e+00
113                                    2.6342266543935131e+00
114                                    3.6986187666035231e+00
115                                    2.9864339132534052e+00
116                                    2.9631953030406035e+00
117                                    3.9358002063144997e+00
118                                    6.5016846780890498e+00
119                                    5.3364262486532779e+00
120                                    2.6002804990294615e+00
121                                    5.8702118834928960e+00
122                                    5.3944754276640632e+00
123                                    6.6115207729665517e+00
124                                    3.9181499919346621e+00
125                                    4.0685339443410653e+00
126                                    3.0306812271103469e+00
127                                    2.9265517147672715e+00
128                                    3.9581753963074320e+00
129                                    5.7904223047903107e+00
130                                    4.3921446719517876e+00
131                                    3.9538877804749402e+00
132                                    5.3620691688024467e+00
133                                    5.3486584820052672e+00
134                                    6.1653857870860342e+00
135                                    3.9523577545234438e+00
136                                    4.4150801359163063e+00
137                                    3.9881440767228717e+00
138                                    3.7812995418122379e+00
139                                    7.1542692058182196e+00
140                                    6.6152035555941087e+00
141                                    2.3424713451246304e+00
142                                    5.4545534999299266e+00
143                                    4.7619613658112065e+00
144                                    6.4013235628820846e+00
145                                    1.7734221673500850e+00
146                                    6.3275960507211151e+00
147                                    6.6242332763532010e+00
148                                    3.7834133079332335e+00
149                                    3.5269293556806920e+00
150                                    2.3881019658446339e+00
151                                    4.0678801980994139e+00
152                                    2.7674883917407480e+00
153                                    3.8571535865093898e+00
154                                    5.6751256764999649e+00
155                                    6.4338246401428654e+00
156                                    4.0990801002288775e+00
157                                    3.0124959814990819e+00
158                                    2.8300615093732806e+00
159                                    4.9940663909689080e+00
160                                    4.1629299292751876e+00
161                                    4.9097507138152308e+00
162                                    1.8594757347458106e+00
163                                    7.2174302727216251e+00
164                                    5.2879750558438143e+00
165                                    7.0211980925087349e+00
166                                    7.1831023057952761e+00
167                                    7.7175986666019112e+00
168                                    5.6839290709766770e+00
169                                    6.4484273963921739e+00
170                                    6.7964021317101970e+00
171                                    7.9537575811823151e+00
172                                    1.8564792089057174e+00
173                                    6.1183469271617135e+00
174                                    3.5358987834076325e+00
175                                    3.3980351081071385e+00
176                                    2.3349563755448930e+00
177                                    5.5491829425460955e+00
178                                    4.1915459364001162e+00
179                                    4.1347622168222768e+00
180                                    3.6724035202584364e+00
181                                    5.6135536534799817e+00
182                                    4.4152300194996164e+00
183                                    5.9172556383046935e+00
184                                    1.7700523443562641e+00
185                                    1.7782036037823734e+00
186                                    1.7729369658653249e+00
   &pairsTotalSSCIso [&Type "ArrayOfDoubles", &Dim (187,1)] "The Spin-Spin coupling constant for each pair"
                                                         0

0                                      6.1150712695241616e-01
1                                      8.3410433862101030e+00
2                                     -5.6927499938355963e-01
3                                      8.2656322947326921e-01
4                                      1.8137692118329465e-01
5                                     -4.0526232024350600e-01
6                                     -2.7888842761965249e-01
7                                     -4.8277161700911286e-01
8                                      4.7608141300431520e-02
9                                     -1.6450580693939376e-01
10                                    -2.6303871107504306e-01
11                                     1.3376338557194884e-02
12                                     3.6079774810275425e-02
13                                     6.6357455074098337e-01
14                                    -5.9690411627521955e-01
15                                     4.4897615479113841e-02
16                                    -2.8090750907768169e-01
17                                    -5.5284935068578522e-01
18                                     1.3757209128004100e+00
19                                    -1.5383519059429014e+01
20                                     6.0409751051023726e+00
21                                     1.1351097646273554e+00
22                                     3.0319868542572143e-01
23                                     1.0164540334687829e-01
24                                    -5.2095316380496706e-02
25                                    -5.3404847730441532e-02
26                                    -6.1444595517358355e-02
27                                     1.8400242333009201e-02
28                                     9.2516059392991304e-02
29                                    -6.4968503698688259e-03
30                                     2.1136513639623326e-02
31                                     1.7004061425344622e-01
32                                     5.9450094241627977e-02
33                                    -5.1689691852308747e-02
34                                    -4.5674361323069498e-02
35                                     1.4233033613408236e-01
36                                     9.0216338319062978e-02
37                                     1.3850028234471839e+01
38                                     6.6344059512873788e+00
39                                    -5.1706548343655068e-01
40                                    -1.9976540468144505e-03
41                                     4.0849103994178748e-01
42                                    -1.0218104805611536e-01
43                                    -9.3185336703642367e-03
44                                     1.6525939917385182e-01
45                                     7.9382909893886938e-02
46                                    -3.0543315434897321e-02
47                                    -8.4255471124958896e-03
48                                     6.3590267623651860e-03
49                                    -1.7454918105097442e-01
50                                     1.5871783472357535e-02
51                                    -1.0402523161086355e-01
52                                     2.0392332730156285e-01
53                                     7.7189211145618081e-03
54                                    -1.3676946247007407e+01
55                                     2.3846195298683974e+00
56                                    -2.5404860641125404e-01
57                                    -4.4871355523510259e-01
58                                    -6.2059827231540785e-02
59                                    -1.5462380367845936e-02
60                                    -7.5279387108809974e-04
61                                     2.5350165024338768e-02
62                                     1.5376916771604487e-01
63                                    -5.4911424819799895e-02
64                                    -5.4860697098014333e-02
65                                    -5.2136101055738251e-02
66                                    -8.2875350311505530e-03
67                                    -5.0706872488002119e-01
68                                     3.3977869942887748e-02
69                                     1.6979910772675622e-01
70                                     4.8374551171080959e+00
71                                     2.7397964932516835e-03
72                                     1.8099560341538723e-01
73                                     1.0464517782315305e-01
74                                    -1.0813353863082799e-01
75                                    -6.4015585894731742e-03
76                                    -1.5578769144824658e-02
77                                     1.5612476802484315e-01
78                                     1.1222817010302352e-01
79                                    -4.7370439947413530e-02
80                                    -7.1493727834937640e-02
81                                    -2.0272425674390084e-03
82                                    -8.8596384817981350e-02
83                                    -4.8645294521588792e-02
84                                     1.4474041915787950e-01
85                                     8.7112611944683449e-01
86                                     4.8356939465757370e-01
87                                    -1.4000078231908095e+00
88                                    -3.9802534073499818e-01
89                                    -5.8130789728297952e-02
90                                     7.5490290291487150e-01
91                                    -1.1178194523263145e+00
92                                    -1.0287756340629468e+00
93                                    -1.2009030296066831e-02
94                                    -8.0708883303348064e-03
95                                     5.8565079438115376e-02
96                                     7.8194437878354242e-03
97                                     7.6543209002734904e-03
98                                     1.3907530599478935e-02
99                                    -5.8559020378779802e-01
100                                    1.4608437463907298e+00
101                                    1.2077671463362595e+01
102                                   -2.3689314392278221e-01
103                                   -4.6606020582317687e-01
104                                    7.4885279692342810e-01
105                                    2.4021143368090742e-01
106                                   -1.9791465509985201e-02
107                                   -1.5436225256775887e-02
108                                    2.4401958552068233e-02
109                                    4.5686681879744451e-02
110                                   -7.4214827500329283e-01
111                                   -4.8033904657106608e-02
112                                   -1.9638452735455090e+01
113                                   -2.3575125726491720e-02
114                                   -2.8010065646968917e-02
115                                   -2.7714786189743312e-01
116                                   -2.7361583012676283e+00
117                                   -3.1993969986670359e+00
118                                    1.0005391750659681e-01
119                                   -4.1032502956177122e-02
120                                    8.4505043925295301e-02
121                                   -1.1344371083402773e-02
122                                   -7.8899097261266829e-02
123                                   -9.3845593285609378e-03
124                                    1.9989796362778318e-02
125                                   -5.3915530330169026e-01
126                                   -2.1198819658654081e-01
127                                   -2.2443554854141121e+00
128                                   -2.6221967681644491e+00
129                                    2.5136345049509068e-02
130                                    1.4183763856328636e-03
131                                    1.4376138331285810e-02
132                                   -1.7327869536909991e-02
133                                   -1.9364437648175269e-02
134                                    4.9535732656149686e-03
135                                    1.6420344786639883e-03
136                                   -4.0277503001066046e-03
137                                    8.4010145855240706e-02
138                                    1.2332603012571077e-02
139                                    6.4784626200281516e-04
140                                    4.6827881341741213e-04
141                                    9.4320912961558812e-02
142                                    2.0043279562576156e-02
143                                    4.2631744505487040e-02
144                                    1.1107669292782930e-01
145                                   -1.2529345599027389e+01
146                                    2.6207831932539494e-02
147                                    2.8639315932772524e-01
148                                   -4.8522547135587096e-02
149                                   -3.6731571012635036e-02
150                                    4.6714778526104733e-01
151                                   -3.6476528878183530e-03
152                                   -4.8894918777931035e-02
153                                   -2.1673558251979509e-02
154                                   -1.2698651515057124e-02
155                                   -1.5689628219369398e-02
156                                    3.7357572698751118e-02
157                                    4.0310270643794596e-02
158                                    1.3645973010849348e+01
159                                    8.4929533178291550e-02
160                                    6.6576448625546361e-02
161                                   -8.2372894465132587e-03
162                                    3.4502053088885143e-01
163                                   -4.0479826394223124e-04
164                                    4.9285475332105939e-03
165                                   -4.5470343735518461e-04
166                                   -4.5258979789830015e-03
167                                   -1.7576049301751284e-03
168                                    9.4838130376157462e-03
169                                    9.3327270938638554e-04
170                                   -2.8293351918930267e-03
171                                    1.2151933139062746e-02
172                                    1.7189210756837681e+00
173                                    1.2323216038101045e-02
174                                   -1.7443901132518500e+00
175                                   -2.5781605916844015e+00
176                                   -4.9966201948774125e-01
177                                    2.4144004946249964e-02
178                                   -9.0609215477361782e-01
179                                   -2.2819514748491221e+00
180                                    5.9122377162049022e-01
181                                    2.1637179069622887e-02
182                                    1.3060372021865774e-02
183                                    3.0248635136422383e-04
184                                   -1.7460070800092602e+01
185                                   -1.3063950826173489e+01
186                                   -1.4508904324964874e+01
   &Method [&Type "String"] "SCF"
   &Level [&Type "String"] "Relaxed density"
   &Mult [&Type "Integer"] 1
   &State [&Type "Integer"] -1
   &Irrep [&Type "Integer"] 0
$End
$Calculation_Timings
   &GeometryIndex 1
   &GTOINT [&Type "Double"]       1.7214280000000002e+00
   &SCF [&Type "Double"]       1.6756620999999999e+01
   &PROPINT [&Type "Double"]       1.1688060000000000e+00
   &RESPONSE [&Type "Double"]       8.9944750000000013e+00
   &PROP [&Type "Double"]       5.8919899999999714e-01
   &SUM [&Type "Double"]       2.9230528999999997e+01
$End
