   -0.00811049
   -0.03320956
   -0.06080966
   -0.05867680
   -0.02823889
    0.11244250
   -0.06755742
    0.01756795
   -0.48170932
    0.08301914
   -0.11304958
    0.01174879
   -0.11610848
    0.04792253
   -0.48002436
   -0.11078552
    0.04091847
    0.04286562
    0.03738070
    0.04244123
    0.04666633
    0.02157611
    0.05586737
    0.04957575
    0.30358812
    0.04617919
    0.01478924
    0.03368932
    0.03361591
    0.03310965
    0.02650573
    0.31214216
    0.05406008
    0.04491132
    0.04569686
