           1           2  0.961619797210590     
           2           3  0.979564141378129     
           3           4   1.00842267607300     
           4           5  0.980178917867728     
           1           6  0.959257343223429     
           5           6  0.978558525515401     
           1           7  0.982484588651085     
           5           8  0.993758372010899     
           7           8   1.00799525255560     
           6           9  0.980120916450444     
           1          10  0.975301353585856     
           8          11   1.93648281741255     
           2          12  0.998845455962687     
          12          13   1.91993227781930     
           2          14  0.958925761056238     
          10          15  0.999105858376073     
          12          16   1.02657333147135     
           3          17  0.975775206258182     
           3          18  0.976827864961467     
           4          19  0.970580369635302     
           4          20  0.975423340867620     
           5          21  0.962090464247600     
           6          22  0.955771825463353     
           7          23  0.956128740127738     
           7          24  0.965993138694501     
           9          25  0.889095023203918     
          10          26  0.967407562323072     
          10          27  0.967034579035803     
          11          28  0.975185180911706     
          11          29  0.975023934183141     
          13          30  0.975106652593060     
          13          31  0.971553506085464     
          15          32  0.875856049232898     
          16          33  0.968525594492638     
          16          34  0.962429653037832     
          16          35  0.981956428133808     
