$coord
-1.23317354156989  2.93983885460658   0.20952304778889  c
-2.37065380822364  1.99362590494831  -2.29258281505352  c
-4.72671585352873  0.33350285129731  -2.17275948211045  c
-4.11443568656959 -2.44213381196777  -1.73029169121003  c
-3.05774652153162 -2.98556293401160   0.89608663986044  c
-0.39674180551763 -1.92990354158858   1.31838778717753  c
-0.03815213352525  0.88262975177755   1.92109289554036  c
 0.97804396667935  4.74446671734258  -0.48264871492978  c
 3.33768783157489  3.84631732727675   0.92304029850712  c
 2.84460966090001  1.09729155298433   1.62624924420009  c
 1.23958036584660 -2.39154802187657  -0.74180514596044  o
 3.53227700118335 -1.03156173639612  -0.29739001024014  c
-0.60741682619520  1.23886412884251   3.87253999828412  h
 3.79080223212969  0.65321602769391   3.40801239157036  h
 0.35851981410876 -2.93429281475297   2.99498367322614  h
-3.01244445482008 -5.84267865652303   1.34001051273957  c
 4.52953923500449 -0.13713134548656  -2.85488580240866  c
 5.49207002852657 -2.82341567715721   0.87814718591460  c
-3.22346099285017  4.39389809617101   1.72882644897290  c
-2.83327121854267  3.68265123120594  -3.39314776467148  h
-0.92441579651671  0.94756452033362  -3.32108637175602  h
-6.03037081445675  1.00316030527445  -0.72406921117195  h
-5.70227465120706  0.48871973374015  -3.98767873871260  h
-2.74139630590528 -3.08002958354231  -3.12914104578214  h
-5.84023468751998 -3.55014134777536  -1.97669595649369  h
-4.28605887076721 -2.11148222990425   2.31787908524447  h
 0.51890395743296  6.68874159417890   0.01880304121072  h
 1.30749828119767  4.71108046592478  -2.51534056996657  h
 5.04853614957734  4.09245145167544  -0.19072822424120  h
 3.56727041345928  4.92252835661971   2.66827874883775  h
-2.40141543093107 -6.28060725043694   3.25386833064846  h
-4.88270397156482 -6.64741615468707   1.05864398126803  h
-1.70881625260297 -6.72351852566599   0.01932473053224  h
 6.40580695474038  0.67209847633025  -2.65382003983494  h
 4.63965495318937 -1.75935097208974  -4.11111750323781  h
 3.27921994713817  1.24698044567060  -3.70339047616720  h
 4.75905540492084 -3.65831544247518   2.60755774753213  h
 5.92204250922339 -4.34135424556793  -0.43789508037697  h
 7.22023568694964 -1.80152584555366   1.31372034506136  h
-4.65132669637003  3.12707126844118   2.48920516575578  h
-2.33800492283773  5.36895458574794   3.30860078173668  h
-4.15699457846042  5.79059871119601   0.54275889703631  h
$end