   -0.06990243
   -0.06395458
   -0.04856617
   -0.03718424
   -0.06577919
    0.06442070
   -0.02114445
   -0.04359139
   -0.22862592
    0.05028502
   -0.01138191
    0.01721204
   -0.06544421
    0.01378129
    0.00426759
   -0.04724708
   -0.05217006
   -0.02802316
    0.30228595
   -0.02620717
   -0.06131668
   -0.72774097
    0.06643743
    0.36432850
   -0.44031701
   -0.26988621
    0.02709145
    0.04801591
    0.04148421
    0.05420637
    0.04631382
    0.02621354
    0.02931246
    0.02642066
    0.06252478
    0.16675320
    0.05076595
    0.06381724
    0.04641150
    0.05622047
    0.05931438
    0.07057431
    0.08271479
    0.05505906
    0.06866180
    0.06756848
    0.05083861
    0.06976818
    0.08717502
    0.06823815
