$coord
-0.13122568564901  0.98606786928586   4.70784297937877  c
 2.66869139585958  1.63652002436676   4.41080257414102  c
-3.89904073493196 -6.52551073548294  -0.18313139312500  c
-5.98951622687421 -5.67677932822647   1.14263172810189  c
-6.07016255676051 -3.21384667349284   1.99336405618157  c
-4.10640125970034 -1.53897235572350   1.46801057346448  c
-2.06545317931614 -2.35153229524845  -0.00717027363139  c
-1.96120201791380 -4.86704426828790  -0.74917199400567  c
-4.21719549992427  0.91225225702519   2.41220055373100  n
-1.83109448604782  2.20535949180882   2.68075081786666  c
-0.60671474437363  2.18158106060225   0.03492271629876  c
 0.02982279920940 -0.55135313731782  -0.75465724458236  c
 1.95706493121419  3.47325775437857   0.18750127669779  c
 3.49412341767125  1.46809674346402   1.62615799027036  c
 2.59852481092107 -1.09993321304038   0.56653461043876  c
 6.26349038104544  1.94704191020524   1.36497321357711  c
 7.81289173293264  0.35492065439138   0.22585814163969  c
 6.96441717914088 -2.12651868052903  -0.79363301429452  c
 4.22900402223778 -2.31662369161337  -1.40551618116416  n
 3.56518267162588 -0.93490089638142  -3.75019883147909  c
 0.69632909405426 -0.73107611627904  -3.60305049812322  c
 3.65737754135246 -4.74671050860203  -1.63776074219580  o
 2.45035457754929 -2.52986222725841   2.04341574523006  h
-2.49095377960638  3.51124108188157  -1.67687567228470  c
-3.79413134979477  2.56405292261563  -3.27169313585512  o
-2.55689918163119  5.98866712454906  -1.13422073116125  o
-4.33726615889984  7.43982066010613  -2.52632755727965  c
-0.78200045930939  1.58498047268147   6.57359039232943  h
-0.38688163694878 -1.05785625951510   4.59991616592494  h
 3.02817228707019  3.55092104612911   5.09369739862233  h
 3.79520338065431  0.34067531568819   5.55649320230013  h
-3.77592905705468 -8.47273351439921  -0.77627908065030  h
-7.53336031941483 -6.94442616065653   1.56464846521203  h
-7.65799961164076 -2.55296471344545   3.09815150245083  h
-0.27529344322208 -5.53677650401906  -1.69131015499859  h
-5.42961519537502  1.11799620178455   3.87311087925539  h
-2.21327267422780  4.17726021326813   3.19102880594954  h
 1.87328619035748  5.26126368324697   1.20312421219710  h
 2.72189808831021  3.83818662982182  -1.68917776309424  h
 6.93130309930775  3.72476523602444   2.11568964861977  h
 9.80675079002264  0.75576741748503   0.04490115847944  h
 7.98829187569859 -2.63940106837103  -2.51100943352724  h
 7.31228875049393 -3.63124068356434   0.58618180704959  h
 4.51370698612629  0.89707001799825  -3.77166907390623  h
 4.18754996118284 -2.07018872886263  -5.35137056415294  h
-0.15429014431031 -2.43006238358575  -4.38751619171272  h
-0.00073526446747  0.87805061883089  -4.66929258947409  h
-6.23666036585634  6.68088079062175  -2.26093067894057  h
-4.21027903654262  9.35710064050329  -1.80063548219239  h
-3.88247836731053  7.39457010203753  -4.53824703251936  h
$end