           1           2   1.00564973949886     
           3           4   1.42238045516349     
           4           5   1.46037223886066     
           5           6   1.35465912736183     
           4           7  0.101484432640464     
           6           7   1.33487548913227     
           3           8   1.43823563796658     
           5           8  0.104132702311674     
           7           8   1.42248437924658     
           6           9   1.11969736272611     
           1          10  0.977856531486278     
           9          10  0.998657459492164     
          10          11  0.944301400257257     
           7          12  0.991073313613154     
          11          12  0.963033509260940     
          11          13  0.975146056173916     
           2          14  0.970065047067522     
          13          14  0.964765385643631     
          12          15  0.957269320834679     
          14          15  0.967257245262760     
          14          16   1.00829927720788     
          16          17   1.91937489483634     
          17          18   1.02515651781500     
          15          19  0.916064493562457     
          18          19  0.933951397724188     
          19          20  0.937014196870647     
          12          21  0.969300164867859     
          20          21   1.00842473185611     
          19          22   1.03189237328006     
          15          23  0.962533324047103     
          11          24  0.945293080887510     
          24          25   1.73966385565619     
          24          26   1.13593903866133     
          25          26  0.170567701964708     
          26          27  0.947137448667181     
           1          28  0.974219017819113     
           1          29  0.971893861731657     
           2          30  0.974471688800894     
           2          31  0.975172120839455     
           3          32  0.971343023884857     
           4          33  0.971002255517545     
           5          34  0.967334470156447     
           8          35  0.952380639542345     
           9          36  0.940865175837882     
          10          37  0.962752708084316     
          13          38  0.971349213713014     
          13          39  0.970142585562591     
          16          40  0.962456405858503     
          17          41  0.961892135421087     
          18          42  0.963752640139163     
          18          43  0.948919960040285     
          20          44  0.967826201025102     
          20          45  0.973017055160782     
          21          46  0.970742765309368     
          21          47  0.972277947055633     
          27          48  0.976530400398691     
          27          49  0.978838924645823     
          27          50  0.976315069202905     
