    0.00177271
   -0.03475940
   -0.06235472
   -0.05812740
   -0.03606218
    0.10533169
   -0.06891780
    0.00908049
   -0.48700414
    0.08629100
   -0.11307575
    0.01286704
   -0.11354226
    0.05625682
   -0.47570978
   -0.11541067
    0.04060943
    0.04100703
    0.03850176
    0.04133907
    0.04127206
    0.04471444
    0.04850861
    0.05683132
    0.30996312
    0.02829769
    0.02535652
    0.03402235
    0.03436093
    0.02891206
    0.03062019
    0.30537168
    0.05610079
    0.04765781
    0.03991748
