           1           2  0.958333917721316     
           2           3  0.985874054834570     
           3           4   1.00851752153042     
           4           5  0.978501222709632     
           1           6  0.959562634512375     
           5           6  0.973972527439423     
           1           7  0.982280312883582     
           5           8  0.994298391565241     
           7           8   1.00676723918809     
           6           9  0.983026819198492     
           1          10  0.987371148437656     
           8          11   1.93481308043283     
           2          12  0.997021998883605     
          12          13   1.92717493266586     
           2          14  0.961590411624160     
          10          15  0.984690055760131     
          12          16   1.02455868302410     
           3          17  0.976317747433566     
           3          18  0.976982111434985     
           4          19  0.970174601377559     
           4          20  0.975703779274792     
           5          21  0.963132946582555     
           6          22  0.957783035663556     
           7          23  0.957706872313060     
           7          24  0.962359300359360     
           9          25  0.883997685377377     
          10          26  0.968300208583670     
          10          27  0.967270191927692     
          11          28  0.975074193502347     
          11          29  0.974878925666123     
          13          30  0.974501172497515     
          13          31  0.967462451715585     
          15          32  0.893437863551191     
          16          33  0.971496996666251     
          16          34  0.966653615889038     
          16          35  0.984201667040887     
