   -0.07157900
   -0.06467496
   -0.04889461
   -0.03640321
   -0.06187695
    0.06842646
   -0.02454927
   -0.04360348
   -0.20513618
    0.05257176
   -0.01545611
    0.01939217
   -0.06852273
    0.01360879
    0.00674615
   -0.04667215
   -0.05273564
   -0.02559231
    0.29341341
   -0.02340551
   -0.05627660
   -0.73643254
    0.07104967
    0.35752439
   -0.46775421
   -0.27005139
    0.02778837
    0.05738169
    0.05382548
    0.05459724
    0.04847821
    0.02628689
    0.03055197
    0.03159567
    0.05827643
    0.16408023
    0.03904151
    0.05903954
    0.05224693
    0.05678353
    0.05963590
    0.07175621
    0.08453201
    0.05902870
    0.07050625
    0.06536568
    0.03831625
    0.06980747
    0.08880587
    0.06915601
