           1           2   1.00680301523148     
           3           4   1.41331409904940     
           4           5   1.47080261172584     
           5           6   1.34732053640511     
           6           7   1.33711348811923     
           3           8   1.44693653460643     
           5           8  0.105630135100818     
           7           8   1.41298567617103     
           6           9   1.12357828560179     
           1          10  0.978626104685269     
           9          10   1.01288181128466     
          10          11  0.929070410535006     
           7          12  0.992081807529897     
          11          12  0.945561598408869     
          11          13  0.987732831934836     
           2          14  0.970048891772321     
          13          14  0.965357168439166     
          12          15  0.957728814642870     
          14          15  0.966153285454784     
          14          16   1.00875327163184     
          16          17   1.92000166913296     
          17          18   1.02394401119134     
          15          19  0.921294366443041     
          18          19  0.938594608694556     
          19          20  0.942195975308245     
          12          21  0.968181632252856     
          20          21   1.00819116260858     
          19          22   1.01468621385571     
          15          23  0.961783427005773     
          11          24  0.958922056418801     
          24          25   1.70411684080171     
          24          26   1.14377424168352     
          25          26  0.168436281994667     
          26          27  0.942609316533734     
           1          28  0.973371979232192     
           1          29  0.970952634445563     
           2          30  0.974163741375395     
           2          31  0.974827633343993     
           3          32  0.971335879566781     
           4          33  0.970786611640942     
           5          34  0.968215615926125     
           8          35  0.954535322239992     
           9          36  0.939990345925651     
          10          37  0.967359653496596     
          13          38  0.971940335361794     
          13          39  0.967872755192678     
          16          40  0.962316711696608     
          17          41  0.961957420327552     
          18          42  0.963311401382676     
          18          43  0.948557207954152     
          20          44  0.966995756149448     
          20          45  0.972600716371858     
          21          46  0.971206804868934     
          21          47  0.971615485257877     
          27          48  0.976464639840816     
          27          49  0.978959632455812     
          27          50  0.976908326425064     
