   -0.00949602
   -0.03352348
   -0.06168662
   -0.05832294
   -0.03737312
    0.11309764
   -0.07316822
    0.01035851
   -0.48053821
    0.08504849
   -0.11265650
    0.00784554
   -0.11132411
    0.04700438
   -0.48886738
   -0.11600670
    0.04089095
    0.04209400
    0.03893958
    0.04143785
    0.04114277
    0.04567032
    0.04576314
    0.05300962
    0.30684220
    0.01847375
    0.04590384
    0.03454399
    0.03597518
    0.03359682
    0.03668624
    0.31169252
    0.04450061
    0.05059070
    0.05185468
