$coord
 0.25932155070944 -1.14052313500632   0.71958820400564  c
-1.79231218537208  0.94116806845170   1.34700691132578  c
-0.69586071727763  3.66475960612756   1.03939666148311  c
 1.06211685072198  4.01203698643597  -1.26169378405997  c
 2.92890375578889  1.76764828805699  -1.53009274249550  c
 1.41645144174100 -0.69089696616305  -1.95671116368612  c
 2.60154348885258 -0.64332721069237   2.46027251010150  c
 4.25095923974662  1.21940094295051   0.97663191453615  c
 2.99102525937873 -2.73111829657075  -2.79626412880179  o
-0.77389746453499 -3.84186869083426   1.09983660206911  c
 6.48143253268677  2.15063883789401   1.71774260281759  c
-4.37253015265908  0.60568418693082   0.05863618388270  c
-4.87062339824384  1.13548073940542  -2.37897244040787  c
-2.16461545983926  0.70117045679703   3.38484699077602  h
-2.43099437301063 -4.73391718348182  -0.84335482787530  o
-6.47332410544274 -0.27955692505364   1.80473548014284  c
-2.25960975343689  5.03493475693310   0.96095254758653  h
 0.38483941342061  4.12563263021281   2.75867869880809  h
-0.03497177330514  4.18619494030506  -3.02494325707312  h
 2.13010457496329  5.78763235083668  -1.05048917901610  h
 4.26770780017438  2.14029463126895  -3.07988884070658  h
-0.02752239634186 -0.49875445629332  -3.43363684391760  h
 3.64583117744253 -2.41306652319365   2.81767691630245  h
 2.05979552081031  0.09609909877376   4.32870580370989  h
 4.54023341820409 -2.74505857133963  -1.78306686418490  h
-1.69406030517454 -3.94880030399862   2.98119789201050  h
 0.81793731869287 -5.17978655372901   1.12984502089715  h
 7.30789414965569  1.67253778125076   3.54964949991887  h
 7.56596189049955  3.43673415264242   0.51997706189699  h
-6.77588174159087  0.90589320328650  -3.14125734473160  h
-3.45520841156878  1.84112187916223  -3.69756474699859  h
-3.57353341374367 -3.35950213111365  -1.32202766881095  h
-8.27435262941765 -0.52322260332468   0.79802952309243  h
-5.99096879485583 -2.08433871293290   2.72832538622692  h
-6.76267011548275  1.10506484127027   3.33727618393149  h
$end
