           1           2  0.959240268657561     
           2           3  0.983154770888191     
           3           4   1.00903272934696     
           4           5  0.978933752775668     
           1           6  0.960393172704377     
           5           6  0.971587857546048     
           1           7  0.980875967623203     
           5           8  0.994936022104274     
           7           8   1.00538622972314     
           6           9  0.986867633560133     
           1          10  0.979809319253895     
           8          11   1.93606863057423     
           2          12  0.996578922477215     
          12          13   1.91097473179341     
           2          14  0.963237573438908     
          10          15  0.997814220932789     
          12          16   1.02203377024586     
           3          17  0.976206690699463     
           3          18  0.976434955931131     
           4          19  0.970286422692347     
           4          20  0.975372996069745     
           5          21  0.963255873806349     
           6          22  0.957617334115028     
           7          23  0.957787273093157     
           7          24  0.963252666375922     
           9          25  0.885626009700261     
          10          26  0.964988722879234     
          10          27  0.969130940874482     
          11          28  0.974988628177027     
          11          29  0.974764753059879     
          13          30  0.974043852980581     
          13          31  0.966970595885422     
          15          32  0.862031063941476     
          16          33  0.984104145736596     
          16          34  0.970490051982681     
          16          35  0.967599370718862     
