$coord
 0.20702312021581 -1.28381692654497  -0.49194884218539  c
 1.15199116006558  1.21723739932876  -1.71134903665522  c
-0.95767237587265  3.22974257307126  -1.63597720582845  c
-2.44642389240628  3.35111024292742   0.83845518675726  c
-3.17855824322133  0.69238650231385   1.71126801426964  c
-0.77206285033083 -0.85842393311847   2.22492468318751  c
-2.24350808833368 -2.12394909368254  -1.81521226562990  c
-4.33119446640210 -0.74453311132043  -0.45798144518195  c
 0.94985011913797  0.10980484387533   3.97451699183544  o
 2.22649347618022 -3.37281046181149  -0.59612163456661  c
-6.74920422570358 -0.76964887846235  -1.07102167208300  c
 3.67512523685150  2.20297033393409  -0.77405339051050  c
 3.95148198890218  4.13430101048762   0.80349330323893  c
 1.46387846713807  0.77108737937405  -3.71506799567371  h
 1.32623108450083 -5.74877361432160   0.18506985056292  o
 6.01656974620827  1.02401813905385  -1.88957079639538  c
-0.13863515193165  5.07551040019166  -2.05867494769982  h
-2.29960681273342  2.80306938694874  -3.14315091062612  h
-1.37786907258691  4.27638102184110   2.34051526960478  h
-4.15686938882893  4.46375346022419   0.52869397766728  h
-4.41542430604989  0.80054538490733   3.35860676983752  h
-1.35967031212289 -2.68090348090349   3.02650540557527  h
-2.23000636668744 -1.73516333694235  -3.83860832239569  h
-2.46853830335225 -4.16413089428026  -1.57880979066010  h
 1.72985407844944  1.59948274572963   3.26375507689245  h
 3.85085016722457 -2.81529235511437   0.56173335303619  h
 2.84696723162460 -3.64959902081718  -2.54622037954740  h
-7.43711045552611 -1.81914707604504  -2.67326530182377  h
-8.13791022358578  0.25422871126606   0.00721333330883  h
 5.80960905479577  4.79388070867243   1.31327959478849  h
 2.41256047871673  5.17754126114208   1.62353894721246  h
 0.98894609584076 -5.68055007545399   1.97302986040928  h
 5.57690703793437 -0.21278763924363  -3.46607373147784  h
 7.28744838277788  2.49810752248055  -2.55654644762029  h
 7.03543435059544 -0.06772259684922  -0.47404401255751  h
$end