   -0.00817426
   -0.03700902
   -0.06188526
   -0.05838440
   -0.03512583
    0.10869709
   -0.07090985
    0.00799487
   -0.48418515
    0.08391546
   -0.11310043
    0.00887670
   -0.11159991
    0.04674775
   -0.49379459
   -0.11704429
    0.04206482
    0.04270851
    0.03946693
    0.04216439
    0.04006614
    0.04495158
    0.05803131
    0.05099604
    0.31309739
    0.02219197
    0.04168546
    0.03424283
    0.03412875
    0.03205657
    0.03393642
    0.31974035
    0.04710215
    0.05089325
    0.04545629
