           1           2  0.957742651932308     
           2           3  0.985119016691623     
           3           4   1.00879671384352     
           4           5  0.978759302071854     
           1           6  0.962695003282302     
           5           6  0.976808541078676     
           1           7  0.983326486567542     
           5           8  0.993088780242529     
           7           8   1.00783298659985     
           6           9  0.973467699202555     
           1          10  0.976996211685681     
           8          11   1.93433294433974     
           2          12  0.996414323649873     
          12          13   1.92893195763254     
           2          14  0.963197857486827     
          10          15  0.998174666808285     
          12          16   1.02421212572099     
           3          17  0.976034891078244     
           3          18  0.976698149508653     
           4          19  0.969809684233111     
           4          20  0.975453496067599     
           5          21  0.962981964073251     
           6          22  0.957767215901047     
           7          23  0.954420310993721     
           7          24  0.962706276093722     
           9          25  0.882051856606852     
          10          26  0.967251067000969     
          10          27  0.970708868002233     
          11          28  0.975056683166100     
          11          29  0.974865817454741     
          13          30  0.974091674812713     
          13          31  0.966784504819152     
          15          32  0.857864110313378     
          16          33  0.971301768374579     
          16          34  0.968471693470064     
          16          35  0.984113627135133     
