$coord
-1.49749609867839  2.99521274447189   0.56840022564629  c
-3.81860778214491  2.23690778355349  -1.04914557294596  c
-3.28194435500447  0.17569717145643  -3.05354586662053  c
-3.88622941573575 -2.51585659715086  -2.10154467305689  c
-3.10573861926319 -2.96113712852076   0.67273352064833  c
-0.41170729208460 -1.98528935401836   1.26998531634879  c
-0.06661405603731  0.84132130176578   2.01033027145732  c
 0.53517554360331  4.27180036335995  -1.11697984217571  c
 3.04202760632897  3.89343240265220   0.31082897697982  c
 2.80326133148564  1.24002004861282   1.49079030600194  c
 1.27247543364273 -2.39152593717539  -0.77170666341927  o
 3.56122841934400 -1.07063383381683  -0.24690647751286  c
-0.47925546797752  1.02462472903463   3.99947604403155  h
 3.89132618913113  1.12508503203300   3.21306252998057  h
 0.24665344084917 -3.05119348105481   2.91181156173569  h
-3.28513323206069 -5.81906997606507   1.28218992744015  c
 4.78343481447889 -0.36532732557177  -2.81142214507744  c
 5.40395968686701 -2.83497102752601   1.22811141021787  c
-2.40844456345547  4.94127964321246   2.56594132363986  c
-5.34587332861616  1.63999187477451   0.16827661672428  h
-4.45030050026011  3.94374849919513  -1.98419963061028  h
-4.38898781296012  0.54677228553296  -4.73445605155933  h
-1.31710735712919  0.23854662660494  -3.60027183043408  h
-2.92021650896208 -3.87657400708868  -3.28579313812428  h
-5.89464480177269 -2.87861919459707  -2.26070146752132  h
-4.39439133005614 -1.95506198986791   1.90045206449703  h
 0.10064674694633  6.24313260144248  -1.43228523364436  h
 0.62224308995376  3.35612566706638  -2.93616891313996  h
 4.67835685760079  4.08609453294734  -0.89509682201470  h
 3.20682704745321  5.27835365148277   1.80774026221370  h
-2.93143928372483 -6.16709436217530   3.26837271403245  h
-5.14623677365025 -6.53393163595493   0.81493728250072  h
-1.89780950239992 -6.84953146068058   0.18302485853448  h
 6.57388796907538  0.58011173745365  -2.51417652688634  h
 5.11782544086809 -2.08145025001483  -3.87918645349862  h
 3.55689582995517  0.85098309487144  -3.90316876844667  h
 5.82249543844108 -4.49781129558425   0.10890447445886  h
 7.15169258378082 -1.84431614809054   1.62284003133341  h
 4.57333341851545 -3.42579207846009   3.00193620382054  h
-0.83422536002026  5.62993499560626   3.67487423458456  h
-3.30450622183087  6.53482247195349   1.64727192315685  h
-3.76431158006928  4.07705499802498   3.83122020043313  h
$end
