$coord
-0.19232166001847  0.67885093170428   4.88554457329462  c
 2.63899540993436  1.15283558607446   4.63764108396274  c
-4.23431050661273 -6.43450722204926   0.10817762338541  c
-6.39442979699699 -5.45317583073234   1.21717766754258  c
-6.40746459075023 -2.98297537057842   2.03755384445759  c
-4.29841422785396 -1.43674535707496   1.70116977460200  c
-2.20301630908100 -2.34343847031866   0.35614906122163  c
-2.18332170396600 -4.88045597207426  -0.33305768624626  c
-4.25036101583486  0.89456170079706   2.89715543467737  n
-1.83726310788976  2.13676874835249   2.97633200720390  c
-0.57984334248163  2.18605927329210   0.33072366150919  c
-0.11286182756129 -0.58100574817031  -0.51672660157416  c
 2.05266715591307  3.32988489785676   0.56060224914901  c
 3.50421007804206  1.18391292494773   1.87118816576833  c
 2.56275010328385 -1.20698518534334   0.48862086270235  c
 6.31152653072735  1.48145082250883   1.72781948327359  c
 7.53382795860074  0.84893577792440  -0.35637161521229  c
 6.09060144600577 -0.17162481049592  -2.54394985149786  c
 4.19760553348018 -2.11291450360144  -1.69384973223832  n
 2.38916077734954 -2.51935306324328  -3.84662094352620  c
 0.17526229744961 -0.75611050085359  -3.42193578708218  c
 5.38147369440648 -4.21620152987152  -1.09174517411385  o
 2.57009688716193 -2.83181977565262   1.76118148572575  h
-2.32844046314834  3.57229027154545  -1.45764192287000  c
-4.50780667515853  3.03495798726211  -1.83649855814756  o
-1.19049887882051  5.53936967162403  -2.58092127185671  o
-2.71697822394813  6.97503856246327  -4.26089515806095  c
-0.82067596684700  1.17172776509960   6.78630806427430  h
-0.57272453799791 -1.32857897302465   4.62639129905144  h
 3.12989297139794  2.97411432251087   5.47835775737489  h
 3.66006618037794 -0.31239049408552   5.67010197510401  h
-4.15574884095188 -8.39696182659498  -0.44085917155167  h
-8.03831756192661 -6.63042977504192   1.49153779846390  h
-8.03844697660778 -2.20852703996887   2.98840203699961  h
-0.52629162912625 -5.67958762036384  -1.20490376558869  h
-5.78818585728950  1.98457695309731   2.62558688882474  h
-2.10700080241231  4.08587307843901   3.62014133464762  h
 2.05139922394912  5.05605852359447   1.68195218643882  h
 2.84203386006710  3.78178187107908  -1.28394762548401  h
 7.27494091048590  2.19879148787759   3.37441243877291  h
 9.55870797175046  0.98919455268537  -0.52505209823419  h
 5.11877886364460  1.34210153608239  -3.56132430195532  h
 7.34356007088781 -1.18093422411138  -3.83307345932725  h
 3.36136834983480 -2.21478083365702  -5.63588396715716  h
 1.85583043486811 -4.50464945832018  -3.74880742556600  h
-1.54596486678669 -1.46175206963396  -4.30449992983633  h
 0.58751176984052  1.10311962350176  -4.21799040055778  h
-4.27985066728875  7.84878918111631  -3.23672376807647  h
-1.48960463358194  8.41130658738011  -5.06627499152051  h
-3.49237828545206  5.76181937283274  -5.73878130174014  h
$end