$coord
-1.30791841625926  2.73028294977161  -0.03229226647603  c
-2.74031723694977  1.44419581737541  -2.19476728604678  c
-5.23698062259942  0.19462364709471  -1.47887785361949  c
-5.05167593444808 -1.55009231720587   0.80782200457718  c
-2.78992385581146 -3.35306539704052   0.79526921211737  c
-0.23135595530464 -2.03774343727825   1.32367470343845  c
-0.06307652734656  0.83017384657171   1.83164154607641  c
 0.90352570435646  4.24976736064022  -1.19305918068666  c
 3.15650929219937  3.87601440678647   0.55802830270435  c
 2.82298513990918  1.22388614936761   1.63025708100265  c
 1.55470280675608 -2.46519250450774  -0.61611457244578  o
 3.76450695387615 -1.05518448232687   0.00403655024617  c
-0.72796474003910  1.22198226787067   3.74470622948983  h
 3.71913582032034  1.09502037978230   3.48610880420248  h
 0.51799081531298 -2.91330894153224   3.06951868589243  h
-2.70741436046732 -4.99700769001750  -1.57717636733315  c
 5.08618965429795 -0.40773659267529  -2.47923109488958  c
 5.57364827401704 -2.69574754871596   1.58110560796951  c
-3.01444395173466  4.56746702459049   1.41440751171493  c
-3.13041476881180  2.86494266746765  -3.64572066351339  h
-1.48075930746884  0.03975684756598  -3.02026213199247  h
-6.65826379000517  1.63984166268480  -1.08899684374233  h
-5.90194346038768 -0.88461014431689  -3.10734715204020  h
-6.77512716082513 -2.68667725335323   0.90196740047759  h
-4.97020133514436 -0.43774875888307   2.54166964332625  h
-3.10278673210650 -4.64335839649812   2.38866385194403  h
 0.41554629010116  6.24049076323387  -1.39565702284290  h
 1.33651307074342  3.52737277354907  -3.07147160918384  h
 4.95646083242922  4.13908189758742  -0.39990677987070  h
 3.06611733779257  5.22540735134640   2.11712230819904  h
-1.22153629798526 -6.40237689168513  -1.39854557278265  h
-4.50967211074438 -5.95991766785810  -1.80895055247750  h
-2.32323247281083 -3.88990674030305  -3.25706188654226  h
 6.83106562473313  0.61530637664412  -2.13037686840793  h
 5.53083940480796 -2.16266603270956  -3.45061214954455  h
 3.87131442642101  0.69821101957924  -3.70316240833365  h
 6.09998529625456 -4.36938541565785   0.51175089372637  h
 7.26983830885160 -1.63137074687510   2.03877396899617  h
 4.68377511337246 -3.30211682998892   3.33142445886501  h
-4.47861634082716  3.58868473000865   2.46877362074214  h
-1.89686557274282  5.66726621409666   2.74558827970021  h
-3.92464606132696  5.86628325541380   0.10486780379249  h
$end