$coord
         -1.817095545647         -2.908871746661         -0.008893984592     c 
         -4.248247192640         -1.942445229580          1.245475173486     c 
         -5.648930530582          0.104814770783         -0.251361069818     c 
         -4.818015488995          2.798364004739          0.387915853949     c 
         -2.213365616285          3.579465380675         -0.599204792732     c 
         -0.172807309981          1.720248629562          0.254620328740     c 
         -0.204219581362         -0.803328264879         -1.177386178682     c 
          0.002578007030         -4.121097665817          1.903720152682     c 
          2.584165142123         -4.063659623789          0.606989680931     c 
          2.576057666757         -1.676840399169         -1.049878821129     c 
          2.258556456293          2.717869651297         -0.232826723312     o 
          4.041514490808          0.698880163540         -0.114941317578     c 
         -0.765755329894         -0.428842223283         -3.127822602575     h 
          3.280820207762         -2.146780488998         -2.931134263775     h 
         -0.372249455889          1.397004424398          2.300425989210     h 
         -1.584264171525          6.244381249320          0.316507781538     c 
          6.205117515436          1.367639233044         -1.911436485190     c 
          5.076418577201          0.504573373222          2.585285744900     c 
         -2.508256072084         -4.831475148780         -2.060476075251     c 
         -5.501529182308         -3.562262683943          1.509106152829     h 
         -3.828262520774         -1.204333266871          3.125848630387     h 
         -5.442592268050         -0.221369995168         -2.275432252884     h 
         -7.662295073117         -0.039448918099          0.187396005836     h 
         -4.846696541162          3.029846957918          2.440836692044     h 
         -6.206056946785          4.112623247474         -0.394617877187     h 
         -2.240776539800          3.593114555434         -2.669175644465     h 
         -0.568416723167         -6.031531477353          2.417191107764     h 
          0.052521866106         -2.990513399970          3.628058771277     h 
          4.126106477055         -4.097257961707          1.962910079702     h 
          2.793154407081         -5.724080602763         -0.596449181692     h 
          0.262172507179          6.801755783517         -0.382077974584     h 
         -2.992322177457          7.584241611234         -0.352680162592     h 
         -1.545416107079          6.302614912649          2.371131161046     h 
          5.470775817344          1.686751046730         -3.803117842397     h 
          7.583328119194         -0.154279681424         -1.963787880826     h 
          7.125214980697          3.090730392139         -1.278278182053     h 
          6.652113956855         -0.808526638672          2.676853696251     h 
          5.741048144806          2.365118517206          3.152359225722     h 
          3.619663543736         -0.085777956501          3.905353257627     h 
         -3.832546011716         -4.013381062500         -3.402337843083     h 
         -0.840879434055         -5.434105593633         -3.095521042981     h 
         -3.388757754639         -6.490102879873         -1.221879578682     h 
$end
