$coord
          1.735054908231          2.962609842442          0.022867443041     c 
          4.187937104084          2.029943590910          1.309935689519     c 
          5.673008367157          0.067702330592         -0.292103599542     c 
          4.951842858430         -2.704975454011          0.326498088039     c 
          2.315569316399         -3.567025859413         -0.613893516811     c 
          0.221538309537         -1.726191851945          0.265418583193     c 
          0.203535590581          0.809023255267         -1.205306896981     c 
         -0.163764547289          4.104089438469          1.933956798485     c 
         -2.721094235424          4.038332473861          0.519655969177     c 
         -2.616468591519          1.615611008292         -1.136235839823     c 
         -2.197006927344         -2.776002964242         -0.214033349046     o 
         -4.029954088198         -0.803453106196         -0.122237087382     c 
          0.832976506172          0.459503082353         -3.111790205579     h 
         -3.310311103654          2.022376560136         -3.011015187606     h 
          0.455391879583         -1.365644376447          2.281605498231     h 
          1.766876408366         -6.270386827752          0.357912946637     c 
         -6.242143190061         -1.563948966887         -1.888311116737     c 
         -5.025936116582         -0.540362382289          2.631810838028     c 
          2.398740624798          4.943662030449         -2.022567862974     c 
          5.374094999625          3.656176701684          1.675046947589     h 
          3.743653697795          1.203240321365          3.124206576383     h 
          5.396964059327          0.433034521918         -2.284543662912     h 
          7.674086314513          0.289436840917          0.083227703332     h 
          5.037824348340         -2.964745877942          2.354320323390     h 
          6.349791076368         -3.955567066798         -0.495309050441     h 
          2.310357290454         -3.586960998325         -2.659768553550     h 
          0.366441341607          5.988672975602          2.521389469808     h 
         -0.250967959986          2.923266561425          3.599912866885     h 
         -4.313230103052          4.061518293758          1.795056710584     h 
         -2.883687967805          5.680898775501         -0.687018331684     h 
          1.717714124842         -6.288382736749          2.404400091937     h 
         -0.046159811986         -6.919822833905         -0.339793719575     h 
          3.227654277062         -7.561635385600         -0.268115146995     h 
         -5.544731108291         -1.865916760881         -3.789917065628     h 
         -7.655415363990         -0.081967355135         -1.922130276342     h 
         -7.110094950672         -3.294828781501         -1.219819539717     h 
         -6.581858670816          0.784249314268          2.718146132309     h 
         -5.694992331138         -2.371403565357          3.260178451252     h 
         -3.551373221463          0.088471093463          3.899823601667     h 
          3.720375795338          4.157469283354         -3.371278604785     h 
          0.722249282440          5.528630812981         -3.035575071112     h 
          3.252912002415          6.593631920623         -1.165285339058     h 
$end
