   -0.05409206
   -0.07788896
    0.13439943
    0.01381678
    0.00800393
   -0.06555921
   -0.05913728
   -0.05991790
   -0.02313780
    0.01139332
   -0.04367880
   -0.06410681
   -0.02029819
    0.11876808
   -0.07620588
   -0.06510322
    0.13255531
   -0.44318218
   -0.40689882
   -0.45389678
   -0.11414259
   -0.12374013
   -0.10477186
   -0.10466653
    0.02584867
    0.03018787
    0.02273143
    0.05924464
    0.03931770
    0.03733438
    0.04597980
    0.03587558
    0.02892653
    0.02997253
    0.03667473
    0.04313861
    0.04789933
    0.02433727
    0.04786653
    0.33348805
    0.29323821
    0.29684412
    0.04484906
    0.02924077
    0.04569990
    0.03428216
    0.06065356
    0.03761147
    0.03251961
    0.03598962
    0.03132535
    0.03459708
    0.03644196
    0.03937164
