$coord
-3.22352936484214 -1.84343230099592   4.34686348621779  c
-3.97038241412521 -3.30868842477774   1.99465075614950  c
-4.93987857789696 -1.50565240421297  -0.07162550075052  c
-3.19789364560392  0.91927682275676  -0.28854005751056  c
-0.56767288281304  0.62615440294656   1.02430759993181  c
-0.92998732027199 -0.15109054828489   3.83717910174002  c
-2.70909691535073  1.57810404031321  -3.07853002803614  c
-1.14500068518228  3.98053239902951  -3.37975501086973  c
 1.37588918158088  3.82693274533866  -1.97179423822673  c
 1.05264652798394  3.15165312426889   0.86542906547348  c
 1.45122714889343 -1.24879775654606  -0.02297363823474  c
 3.61205861148087  2.22724831178528   1.88511292037118  c
 3.80630063178605 -0.35934960305497   0.80681732847005  c
 6.06609334864538 -1.63396295412126   0.51556430832418  c
 6.03501058947067 -3.95557135604870  -0.70205634824981  c
 3.77887247859400 -4.82384690464660  -1.64605034766548  c
 1.49085107161196 -3.51837918783896  -1.37375948801646  c
-0.44583854962554 -4.71302979250046  -2.55087635556133  o
 8.23997143618339 -0.54794718338848   1.41760113431606  o
-4.93286799538283 -2.73961526548821  -2.48292195545693  o
-7.75068537363323 -0.97205191026410   0.46134354121354  c
-4.66162164915740  3.13120706464681   0.89804047211011  c
 2.86940507259846  6.25928339148672  -2.43178672220352  c
 0.32126976251443  5.49234074426624   2.41673335380560  c
-4.83151735665805 -0.72702211686874   4.99592471915548  h
-2.76632327901378 -3.16817470744313   5.86077897567297  h
-5.44909356555455 -4.67765318004903   2.45444714986029  h
-2.33639376747652 -4.36914269583279   1.33735821976152  h
 0.76115513192646 -1.15950524631084   4.44263896951162  h
-1.08840927195403  1.52287304810363   5.02240109439897  h
-1.68950768338650  0.04129466775852  -3.99386666731946  h
-4.50975375144834  1.79572399668698  -4.06023810809925  h
-0.75052655328287  4.24575652522024  -5.38987772959607  h
-2.21222655245831  5.63406453997741  -2.76841239921342  h
 2.45075808018639  2.27812443996531  -2.82551762481779  h
 3.61669160955895  2.19486856894203   3.94813531492550  h
 5.19744829566207  3.39540963153926   1.28754523392522  h
 7.75382818867981 -5.03157657191783  -0.95485660797873  h
 3.69205793391276 -6.58214781677760  -2.67398034282019  h
-1.99086877998037 -3.69477576448256  -2.61025435685548  h
 9.64356055174563 -1.64476759968179   1.03798120634211  h
-5.97777773762194 -4.22806612621733  -2.36954880731240  h
-8.56708387207388  0.17105680908933  -1.03675169931331  h
-8.75178277412269 -2.77465981734357   0.47940986135589  h
-8.07182586281801 -0.06634487312020   2.26853642729641  h
-5.04048563036733  2.82239872652300   2.88730655268677  h
-3.63158816092408  4.87289345328224   0.72006211117361  h
-6.44176687878153  3.40053607433631  -0.08389801129907  h
 1.81480932688707  7.92145842220345  -1.84451222807607  h
 4.66454102752225  6.24459577806860  -1.43702341818007  h
 3.26437950079684  6.44364519077221  -4.44139284064079  h
-0.75463042691199  6.87054316832113   1.34293648171325  h
-0.73582964146735  5.02759924908994   4.11225013194501  h
 2.05007648293555  6.43469780433052   3.01425870755176  h
$end