           1           2   1.00895712907582     
           2           3  0.981779099313374     
           3           4  0.944630118067380     
           4           5  0.968237403029643     
           1           6   1.00271366274683     
           5           6  0.972648877054005     
           4           7  0.987543995120699     
           7           8   1.00570602992423     
           8           9  0.997250968819509     
           5          10  0.946250519640217     
           9          10  0.973072111178795     
           5          11  0.969103453347097     
          10          12  0.981099636362000     
          11          13   1.36096071457497     
          12          13   1.01616524072214     
          13          14   1.37876651899088     
          14          15   1.35208003630647     
          13          16  0.103881864168525     
          15          16   1.47585205532791     
          11          17   1.36779191312938     
          16          17   1.33541829002709     
          17          18   1.08431422983931     
          14          19   1.04402804179510     
           3          20  0.950964787002700     
           3          21  0.995140488721835     
           4          22  0.997934386186967     
           9          23   1.00746873141522     
          10          24   1.00207693963879     
           1          25  0.973799642495887     
           1          26  0.977971532018277     
           2          27  0.974117199049648     
           2          28  0.964895700846436     
           6          29  0.976248064650814     
           6          30  0.964682758006137     
           7          31  0.969919425678541     
           7          32  0.974654073587018     
           8          33  0.974888177902688     
           8          34  0.970450623728699     
           9          35  0.962152330085888     
          12          36  0.956730882349067     
          12          37  0.960772173024655     
          15          38  0.966180850331080     
          16          39  0.967755863622529     
          18          40  0.790606454137723     
          19          41  0.894381239899688     
          20          42  0.889694650663890     
          21          43  0.982010903806643     
          21          44  0.980219373903337     
          21          45  0.980274813846252     
          22          46  0.979901020305293     
          22          47  0.963997481288173     
          22          48  0.980031366278352     
          23          49  0.984322247553769     
          23          50  0.980930976981388     
          23          51  0.986051069394596     
          24          52  0.972308230040487     
          24          53  0.973709968520845     
          24          54  0.980973047350684     
