           1           2  0.958104749124550     
           2           3  0.991118490226288     
           3           4   1.00959892522130     
           4           5  0.979338521786804     
           1           6  0.966955150328486     
           5           6  0.966059740411179     
           1           7  0.979365446802982     
           5           8  0.995848756545879     
           7           8   1.00367788378571     
           6           9  0.987430329502302     
           1          10  0.979643601596651     
           8          11   1.93683348529187     
           2          12  0.995297867999063     
          12          13   1.92579952548815     
           2          14  0.958490003537683     
          10          15  0.995494108703108     
          12          16   1.02838772415069     
           3          17  0.972866912539205     
           3          18  0.975462320166328     
           4          19  0.969971051411753     
           4          20  0.976669592995727     
           5          21  0.965159795899660     
           6          22  0.958350253889574     
           7          23  0.964468131609297     
           7          24  0.958807381158717     
           9          25  0.886476871592146     
          10          26  0.966200158650100     
          10          27  0.966784652705405     
          11          28  0.974650520647811     
          11          29  0.974498306048511     
          13          30  0.975687425723686     
          13          31  0.974281868504716     
          15          32  0.886446113663950     
          16          33  0.968023656416428     
          16          34  0.958393734137244     
          16          35  0.983762794529596     
