   -0.00923272
   -0.03221834
   -0.06127546
   -0.06053260
   -0.03605748
    0.10989774
   -0.06881355
    0.00886359
   -0.48524340
    0.07997321
   -0.11283521
    0.00876887
   -0.11010907
    0.04997344
   -0.47782116
   -0.11107063
    0.04045693
    0.03862138
    0.04517009
    0.03961009
    0.04067399
    0.04168859
    0.04238316
    0.05008238
    0.30955982
    0.02715155
    0.04734002
    0.03355779
    0.03516701
    0.02910118
    0.03785799
    0.30848259
    0.05260563
    0.04476875
    0.04345382
