           1           2  0.956750148010384     
           2           3  0.991053442257161     
           3           4   1.00862530268552     
           4           5  0.977920197056853     
           1           6  0.958921216511047     
           5           6  0.972201973117112     
           1           7  0.981017834905142     
           5           8  0.995345646569370     
           7           8   1.00416562970417     
           6           9  0.985558729687921     
           1          10  0.980302268542331     
           8          11   1.93593304945868     
           2          12  0.996142156493496     
          12          13   1.92765568548169     
           2          14  0.958857799187837     
          10          15  0.993218873153788     
          12          16   1.02622138615813     
           3          17  0.973378031436592     
           3          18  0.975681817208040     
           4          19  0.971821960705705     
           4          20  0.976179972473025     
           5          21  0.963304217827934     
           6          22  0.955526179773668     
           7          23  0.958012423594457     
           7          24  0.963002526951754     
           9          25  0.883822987846255     
          10          26  0.965679724822631     
          10          27  0.967233489752541     
          11          28  0.975017982305592     
          11          29  0.974729855697737     
          13          30  0.975360670384515     
          13          31  0.974406698179970     
          15          32  0.887624874955591     
          16          33  0.967776524117734     
          16          34  0.962495275054060     
          16          35  0.982912992797120     
