   -0.00797490
   -0.03663311
   -0.06067022
   -0.05801257
   -0.03512240
    0.10882436
   -0.07071021
    0.00798312
   -0.48524331
    0.08353898
   -0.11296571
    0.00826912
   -0.11306495
    0.04532352
   -0.49269521
   -0.11203622
    0.04211383
    0.04220046
    0.04006892
    0.04158509
    0.04031653
    0.04747114
    0.05742911
    0.04987267
    0.31240220
    0.02008554
    0.04164857
    0.03382883
    0.03421061
    0.03385881
    0.02745091
    0.31995176
    0.05414515
    0.04628299
    0.04626658
