           1           2  0.959471622430227     
           2           3  0.982284983256694     
           3           4   1.00866239249420     
           4           5  0.978444704723095     
           1           6  0.962262903904657     
           5           6  0.976820363864257     
           1           7  0.982642115503677     
           5           8  0.993589006761543     
           7           8   1.00813048261438     
           6           9  0.973105241985778     
           1          10  0.977108495311274     
           8          11   1.93411963188849     
           2          12  0.997989950569653     
          12          13   1.92629551074923     
           2          14  0.960956007391234     
          10          15  0.998578481253074     
          12          16   1.02624966718111     
           3          17  0.975397333459200     
           3          18  0.976906014974900     
           4          19  0.969977757181521     
           4          20  0.975552374593218     
           5          21  0.962751961324831     
           6          22  0.956258238824084     
           7          23  0.953926077468659     
           7          24  0.963066504592752     
           9          25  0.882390569006705     
          10          26  0.967227129457112     
          10          27  0.971822547387047     
          11          28  0.975122937429213     
          11          29  0.974896539506113     
          13          30  0.975342103077734     
          13          31  0.975338045661343     
          15          32  0.858551636513695     
          16          33  0.969417632614012     
          16          34  0.961758142721529     
          16          35  0.981836179554299     
