*************************************************
******************* ORCA 6.1.1 ******************
*************************************************
$Calculation_Status
   &GeometryIndex 1
   &version [&Type "String"] "6.1.1"
   &progName [&Type "String"] "LeanSCF"
   &Status [&Type "String"] "NORMAL TERMINATION"
$End
$Geometry
   &GeometryIndex 1
   &NAtoms [&Type "Integer"] 35
   &NCorelessECP [&Type "Integer"] 0
   &NGhostAtoms [&Type "Integer"] 0
   &CartesianCoordinates [&Type "Coordinates", &Dim(35,4), &Units "Bohr"] 
              C     -0.084934179128   -1.071985218000    0.588447175003
              C     -1.999205055521    1.105072136570    1.313804510465
              C     -0.684240502087    3.744940976703    1.201879268843
              C      1.103919849981    4.125698276412   -1.073140622447
              C      2.771300214178    1.757260589486   -1.532866399152
              C      1.045730403011   -0.525169827122   -2.077783708471
              C      2.305881054704   -0.861770841690    2.307640865567
              C      4.084172907490    0.938583859829    0.906922615095
              O      2.450494370810   -2.643629617939   -3.107118174991
              C     -1.405295202507   -3.671541874681    0.804871885863
              C      6.397182358770    1.643590931465    1.645212646434
              C     -4.550564424035    1.018306831715   -0.069623536354
              C     -4.962270474641    1.881537315824   -2.422083863962
              H     -2.442720340040    0.770492474742    3.324804036538
              O      0.241387037832   -5.794466844766    0.519717017639
              C     -6.735734795629   -0.011468867904    1.481626207067
              H     -2.131353130879    5.238583495509    1.230743038787
              H      0.427132325722    3.983036503728    2.945992403770
              H      0.034718961837    4.540881500584   -2.811655320870
              H      2.327379768030    5.773521779434   -0.721708755233
              H      4.107645181059    2.127437671620   -3.086183472917
              H     -0.417492662826   -0.128873348342   -3.493121154893
              H      3.184706174731   -2.735065310257    2.531529824581
              H      1.843722863149   -0.188445038138    4.222806801863
              H      4.172672104102   -2.600012672352   -2.422059375757
              H     -2.969417834619   -3.757198939817   -0.583182402529
              H     -2.253708011597   -3.849991646362    2.700105826156
              H      7.214398166853    1.001979069740    3.430218718095
              H      7.557226006100    2.913009277463    0.501627576616
              H     -6.846658378843    1.804965484187   -3.262501140301
              H     -3.493247279562    2.711212339641   -3.601716047301
              H      1.161728043003   -5.493726089488   -1.067248112621
              H     -6.359003737917   -1.942619157016    2.163268630139
              H     -7.035335923216    1.164705109050    3.178431288459
              H     -8.507217168824   -0.042858107916    0.395867876799
$End
$SCF_Energy
   &GeometryIndex 1
   &Method [&Type "String"] "SCF"
   &totalEnergy [&Type "ArrayOfDoubles", &Dim (1,1)] "Total energy of each state"
                                                         0

0                                     -6.5777271758993606e+02
   &Mult [&Type "ArrayOfIntegers", &Dim (1,1)] "Multiplicity of each state"
                                                         0

0                                                        1
$End
$DFT_Energy
   &GeometryIndex 1
   &nAlphaEl [&Type "Integer"] 57
   &nBetaEl [&Type "Integer"] 57
   &nTotalEl [&Type "Integer"] 114
   &finalEn [&Type "Double"]      -6.5777271758993606e+02  "No Van der Waals correction"
   &eExchange [&Type "Double"]      -9.1090239742900422e+01
   &eCorr [&Type "Double"]      -4.0417461631668523e+00
   &eXC [&Type "Double"]      -9.5131985906067271e+01
   &eCNL [&Type "Double"]       0.0000000000000000e+00
$End
$Solvation_Details
   &GeometryIndex 1
   &Solvent [&Type "String"] "CHLOROFORM"
   &Epsilon [&Type "Double"]       4.8029999999999999e+00
   &Refrac [&Type "Double"]       1.4459000000000000e+00
   &RSolv [&Type "Double"]       1.3000000000000000e+00
   &SurfaceType [&Type "String"] "GAUSSIAN VDW"
   &CPCMDielEnergy [&Type "Double"]      -1.1023839000000001e-02
   &NPoints [&Type "Integer"] 2586
   &SurfaceArea [&Type "Double"]       9.1028163010900005e+02
$End
$SCF_Timings
   &GeometryIndex 1
   &TOTAL [&Type "Double"]       1.4705221999999999e+01
   &PREP [&Type "Double"]       4.8014499999999999e-01
   &FOCK [&Type "Double"]       1.0879124999999997e+01
   &DENS [&Type "Double"]       2.4948800000000126e-01
   &ETOT [&Type "Double"]       1.0734800000000022e-01
   &TRAFO [&Type "Double"]       3.5504699999999989e-01
   &DIIS [&Type "Double"]       1.5557610000000006e+00
   &SOSCF [&Type "Double"]       7.7383899999999928e-01
   &XC [&Type "Double"]       3.7228280000000011e+00
   &FOCKSTART [&Type "Double"]       7.4832999999997707e-02
   &SOLV [&Type "Double"]       4.3674549999999988e+00
   &SOLV_INIT [&Type "Double"]       2.5866699999999998e-01
   &INT_PREP [&Type "Double"]       1.0000000000287557e-06
   &INT_BF [&Type "Double"]       1.0783100000000094e+00
   &INT_DENS [&Type "Double"]       9.0747199999998562e-01
   &INT_DENSIO [&Type "Double"]       1.9519586751000006e+04
   &INT_FUNC [&Type "Double"]       3.3682699999996957e-01
   &INT_POT [&Type "Double"]       8.3936100000000669e-01
   &INT_POTIO [&Type "Double"]       1.4402000000014015e-02
   &INT_SUM [&Type "Double"]       7.6199999999948531e-04
   &SPLITRIJ [&Type "Double"]       3.2022910000000020e+00
$End
$Single_Point_Data
   &GeometryIndex 1
   &FinalEnergy [&Type "Double"]      -6.5777271758993606e+02  "Final single point energy"
   &Converged [&Type "Boolean"] true
$End
$Calculation_Info
   &GeometryIndex 1
   &Mult [&Type "Integer"] 1
   &Charge [&Type "Integer"] 0
   &NumOfAtoms [&Type "Integer"] 35
   &NumOfElectrons [&Type "Integer"] 114
   &NumOfBasisFuncts [&Type "Integer"] 605
   &NumOfAuxCBasisFuncts [&Type "Integer"] 0
   &NumOfAuxJBasisFuncts [&Type "Integer"] 955
   &NumOfAuxJKBasisFuncts [&Type "Integer"] 0
   &NumOfCABSBasisFuncts [&Type "Integer"] 0
$End
$SCF_Dipole_Moment
   &GeometryIndex 1
   &dipoleMagnitude [&Type "Double", &Units "a.u."]       1.2645547128573602e+00
   &dipoleElecContrib [&Type "ArrayOfDoubles", &Dim (3,1)] "Electronic contribution"
                                                         0

0                                      5.2547750379084031e+00
1                                     -4.4200414307715441e+00
2                                     -2.4972294408916844e+00
   &dipoleNucContrib [&Type "ArrayOfDoubles", &Dim (3,1)] "Nuclear contribution"
                                                         0

0                                     -5.1525786678159280e+00
1                                      5.6651997700305143e+00
2                                      2.6927677591915153e+00
   &dipoleTotal [&Type "ArrayOfDoubles", &Dim (3,1)] "Total"
                                                         0

0                                      1.0219637009247506e-01
1                                      1.2451583392589702e+00
2                                      1.9553831829983093e-01
   &doAtomicDipole [&Type "Boolean"] false
   &Method [&Type "String"] "SCF"
   &Level [&Type "String"] "Relaxed density"
   &Mult [&Type "Integer"] 1
   &State [&Type "Integer"] -1
   &Irrep [&Type "Integer"] 0
$End
$SCF_Spin_Spin_Coupling
   &GeometryIndex 1
   &numOfNucPairs [&Type "Integer"] 187 "Number of nuclei pairs to calculate"
   &numOfNucPairsDSO [&Type "Integer"] 0 "number of nuclear pairs to calculate DSO"
   &numOfNucPairsPSO [&Type "Integer"] 0 "number of nuclear pairs to calculate PSO"
   &numOfNucPairsFC [&Type "Integer"] 187 "number of nuclear pairs to calculate FC"
   &numOfNucPairsSD [&Type "Integer"] 0 "number of nuclear pairs to calculate SD"
   &numOfNucPairsSD_FC [&Type "Integer"] 0 "number of nuclear pairs to calculate SD/FC"
   &pairsInfo [&Type "ArrayOfIntegers", &Dim (187,4)] "Pairs Info: Col1->Index of A. Col2->Atom. Num. of A.  Col3->Index of B. Col4->Atom. Num. of B."
                                                         0                           1                           2                           3

0                                                       13                           1                          16                           1
1                                                       13                           1                          17                           1
2                                                       13                           1                          18                           1
3                                                       13                           1                          19                           1
4                                                       13                           1                          20                           1
5                                                       13                           1                          21                           1
6                                                       13                           1                          22                           1
7                                                       13                           1                          23                           1
8                                                       13                           1                          24                           1
9                                                       13                           1                          25                           1
10                                                      13                           1                          26                           1
11                                                      13                           1                          27                           1
12                                                      13                           1                          28                           1
13                                                      13                           1                          29                           1
14                                                      13                           1                          30                           1
15                                                      13                           1                          31                           1
16                                                      13                           1                          32                           1
17                                                      13                           1                          33                           1
18                                                      13                           1                          34                           1
19                                                      16                           1                          17                           1
20                                                      16                           1                          18                           1
21                                                      16                           1                          19                           1
22                                                      16                           1                          20                           1
23                                                      16                           1                          21                           1
24                                                      16                           1                          22                           1
25                                                      16                           1                          23                           1
26                                                      16                           1                          24                           1
27                                                      16                           1                          25                           1
28                                                      16                           1                          26                           1
29                                                      16                           1                          27                           1
30                                                      16                           1                          28                           1
31                                                      16                           1                          29                           1
32                                                      16                           1                          30                           1
33                                                      16                           1                          31                           1
34                                                      16                           1                          32                           1
35                                                      16                           1                          33                           1
36                                                      16                           1                          34                           1
37                                                      17                           1                          18                           1
38                                                      17                           1                          19                           1
39                                                      17                           1                          20                           1
40                                                      17                           1                          21                           1
41                                                      17                           1                          22                           1
42                                                      17                           1                          23                           1
43                                                      17                           1                          24                           1
44                                                      17                           1                          25                           1
45                                                      17                           1                          26                           1
46                                                      17                           1                          27                           1
47                                                      17                           1                          28                           1
48                                                      17                           1                          29                           1
49                                                      17                           1                          30                           1
50                                                      17                           1                          31                           1
51                                                      17                           1                          32                           1
52                                                      17                           1                          33                           1
53                                                      17                           1                          34                           1
54                                                      18                           1                          19                           1
55                                                      18                           1                          20                           1
56                                                      18                           1                          21                           1
57                                                      18                           1                          22                           1
58                                                      18                           1                          23                           1
59                                                      18                           1                          24                           1
60                                                      18                           1                          25                           1
61                                                      18                           1                          26                           1
62                                                      18                           1                          27                           1
63                                                      18                           1                          28                           1
64                                                      18                           1                          29                           1
65                                                      18                           1                          30                           1
66                                                      18                           1                          31                           1
67                                                      18                           1                          32                           1
68                                                      18                           1                          33                           1
69                                                      18                           1                          34                           1
70                                                      19                           1                          20                           1
71                                                      19                           1                          21                           1
72                                                      19                           1                          22                           1
73                                                      19                           1                          23                           1
74                                                      19                           1                          24                           1
75                                                      19                           1                          25                           1
76                                                      19                           1                          26                           1
77                                                      19                           1                          27                           1
78                                                      19                           1                          28                           1
79                                                      19                           1                          29                           1
80                                                      19                           1                          30                           1
81                                                      19                           1                          31                           1
82                                                      19                           1                          32                           1
83                                                      19                           1                          33                           1
84                                                      19                           1                          34                           1
85                                                      20                           1                          21                           1
86                                                      20                           1                          22                           1
87                                                      20                           1                          23                           1
88                                                      20                           1                          24                           1
89                                                      20                           1                          25                           1
90                                                      20                           1                          26                           1
91                                                      20                           1                          27                           1
92                                                      20                           1                          28                           1
93                                                      20                           1                          29                           1
94                                                      20                           1                          30                           1
95                                                      20                           1                          31                           1
96                                                      20                           1                          32                           1
97                                                      20                           1                          33                           1
98                                                      20                           1                          34                           1
99                                                      21                           1                          22                           1
100                                                     21                           1                          23                           1
101                                                     21                           1                          24                           1
102                                                     21                           1                          25                           1
103                                                     21                           1                          26                           1
104                                                     21                           1                          27                           1
105                                                     21                           1                          28                           1
106                                                     21                           1                          29                           1
107                                                     21                           1                          30                           1
108                                                     21                           1                          31                           1
109                                                     21                           1                          32                           1
110                                                     21                           1                          33                           1
111                                                     21                           1                          34                           1
112                                                     22                           1                          23                           1
113                                                     22                           1                          24                           1
114                                                     22                           1                          25                           1
115                                                     22                           1                          26                           1
116                                                     22                           1                          27                           1
117                                                     22                           1                          28                           1
118                                                     22                           1                          29                           1
119                                                     22                           1                          30                           1
120                                                     22                           1                          31                           1
121                                                     22                           1                          32                           1
122                                                     22                           1                          33                           1
123                                                     22                           1                          34                           1
124                                                     23                           1                          24                           1
125                                                     23                           1                          25                           1
126                                                     23                           1                          26                           1
127                                                     23                           1                          27                           1
128                                                     23                           1                          28                           1
129                                                     23                           1                          29                           1
130                                                     23                           1                          30                           1
131                                                     23                           1                          31                           1
132                                                     23                           1                          32                           1
133                                                     23                           1                          33                           1
134                                                     23                           1                          34                           1
135                                                     24                           1                          25                           1
136                                                     24                           1                          26                           1
137                                                     24                           1                          27                           1
138                                                     24                           1                          28                           1
139                                                     24                           1                          29                           1
140                                                     24                           1                          30                           1
141                                                     24                           1                          31                           1
142                                                     24                           1                          32                           1
143                                                     24                           1                          33                           1
144                                                     24                           1                          34                           1
145                                                     25                           1                          26                           1
146                                                     25                           1                          27                           1
147                                                     25                           1                          28                           1
148                                                     25                           1                          29                           1
149                                                     25                           1                          30                           1
150                                                     25                           1                          31                           1
151                                                     25                           1                          32                           1
152                                                     25                           1                          33                           1
153                                                     25                           1                          34                           1
154                                                     26                           1                          27                           1
155                                                     26                           1                          28                           1
156                                                     26                           1                          29                           1
157                                                     26                           1                          30                           1
158                                                     26                           1                          31                           1
159                                                     26                           1                          32                           1
160                                                     26                           1                          33                           1
161                                                     26                           1                          34                           1
162                                                     27                           1                          28                           1
163                                                     27                           1                          30                           1
164                                                     27                           1                          31                           1
165                                                     27                           1                          32                           1
166                                                     27                           1                          33                           1
167                                                     28                           1                          29                           1
168                                                     28                           1                          30                           1
169                                                     28                           1                          31                           1
170                                                     28                           1                          32                           1
171                                                     28                           1                          33                           1
172                                                     29                           1                          30                           1
173                                                     29                           1                          31                           1
174                                                     29                           1                          32                           1
175                                                     29                           1                          33                           1
176                                                     29                           1                          34                           1
177                                                     30                           1                          31                           1
178                                                     30                           1                          32                           1
179                                                     30                           1                          33                           1
180                                                     30                           1                          34                           1
181                                                     31                           1                          32                           1
182                                                     31                           1                          33                           1
183                                                     31                           1                          34                           1
184                                                     32                           1                          33                           1
185                                                     32                           1                          34                           1
186                                                     33                           1                          34                           1
   &pairsDistances [&Type "ArrayOfDoubles", &Dim (187,1)] "The distances of each pair"
                                                         0

0                                      2.6163988775019402e+00
1                                      2.2883467749407056e+00
2                                      4.0304295756335522e+00
3                                      4.2386540442534777e+00
4                                      4.9030874063053211e+00
5                                      3.7936695219708514e+00
6                                      3.5334675729279899e+00
7                                      2.3724357783245784e+00
8                                      4.9683557630068895e+00
9                                      3.1772567167902284e+00
10                                     2.4693274667714205e+00
11                                     5.1120993275965594e+00
12                                     5.6142592112498368e+00
13                                     4.2286985507720356e+00
14                                     3.8468919567441895e+00
15                                     4.4753065717855316e+00
16                                     2.5949878506766275e+00
17                                     2.4404736337148680e+00
18                                     3.5897693764916441e+00
19                                     1.7602065049512434e+00
20                                     2.4548142780336550e+00
21                                     2.5912682426682458e+00
22                                     4.3392590058434832e+00
23                                     3.8908670922325346e+00
24                                     5.1177649004980168e+00
25                                     3.8960638602471831e+00
26                                     5.6631181456638044e+00
27                                     4.8763838979556935e+00
28                                     4.8723456836379215e+00
29                                     5.5533253453829765e+00
30                                     5.2867020017047794e+00
31                                     3.8963070068819836e+00
32                                     2.9744759246170980e+00
33                                     6.0638170384730978e+00
34                                     4.4372796394686116e+00
35                                     3.5276328353873039e+00
36                                     4.4033866745989103e+00
37                                     3.0681184617969799e+00
38                                     2.3824031408003270e+00
39                                     3.8661299953063875e+00
40                                     4.0675583100651576e+00
41                                     3.8491553064092581e+00
42                                     2.4272016247968713e+00
43                                     4.9125656630824919e+00
44                                     4.8471844437230001e+00
45                                     4.3830344579878151e+00
46                                     3.9311903496171179e+00
47                                     4.0286380620421465e+00
48                                     5.1901849681737033e+00
49                                     4.0941835270744278e+00
50                                     5.4598872268773064e+00
51                                     4.7854034826500511e+00
52                                     4.2230016270970498e+00
53                                     5.3583879839947786e+00
54                                     1.7664988048151549e+00
55                                     2.5094833487032435e+00
56                                     2.5087409869164361e+00
57                                     5.0594280856174993e+00
58                                     4.5865557106731618e+00
59                                     4.3722595807391382e+00
60                                     4.8166484025349359e+00
61                                     5.4488080035907478e+00
62                                     5.3714123449582472e+00
63                                     4.4342373703533395e+00
64                                     3.9259761045491119e+00
65                                     2.1442082209019504e+00
66                                     5.4226194852062646e+00
67                                     5.4908437705692945e+00
68                                     5.2189156332328732e+00
69                                     5.4034032282993865e+00
70                                     2.4851062589717934e+00
71                                     3.7438425309274335e+00
72                                     4.8417437045067615e+00
73                                     4.1067426686886890e+00
74                                     4.6257587683119192e+00
75                                     5.7704558534695733e+00
76                                     5.9236464229368639e+00
77                                     4.2297472368952302e+00
78                                     3.2201802881606096e+00
79                                     5.4576629469060141e+00
80                                     3.7994732054686131e+00
81                                     5.9969814883587036e+00
82                                     6.3350089595221917e+00
83                                     5.8953459119450562e+00
84                                     6.5341653000227495e+00
85                                     2.6844158985507955e+00
86                                     3.9619245029564438e+00
87                                     4.2304398591765482e+00
88                                     2.5264582594346998e+00
89                                     5.0474403262528531e+00
90                                     5.5419185518640504e+00
91                                     3.8663292116324839e+00
92                                     2.6663978115806444e+00
93                                     5.8000294700873765e+00
94                                     4.0432786303897981e+00
95                                     4.4537945913425636e+00
96                                     6.5599375215773827e+00
97                                     6.7837603848899546e+00
98                                     7.0197230114698161e+00
99                                     3.9622792324735152e+00
100                                    4.2549332034896210e+00
101                                    2.8162627812159267e+00
102                                    2.8073742269306416e+00
103                                    3.9449253577403396e+00
104                                    5.4855342486099534e+00
105                                    4.9868376789980502e+00
106                                    3.5548378488629946e+00
107                                    2.2161184618463596e+00
108                                    3.2258307101344799e+00
109                                    4.4459065923051604e+00
110                                    5.0196246730093081e+00
111                                    4.7500921420997351e+00
112                                    1.7665270682024672e+00
113                                    2.6739090199017475e+00
114                                    3.6898275575938229e+00
115                                    2.9390936361350071e+00
116                                    2.9468832984135491e+00
117                                    3.9294812248772124e+00
118                                    6.5841841296656236e+00
119                                    5.5971268067580979e+00
120                                    2.6275048546812316e+00
121                                    5.0714391798363252e+00
122                                    5.7986800797394231e+00
123                                    6.4488033023389324e+00
124                                    3.9385116964028151e+00
125                                    4.0646824415778573e+00
126                                    3.0174462859624254e+00
127                                    2.9410762179015335e+00
128                                    3.9638980137377962e+00
129                                    6.1604556621121009e+00
130                                    5.2416443883787673e+00
131                                    3.9810098439523340e+00
132                                    4.5706805807482462e+00
133                                    4.7848687889912283e+00
134                                    5.8403669721942260e+00
135                                    3.9504415617107131e+00
136                                    4.3987769158537287e+00
137                                    3.9767799529057632e+00
138                                    3.7566573475242602e+00
139                                    6.2955592021025577e+00
140                                    4.9744633789138195e+00
141                                    2.3232551920636428e+00
142                                    6.0883808731702613e+00
143                                    6.9230868934568139e+00
144                                    7.0055417157851325e+00
145                                    1.7789197314789968e+00
146                                    6.3162408975836382e+00
147                                    6.6195546888722649e+00
148                                    3.8578947943227271e+00
149                                    3.7874557762732950e+00
150                                    2.3851873825088528e+00
151                                    2.5003265073973906e+00
152                                    3.9211483718332252e+00
153                                    3.5664380244123248e+00
154                                    5.6431165529669745e+00
155                                    6.4121324989620110e+00
156                                    4.9817590915253991e+00
157                                    4.8586080321742147e+00
158                                    2.8280064791424433e+00
159                                    2.4122423900419339e+00
160                                    3.6753993109898424e+00
161                                    4.0615912412827715e+00
162                                    1.8593794272205126e+00
163                                    6.8389527554505198e+00
164                                    5.2667412499566666e+00
165                                    7.3803254687380342e+00
166                                    7.5423031473595534e+00
167                                    7.8999672725932326e+00
168                                    6.2387077768482335e+00
169                                    5.6509824088137774e+00
170                                    7.8489598010371067e+00
171                                    7.9052187034664403e+00
172                                    1.8469509761477934e+00
173                                    5.8503235894088554e+00
174                                    3.4990249946600005e+00
175                                    3.4266479036587976e+00
176                                    2.3401106106646830e+00
177                                    5.1689897951692299e+00
178                                    4.2037377795067421e+00
179                                    4.1299043361653114e+00
180                                    3.6930911252290044e+00
181                                    4.7214946524985857e+00
182                                    6.0231515489317111e+00
183                                    5.9244495539562516e+00
184                                    1.7664886804516515e+00
185                                    1.7825983182146123e+00
186                                    1.7841437330587979e+00
   &pairsTotalSSCIso [&Type "ArrayOfDoubles", &Dim (187,1)] "The Spin-Spin coupling constant for each pair"
                                                         0

0                                      7.6502856255092022e-01
1                                      7.7018347902722528e+00
2                                     -5.8447033900957224e-01
3                                      1.0026013705658698e+00
4                                      1.7115394785652788e-01
5                                     -3.6803044485089076e-01
6                                     -3.3586174444135769e-01
7                                     -4.4377931173839308e-01
8                                      1.9580250752317094e-02
9                                     -1.7504097530081625e-01
10                                    -2.8451745430617170e-01
11                                     1.6912343420364337e-02
12                                     3.5251695454673750e-02
13                                     1.3210648248945529e+00
14                                    -3.3903411449906345e-01
15                                     2.8150391525741260e-02
16                                    -4.6925530099131096e-01
17                                    -4.2322977394341699e-01
18                                     9.7484263057400211e-01
19                                    -1.4767001437623287e+01
20                                     5.9905801790117312e+00
21                                     1.1279917840022464e+00
22                                     3.3291505829289841e-01
23                                     1.1217809882677188e-01
24                                    -4.0811284356087087e-03
25                                    -6.2134194423050140e-02
26                                    -5.7990457704370092e-02
27                                    -2.3866861474131242e-04
28                                     6.0271908929603241e-02
29                                    -7.2962299354930706e-03
30                                     2.0621892361971511e-02
31                                     1.5277042087467679e-01
32                                     4.0475573570700460e-02
33                                    -5.1325310094729529e-02
34                                    -2.8246657758664410e-02
35                                     8.5822073419438663e-02
36                                     7.1850595258695762e-02
37                                     1.3834634370190678e+01
38                                     6.6311823630000086e+00
39                                    -5.1576452958554531e-01
40                                     3.3915478644552166e-03
41                                     4.8624251753915715e-01
42                                    -1.3825502500245124e-01
43                                    -8.2061600191351419e-03
44                                     1.5166487995120340e-01
45                                     6.3813563074429036e-02
46                                    -2.9350070295954940e-02
47                                    -7.1223339231234065e-03
48                                    -1.9021073242327849e-01
49                                    -2.3271729628568383e-01
50                                     9.8442492827406324e-03
51                                    -1.4753945261784096e-01
52                                    -1.4532732930641723e-01
53                                     5.7817099764236754e-02
54                                    -1.3859849881740832e+01
55                                     2.5402681671835028e+00
56                                    -2.3920141105883022e-01
57                                    -4.6895073906489443e-01
58                                    -1.0623995867433417e-01
59                                    -1.0325923683363847e-02
60                                    -4.2267150089625981e-04
61                                     1.7226096200259229e-02
62                                     1.6291833850665086e-01
63                                    -7.3296500791435570e-02
64                                     5.5232181840869130e-02
65                                    -5.1931868060646358e-01
66                                    -8.2947039955900310e-03
67                                    -3.5143446845189885e-02
68                                    -2.3478752302976760e-02
69                                    -6.0790745565905344e-03
70                                     4.5372278092095968e+00
71                                    -8.6116931518022646e-02
72                                     1.6323640523502059e-01
73                                     8.5783929681905874e-02
74                                    -8.6822273567529001e-02
75                                    -4.8735030996634697e-03
76                                    -2.3331789217821766e-02
77                                     1.5340364593631878e-01
78                                     1.0615445953904747e-01
79                                     7.2042123590140089e-02
80                                    -3.8735872392253796e-02
81                                    -1.8031927780766564e-04
82                                     1.2729076974154299e-03
83                                    -5.8376579446008270e-02
84                                     5.9964138794804757e-02
85                                     8.0583336753289336e-01
86                                     5.7183148422822883e-01
87                                    -1.3739473992014599e+00
88                                    -3.9628733838209340e-01
89                                    -5.8391161065508262e-02
90                                     7.2433904037489838e-01
91                                    -1.0766957134934665e+00
92                                    -1.0036237919053002e+00
93                                     2.0177370174660071e-02
94                                     1.6637476481233218e-02
95                                     5.4411799814249651e-02
96                                     2.0276498567882613e-03
97                                    -5.8381565430999042e-03
98                                    -1.0193213649680150e-02
99                                    -5.5168462559722109e-01
100                                    1.4569655350253081e+00
101                                    1.2255976183951052e+01
102                                   -2.2045640056965657e-01
103                                   -4.7130138165413449e-01
104                                    7.5770172290693072e-01
105                                    2.4405289870952587e-01
106                                    2.7592711922184383e-02
107                                   -4.8307708136181404e-01
108                                    2.3485772798651897e-02
109                                    5.9576445796275194e-03
110                                    2.2590732135251208e-02
111                                   -4.6749737642706526e-03
112                                   -1.9612817718170582e+01
113                                   -1.2638005690637189e-02
114                                    7.6072637585043873e-03
115                                   -2.5752953260219313e-01
116                                   -2.6428083304796095e+00
117                                   -3.1057914605011043e+00
118                                   -6.0783210577344787e-02
119                                   -6.6237516934644275e-02
120                                    8.3713505280951409e-02
121                                   -7.1925820147171277e-02
122                                   -3.6915374788262609e-02
123                                    1.0060953571360007e-01
124                                    3.0847296468576250e-02
125                                   -5.4937840096467894e-01
126                                   -2.1312316043882268e-01
127                                   -2.2842021168437592e+00
128                                   -2.6708904260629041e+00
129                                   -3.8755670510833562e-03
130                                   -3.1774437948481851e-02
131                                    1.2520711784030103e-02
132                                   -1.8227458817052268e-02
133                                   -9.4842015250760029e-03
134                                    2.7827748683472382e-02
135                                    5.5141893462793690e-03
136                                    1.2956569028067732e-03
137                                    8.2158184297621201e-02
138                                    1.1990484056746633e-02
139                                    4.0718403443598901e-02
140                                    7.1227769332186469e-02
141                                    9.3418900460659926e-02
142                                    2.8360085728375013e-02
143                                    1.8719759139955414e-02
144                                   -8.0325069732899179e-04
145                                   -1.1713343218297384e+01
146                                    3.2022957352092860e-02
147                                    3.0233029057014738e-01
148                                   -3.1655742771620400e-02
149                                   -2.7088970181472272e-02
150                                    5.0637465736379372e-01
151                                   -4.6077356381825682e-02
152                                    1.0844116828758843e-01
153                                   -1.1914049652338875e-02
154                                   -1.1663676819630800e-02
155                                   -1.2430604629389594e-02
156                                   -3.7627521479143514e-02
157                                   -3.4998354864653254e-02
158                                    1.3483677758492387e+01
159                                   -2.9466462126827198e-01
160                                   -5.0284598769526456e-02
161                                    6.8672995448095270e-02
162                                    3.3359037587791113e-01
163                                    7.5276088641697391e-03
164                                    4.5553214163622773e-03
165                                    1.4554557476303348e-03
166                                   -1.2640679802725938e-03
167                                    1.1512307125803815e-02
168                                    5.1110503793024131e-03
169                                    8.5773470554677579e-03
170                                   -7.4301686624396424e-04
171                                   -1.4665909344174191e-03
172                                    8.5133143296244274e-02
173                                    4.7905469278429029e-03
174                                   -2.0678932366867278e+00
175                                   -2.4008834297065169e+00
176                                   -4.7884451070902012e-01
177                                    1.3216525145182533e-03
178                                   -1.5469708595252352e+00
179                                   -1.9957278516695496e+00
180                                    3.8414536285235956e-01
181                                    1.0686105622299445e-03
182                                   -1.0355114955766551e-02
183                                    2.1934942470160510e-02
184                                   -1.8383369708955641e+01
185                                   -1.2754033739055465e+01
186                                   -1.2884779635197649e+01
   &Method [&Type "String"] "SCF"
   &Level [&Type "String"] "Relaxed density"
   &Mult [&Type "Integer"] 1
   &State [&Type "Integer"] -1
   &Irrep [&Type "Integer"] 0
$End
$Calculation_Timings
   &GeometryIndex 1
   &GTOINT [&Type "Double"]       1.7508330000000001e+00
   &SCF [&Type "Double"]       1.6684622000000001e+01
   &PROPINT [&Type "Double"]       1.1449059999999989e+00
   &RESPONSE [&Type "Double"]       8.9282569999999986e+00
   &PROP [&Type "Double"]       6.4466600000000085e-01
   &SUM [&Type "Double"]       2.9153283999999999e+01
$End
