*************************************************
******************* ORCA 6.1.1 ******************
*************************************************
$Calculation_Status
   &GeometryIndex 1
   &version [&Type "String"] "6.1.1"
   &progName [&Type "String"] "LeanSCF"
   &Status [&Type "String"] "NORMAL TERMINATION"
$End
$Geometry
   &GeometryIndex 1
   &NAtoms [&Type "Integer"] 35
   &NCorelessECP [&Type "Integer"] 0
   &NGhostAtoms [&Type "Integer"] 0
   &CartesianCoordinates [&Type "Coordinates", &Dim(35,4), &Units "Bohr"] 
              C      0.193207515736   -1.305078728388   -0.468254882322
              C      1.190117911584    1.241520571361   -1.707096006841
              C     -0.927453454726    3.301009899900   -1.660576896392
              C     -2.475150647186    3.422206086913    0.814235819574
              C     -3.259437594905    0.747969064600    1.702875431833
              C     -0.875529610560   -0.873123672284    2.244851543241
              C     -2.282032320665   -2.107265707611   -1.859888851528
              C     -4.422141418406   -0.733625132207   -0.474415856659
              O      0.826100858547    0.028592955559    4.123703795767
              C      2.223725173426   -3.402837007635   -0.543272751152
              C     -6.879735255597   -0.843738985914   -1.054544823827
              C      3.772865729637    2.233670913185   -0.802760569686
              C      4.073901381780    4.080770984520    0.921744249090
              H      1.489871031734    0.756878137830   -3.716335895905
              O      1.331684349301   -5.832140219369    0.259950533474
              C      6.074657798901    1.231237536464   -2.197693636383
              H     -0.093426891454    5.158140417213   -2.084121564198
              H     -2.243191457760    2.899058783783   -3.221824526943
              H     -1.411945282376    4.355524911030    2.343143976067
              H     -4.178076712152    4.578625568708    0.497511112857
              H     -4.524553472724    0.877105537654    3.349781909532
              H     -1.541887424104   -2.713817349794    2.973506548317
              H     -2.230667244895   -1.662599445895   -3.893415866906
              H     -2.526644987216   -4.167263261742   -1.692898862326
              H      2.009951233571    1.232299157583    3.367498001898
              H      3.871426150006   -2.829020085936    0.601044214133
              H      2.873905379042   -3.672769607073   -2.502923695552
              H     -7.571319221157   -1.946125194447   -2.659228836443
              H     -8.300549004389    0.161572484149    0.057173570829
              H      5.954834975458    4.768648674244    1.419666322012
              H      2.501796077448    5.036790612095    1.852504313913
              H      1.142672685096   -5.802255075316    2.098074935931
              H      7.834102540466    2.033302199950   -1.436830232055
              H      6.231554669548   -0.839045114445   -2.135060324555
              H      5.947898220355    1.752730815410   -4.214358893431
$End
$SCF_Energy
   &GeometryIndex 1
   &Method [&Type "String"] "SCF"
   &totalEnergy [&Type "ArrayOfDoubles", &Dim (1,1)] "Total energy of each state"
                                                         0

0                                     -6.5776710239523482e+02
   &Mult [&Type "ArrayOfIntegers", &Dim (1,1)] "Multiplicity of each state"
                                                         0

0                                                        1
$End
$DFT_Energy
   &GeometryIndex 1
   &nAlphaEl [&Type "Integer"] 57
   &nBetaEl [&Type "Integer"] 57
   &nTotalEl [&Type "Integer"] 114
   &finalEn [&Type "Double"]      -6.5776710239523482e+02  "No Van der Waals correction"
   &eExchange [&Type "Double"]      -9.1090637249928932e+01
   &eCorr [&Type "Double"]      -4.0422071753703213e+00
   &eXC [&Type "Double"]      -9.5132844425299254e+01
   &eCNL [&Type "Double"]       0.0000000000000000e+00
$End
$Solvation_Details
   &GeometryIndex 1
   &Solvent [&Type "String"] "CHLOROFORM"
   &Epsilon [&Type "Double"]       4.8029999999999999e+00
   &Refrac [&Type "Double"]       1.4459000000000000e+00
   &RSolv [&Type "Double"]       1.3000000000000000e+00
   &SurfaceType [&Type "String"] "GAUSSIAN VDW"
   &CPCMDielEnergy [&Type "Double"]      -1.1654761000000000e-02
   &NPoints [&Type "Integer"] 2555
   &SurfaceArea [&Type "Double"]       9.0788441072299997e+02
$End
$SCF_Timings
   &GeometryIndex 1
   &TOTAL [&Type "Double"]       1.4672309000000000e+01
   &PREP [&Type "Double"]       5.0700699999999999e-01
   &FOCK [&Type "Double"]       1.0984316000000003e+01
   &DENS [&Type "Double"]       2.1689099999999861e-01
   &ETOT [&Type "Double"]       1.0555399999999882e-01
   &TRAFO [&Type "Double"]       3.6012000000000022e-01
   &DIIS [&Type "Double"]       1.5347270000000004e+00
   &SOSCF [&Type "Double"]       7.1483699999999928e-01
   &XC [&Type "Double"]       3.6880569999999975e+00
   &FOCKSTART [&Type "Double"]       8.2642000000001103e-02
   &SOLV [&Type "Double"]       4.3701069999999991e+00
   &SOLV_INIT [&Type "Double"]       2.5189400000000001e-01
   &INT_BF [&Type "Double"]       1.0897380000000281e+00
   &INT_DENS [&Type "Double"]       9.1527700000001522e-01
   &INT_DENSIO [&Type "Double"]       1.9691118526000009e+04
   &INT_FUNC [&Type "Double"]       3.3982099999997628e-01
   &INT_POT [&Type "Double"]       8.6091299999995596e-01
   &INT_POTIO [&Type "Double"]       1.2507000000019253e-02
   &INT_SUM [&Type "Double"]       2.7370000000017658e-03
   &SPLITRIJ [&Type "Double"]       3.3569090000000013e+00
$End
$Single_Point_Data
   &GeometryIndex 1
   &FinalEnergy [&Type "Double"]      -6.5776710239523482e+02  "Final single point energy"
   &Converged [&Type "Boolean"] true
$End
$Calculation_Info
   &GeometryIndex 1
   &Mult [&Type "Integer"] 1
   &Charge [&Type "Integer"] 0
   &NumOfAtoms [&Type "Integer"] 35
   &NumOfElectrons [&Type "Integer"] 114
   &NumOfBasisFuncts [&Type "Integer"] 605
   &NumOfAuxCBasisFuncts [&Type "Integer"] 0
   &NumOfAuxJBasisFuncts [&Type "Integer"] 955
   &NumOfAuxJKBasisFuncts [&Type "Integer"] 0
   &NumOfCABSBasisFuncts [&Type "Integer"] 0
$End
$SCF_Dipole_Moment
   &GeometryIndex 1
   &dipoleMagnitude [&Type "Double", &Units "a.u."]       1.0416312281916942e+00
   &dipoleElecContrib [&Type "ArrayOfDoubles", &Dim (3,1)] "Electronic contribution"
                                                         0

0                                     -2.2984474340246854e+00
1                                     -4.1316360466538420e+00
2                                      3.8498036493526770e+00
   &dipoleNucContrib [&Type "ArrayOfDoubles", &Dim (3,1)] "Nuclear contribution"
                                                         0

0                                      2.7764394417306733e+00
1                                      4.8510578201881298e+00
2                                     -4.4319991215766681e+00
   &dipoleTotal [&Type "ArrayOfDoubles", &Dim (3,1)] "Total"
                                                         0

0                                      4.7799200770598782e-01
1                                      7.1942177353428782e-01
2                                     -5.8219547222399104e-01
   &doAtomicDipole [&Type "Boolean"] false
   &Method [&Type "String"] "SCF"
   &Level [&Type "String"] "Relaxed density"
   &Mult [&Type "Integer"] 1
   &State [&Type "Integer"] -1
   &Irrep [&Type "Integer"] 0
$End
$SCF_Spin_Spin_Coupling
   &GeometryIndex 1
   &numOfNucPairs [&Type "Integer"] 187 "Number of nuclei pairs to calculate"
   &numOfNucPairsDSO [&Type "Integer"] 0 "number of nuclear pairs to calculate DSO"
   &numOfNucPairsPSO [&Type "Integer"] 0 "number of nuclear pairs to calculate PSO"
   &numOfNucPairsFC [&Type "Integer"] 187 "number of nuclear pairs to calculate FC"
   &numOfNucPairsSD [&Type "Integer"] 0 "number of nuclear pairs to calculate SD"
   &numOfNucPairsSD_FC [&Type "Integer"] 0 "number of nuclear pairs to calculate SD/FC"
   &pairsInfo [&Type "ArrayOfIntegers", &Dim (187,4)] "Pairs Info: Col1->Index of A. Col2->Atom. Num. of A.  Col3->Index of B. Col4->Atom. Num. of B."
                                                         0                           1                           2                           3

0                                                       13                           1                          16                           1
1                                                       13                           1                          17                           1
2                                                       13                           1                          18                           1
3                                                       13                           1                          19                           1
4                                                       13                           1                          20                           1
5                                                       13                           1                          21                           1
6                                                       13                           1                          22                           1
7                                                       13                           1                          23                           1
8                                                       13                           1                          24                           1
9                                                       13                           1                          25                           1
10                                                      13                           1                          26                           1
11                                                      13                           1                          27                           1
12                                                      13                           1                          28                           1
13                                                      13                           1                          29                           1
14                                                      13                           1                          30                           1
15                                                      13                           1                          31                           1
16                                                      13                           1                          32                           1
17                                                      13                           1                          33                           1
18                                                      13                           1                          34                           1
19                                                      16                           1                          17                           1
20                                                      16                           1                          18                           1
21                                                      16                           1                          19                           1
22                                                      16                           1                          20                           1
23                                                      16                           1                          21                           1
24                                                      16                           1                          22                           1
25                                                      16                           1                          23                           1
26                                                      16                           1                          24                           1
27                                                      16                           1                          25                           1
28                                                      16                           1                          26                           1
29                                                      16                           1                          27                           1
30                                                      16                           1                          28                           1
31                                                      16                           1                          29                           1
32                                                      16                           1                          30                           1
33                                                      16                           1                          31                           1
34                                                      16                           1                          32                           1
35                                                      16                           1                          33                           1
36                                                      16                           1                          34                           1
37                                                      17                           1                          18                           1
38                                                      17                           1                          19                           1
39                                                      17                           1                          20                           1
40                                                      17                           1                          21                           1
41                                                      17                           1                          22                           1
42                                                      17                           1                          23                           1
43                                                      17                           1                          24                           1
44                                                      17                           1                          25                           1
45                                                      17                           1                          26                           1
46                                                      17                           1                          27                           1
47                                                      17                           1                          28                           1
48                                                      17                           1                          29                           1
49                                                      17                           1                          30                           1
50                                                      17                           1                          31                           1
51                                                      17                           1                          32                           1
52                                                      17                           1                          33                           1
53                                                      17                           1                          34                           1
54                                                      18                           1                          19                           1
55                                                      18                           1                          20                           1
56                                                      18                           1                          21                           1
57                                                      18                           1                          22                           1
58                                                      18                           1                          23                           1
59                                                      18                           1                          24                           1
60                                                      18                           1                          25                           1
61                                                      18                           1                          26                           1
62                                                      18                           1                          27                           1
63                                                      18                           1                          28                           1
64                                                      18                           1                          29                           1
65                                                      18                           1                          30                           1
66                                                      18                           1                          31                           1
67                                                      18                           1                          32                           1
68                                                      18                           1                          33                           1
69                                                      18                           1                          34                           1
70                                                      19                           1                          20                           1
71                                                      19                           1                          21                           1
72                                                      19                           1                          22                           1
73                                                      19                           1                          23                           1
74                                                      19                           1                          24                           1
75                                                      19                           1                          25                           1
76                                                      19                           1                          26                           1
77                                                      19                           1                          27                           1
78                                                      19                           1                          28                           1
79                                                      19                           1                          29                           1
80                                                      19                           1                          30                           1
81                                                      19                           1                          31                           1
82                                                      19                           1                          32                           1
83                                                      19                           1                          33                           1
84                                                      19                           1                          34                           1
85                                                      20                           1                          21                           1
86                                                      20                           1                          22                           1
87                                                      20                           1                          23                           1
88                                                      20                           1                          24                           1
89                                                      20                           1                          25                           1
90                                                      20                           1                          26                           1
91                                                      20                           1                          27                           1
92                                                      20                           1                          28                           1
93                                                      20                           1                          29                           1
94                                                      20                           1                          30                           1
95                                                      20                           1                          31                           1
96                                                      20                           1                          32                           1
97                                                      20                           1                          33                           1
98                                                      20                           1                          34                           1
99                                                      21                           1                          22                           1
100                                                     21                           1                          23                           1
101                                                     21                           1                          24                           1
102                                                     21                           1                          25                           1
103                                                     21                           1                          26                           1
104                                                     21                           1                          27                           1
105                                                     21                           1                          28                           1
106                                                     21                           1                          29                           1
107                                                     21                           1                          30                           1
108                                                     21                           1                          31                           1
109                                                     21                           1                          32                           1
110                                                     21                           1                          33                           1
111                                                     21                           1                          34                           1
112                                                     22                           1                          23                           1
113                                                     22                           1                          24                           1
114                                                     22                           1                          25                           1
115                                                     22                           1                          26                           1
116                                                     22                           1                          27                           1
117                                                     22                           1                          28                           1
118                                                     22                           1                          29                           1
119                                                     22                           1                          30                           1
120                                                     22                           1                          31                           1
121                                                     22                           1                          32                           1
122                                                     22                           1                          33                           1
123                                                     22                           1                          34                           1
124                                                     23                           1                          24                           1
125                                                     23                           1                          25                           1
126                                                     23                           1                          26                           1
127                                                     23                           1                          27                           1
128                                                     23                           1                          28                           1
129                                                     23                           1                          29                           1
130                                                     23                           1                          30                           1
131                                                     23                           1                          31                           1
132                                                     23                           1                          32                           1
133                                                     23                           1                          33                           1
134                                                     23                           1                          34                           1
135                                                     24                           1                          25                           1
136                                                     24                           1                          26                           1
137                                                     24                           1                          27                           1
138                                                     24                           1                          28                           1
139                                                     24                           1                          29                           1
140                                                     24                           1                          30                           1
141                                                     24                           1                          31                           1
142                                                     24                           1                          32                           1
143                                                     24                           1                          33                           1
144                                                     24                           1                          34                           1
145                                                     25                           1                          26                           1
146                                                     25                           1                          27                           1
147                                                     25                           1                          28                           1
148                                                     25                           1                          29                           1
149                                                     25                           1                          30                           1
150                                                     25                           1                          31                           1
151                                                     25                           1                          32                           1
152                                                     25                           1                          33                           1
153                                                     25                           1                          34                           1
154                                                     26                           1                          27                           1
155                                                     26                           1                          28                           1
156                                                     26                           1                          29                           1
157                                                     26                           1                          30                           1
158                                                     26                           1                          31                           1
159                                                     26                           1                          32                           1
160                                                     26                           1                          33                           1
161                                                     26                           1                          34                           1
162                                                     27                           1                          28                           1
163                                                     27                           1                          30                           1
164                                                     27                           1                          31                           1
165                                                     27                           1                          33                           1
166                                                     27                           1                          34                           1
167                                                     28                           1                          29                           1
168                                                     28                           1                          30                           1
169                                                     28                           1                          31                           1
170                                                     28                           1                          33                           1
171                                                     28                           1                          34                           1
172                                                     29                           1                          30                           1
173                                                     29                           1                          31                           1
174                                                     29                           1                          32                           1
175                                                     29                           1                          33                           1
176                                                     29                           1                          34                           1
177                                                     30                           1                          31                           1
178                                                     30                           1                          32                           1
179                                                     30                           1                          33                           1
180                                                     30                           1                          34                           1
181                                                     31                           1                          32                           1
182                                                     31                           1                          33                           1
183                                                     31                           1                          34                           1
184                                                     32                           1                          33                           1
185                                                     32                           1                          34                           1
186                                                     33                           1                          34                           1
   &pairsDistances [&Type "ArrayOfDoubles", &Dim (187,1)] "The distances of each pair"
                                                         0

0                                      2.6215411975714056e+00
1                                      2.2925795617652778e+00
2                                      4.0331529277124085e+00
3                                      4.2495233518932576e+00
4                                      4.9107467469601440e+00
5                                      4.2987719043555881e+00
6                                      2.3503829802423577e+00
7                                      3.5290155884022432e+00
8                                      3.7671029124380335e+00
9                                      3.2262559935211148e+00
10                                     2.5383798009434839e+00
11                                     5.0349444489888517e+00
12                                     5.5612996716440950e+00
13                                     4.1804572306380194e+00
14                                     3.7550566968863541e+00
15                                     4.6420077588932065e+00
16                                     3.6307371532379800e+00
17                                     2.7765907031478765e+00
18                                     2.4315537754307344e+00
19                                     1.7566217008087359e+00
20                                     2.4811224141792501e+00
21                                     2.5753608554125131e+00
22                                     4.3472946157633068e+00
23                                     5.0103150641364609e+00
24                                     3.9017206449417605e+00
25                                     5.1042086360642998e+00
26                                     3.7252190608471980e+00
27                                     4.9280267233811434e+00
28                                     4.9348556077482586e+00
29                                     5.4666902939563897e+00
30                                     5.2093105693774655e+00
31                                     3.7046072723877543e+00
32                                     2.4959517639071671e+00
33                                     6.2422497838011832e+00
34                                     4.5222000211782447e+00
35                                     4.6124774733280427e+00
36                                     3.8390825316968225e+00
37                                     3.0756596147428774e+00
38                                     2.3899943490629032e+00
39                                     3.8334832498047264e+00
40                                     4.4393625968006010e+00
41                                     2.4399555755057576e+00
42                                     3.8288034222958807e+00
43                                     4.2428820641370093e+00
44                                     4.8734250690149761e+00
45                                     4.4239476303089758e+00
46                                     3.8225963556281037e+00
47                                     3.9222434840486748e+00
48                                     5.0824830703772115e+00
49                                     3.8464164532289171e+00
50                                     5.6865814467164659e+00
51                                     5.4350284663985935e+00
52                                     4.9351498566172998e+00
53                                     4.4081808956942572e+00
54                                     1.7636467073443911e+00
55                                     2.5268447754133629e+00
56                                     3.7564068932928820e+00
57                                     4.6066632811967256e+00
58                                     5.0249580875472253e+00
59                                     2.5108449810967097e+00
60                                     4.8084307212472348e+00
61                                     5.4560813595465927e+00
62                                     5.3620149407438378e+00
63                                     4.4358738000988076e+00
64                                     3.9349203596414619e+00
65                                     2.1181782230243003e+00
66                                     5.5441668078800950e+00
67                                     5.4268489802031059e+00
68                                     5.4343423851784278e+00
69                                     5.3950823792690850e+00
70                                     2.4796199033521553e+00
71                                     4.3075080364193594e+00
72                                     4.1676033984673477e+00
73                                     4.8504422758694163e+00
74                                     4.0205773768795998e+00
75                                     5.7890736085170253e+00
76                                     5.9592633579361216e+00
77                                     4.2351197651501904e+00
78                                     3.2057410668889803e+00
79                                     5.3852037368851446e+00
80                                     3.6149668136042550e+00
81                                     6.2307074092602441e+00
82                                     6.5778408137509050e+00
83                                     6.3642665446773119e+00
84                                     6.0964055085210891e+00
85                                     2.4782565351826387e+00
86                                     4.2392322894154484e+00
87                                     3.9196968568411004e+00
88                                     3.4630283255977803e+00
89                                     5.0697109805129079e+00
90                                     5.5423000482779941e+00
91                                     3.8655887414250563e+00
92                                     2.6780444794994835e+00
93                                     6.0030025874369777e+00
94                                     4.3929488455112891e+00
95                                     4.6824881773791613e+00
96                                     7.0399430541840529e+00
97                                     6.4534137919630172e+00
98                                     6.8518781661935089e+00
99                                     3.6941762057140695e+00
100                                    2.6383393687761671e+00
101                                    2.8172224971264614e+00
102                                    3.1282302074693669e+00
103                                    3.7571620444562246e+00
104                                    4.3851873728870103e+00
105                                    4.1819188069969009e+00
106                                    5.6649789167502158e+00
107                                    4.6639682839508847e+00
108                                    2.2144464082181523e+00
109                                    6.0311207074219420e+00
110                                    5.0212930264663393e+00
111                                    5.9802257806089552e+00
112                                    1.7712201271100860e+00
113                                    4.7059343604511064e+00
114                                    4.0576627990928378e+00
115                                    2.9949239447255520e+00
116                                    2.9045113485303289e+00
117                                    3.9521505019689047e+00
118                                    6.1846360345627014e+00
119                                    5.2995356347560838e+00
120                                    4.2470924411234225e+00
121                                    5.8208072004209130e+00
122                                    4.5943814860750845e+00
123                                    4.6931908364999355e+00
124                                    4.5932946254681166e+00
125                                    3.6658035978349233e+00
126                                    2.9016388132940794e+00
127                                    2.9613120671721567e+00
128                                    3.9294584445577998e+00
129                                    6.7243846637759326e+00
130                                    5.8585846821967795e+00
131                                    2.9228873407736948e+00
132                                    6.3909551589235596e+00
133                                    4.9635187197305406e+00
134                                    5.6307531750826509e+00
135                                    2.7807076240306809e+00
136                                    4.0739073410131272e+00
137                                    6.2214804519841591e+00
138                                    5.7583409096850318e+00
139                                    2.9870131104223754e+00
140                                    2.1825767822708331e+00
141                                    3.8103904626573484e+00
142                                    4.0177033021911148e+00
143                                    3.8302543370382600e+00
144                                    4.5294239778412440e+00
145                                    1.7821237892762312e+00
146                                    6.3135366380454654e+00
147                                    6.6389370939030439e+00
148                                    4.1913809769548793e+00
149                                    4.2766233527991764e+00
150                                    2.2777573904975124e+00
151                                    3.4900797281652136e+00
152                                    2.1829105088560667e+00
153                                    3.6849996743420106e+00
154                                    5.6029958819448646e+00
155                                    6.3968027488578345e+00
156                                    5.1885381967711544e+00
157                                    5.1568219219407743e+00
158                                    2.8349808191021513e+00
159                                    4.0404808157396523e+00
160                                    2.3331330527476606e+00
161                                    3.4218783861242983e+00
162                                    1.8598909682622271e+00
163                                    6.9114777704961163e+00
164                                    5.6360560522013872e+00
165                                    7.3328707760040981e+00
166                                    7.4625095544967435e+00
167                                    7.9605123129292732e+00
168                                    6.3431027165347285e+00
169                                    6.0081297504032918e+00
170                                    7.7950723840066427e+00
171                                    7.9163923939626910e+00
172                                    1.8470275667648470e+00
173                                    6.1567022233413891e+00
174                                    2.3171279281040986e+00
175                                    3.5164964238804455e+00
176                                    3.3816886711400529e+00
177                                    5.7821523652335296e+00
178                                    3.6767023980115447e+00
179                                    4.2445559653625162e+00
180                                    4.0807591566322019e+00
181                                    5.7645531445410638e+00
182                                    4.3781094115359123e+00
183                                    5.7972039455200459e+00
184                                    1.7793314344841347e+00
185                                    1.7828758820454864e+00
186                                    1.7647283163621186e+00
   &pairsTotalSSCIso [&Type "ArrayOfDoubles", &Dim (187,1)] "The Spin-Spin coupling constant for each pair"
                                                         0

0                                      7.2824382689252021e-01
1                                      7.6176951726083297e+00
2                                     -6.2323392050920212e-01
3                                      5.9036070973621579e-01
4                                      5.1010350779307223e-01
5                                      6.8270128790736972e-01
6                                     -4.3116635651353397e-01
7                                     -2.2728340127096675e-01
8                                      1.5543161677409082e-02
9                                     -1.2770786753438970e-01
10                                    -2.5456309135053168e-01
11                                     9.2654961163765107e-03
12                                     3.5489338825004144e-02
13                                     2.8523542690011505e-01
14                                    -1.0136528795098849e+00
15                                     8.0244964934970811e-02
16                                     7.2717864837096757e-01
17                                    -7.1845002348170905e-01
18                                    -7.7030194586412304e-01
19                                    -1.5142153044221377e+01
20                                     5.5274875638912251e+00
21                                     1.3912615716505823e+00
22                                     7.9244842913743041e-01
23                                     8.3254612873624989e-01
24                                    -3.1835881473676400e-02
25                                     5.4609746323066290e-02
26                                     7.3714335848235404e-03
27                                    -3.2799373245831695e-02
28                                     8.8599753584294172e-03
29                                    -3.9641167356638963e-03
30                                     1.7453286792908577e-02
31                                     1.5018795607739216e-02
32                                    -1.0767947429898564e-01
33                                    -3.5393039055578432e-02
34                                     8.1387090682555757e-02
35                                    -9.5540133081714628e-04
36                                     1.4759707109860859e-01
37                                     1.4265874800755649e+01
38                                     6.1795798169663616e+00
39                                    -5.4674704620028325e-01
40                                     1.0402333077360217e-01
41                                    -6.9291472625532230e-02
42                                     5.6147903278163380e-01
43                                     8.5483691122399050e-03
44                                     1.2769454255935103e-01
45                                     6.2281171702141716e-02
46                                    -3.5659877080065475e-02
47                                    -1.5556039969728000e-02
48                                    -2.3273150870661757e-01
49                                    -1.0310068700447397e-01
50                                     1.4741315963205822e-02
51                                     1.1013363788816546e-01
52                                    -9.7914887111763521e-02
53                                    -1.0633857191371678e-01
54                                    -1.4091370569611124e+01
55                                     2.2558691453507889e+00
56                                    -3.9437800088990854e-01
57                                    -1.1596955736006551e-01
58                                    -4.3943710233572669e-01
59                                     4.6286587819304912e-04
60                                    -3.7427980753116158e-03
61                                    -1.8323502209191561e-04
62                                     1.3332483580701676e-01
63                                    -5.7671507966037733e-02
64                                    -6.6427993354492825e-03
65                                    -5.3430408628332737e-01
66                                     3.1948272672064418e-03
67                                    -1.0595089180406036e-02
68                                    -3.9328273855842755e-02
69                                    -3.2588344581398268e-02
70                                     4.2679146762972984e+00
71                                     7.7570625979959340e-01
72                                     9.4788077749264635e-02
73                                     1.3859438014795256e-01
74                                    -2.5409015990163909e-02
75                                    -1.5968992585648691e-02
76                                    -3.6061726081755938e-02
77                                     1.4415383587619879e-01
78                                     9.8051781852341716e-02
79                                     1.7758805567284007e-02
80                                    -2.8852260839355166e-02
81                                    -1.1985413330030921e-02
82                                     6.8564872979256675e-02
83                                    -4.0641003481330075e-02
84                                    -3.0807667162381178e-02
85                                     5.2024377108616644e+00
86                                    -1.1020974807349921e+00
87                                     3.1245817694964362e-01
88                                    -4.2585687414254531e-02
89                                    -1.5695093449333525e-02
90                                     9.0273685170657159e-01
91                                    -9.6289034735075829e-01
92                                    -9.6216767578385665e-01
93                                     1.2317225158735408e-02
94                                     1.6922068727456184e-02
95                                    -2.4996469962237370e-02
96                                    -6.2705831445004044e-03
97                                     3.3337074046012006e-03
98                                     1.0975828564946355e-02
99                                     2.2436021196825407e-02
100                                    6.8063379463591173e-02
101                                    1.2644448075642902e+01
102                                   -2.5985882406941185e-01
103                                   -4.9845952602575322e-01
104                                    8.8040274090908435e-03
105                                    5.9018683643710552e-02
106                                   -1.3575755909226439e-01
107                                   -2.7619148067391373e-02
108                                   -2.6791787928926791e-01
109                                   -5.9466061504632062e-03
110                                   -7.4433919650626817e-02
111                                   -8.9322846352431776e-02
112                                   -1.9182613036134757e+01
113                                   -2.6960373580893365e-01
114                                   -5.2033543315016451e-01
115                                   -1.8331057763353209e-01
116                                   -2.2569542823013191e+00
117                                   -2.6528697505616163e+00
118                                    8.5199650973307700e-02
119                                    2.8501669014374027e-02
120                                   -6.0703787561994377e-03
121                                    5.7628093540059546e-03
122                                   -1.2918638747258852e-02
123                                    4.8749392601538707e-03
124                                    1.6763864175774593e-01
125                                    4.5612577009549495e-02
126                                   -2.3370577559875555e-01
127                                   -2.7454421530300293e+00
128                                   -3.2285511539059373e+00
129                                    5.5981419686616407e-02
130                                    3.2564308275421186e-02
131                                    6.1647774542310241e-02
132                                    6.7776591664521935e-02
133                                   -6.2395990391347522e-02
134                                   -1.2996143063416794e-02
135                                    2.3013706085396202e-02
136                                    1.4114452193541949e-01
137                                   -4.4608605998540773e-02
138                                   -2.0279282371111960e-02
139                                   -4.7351370541597278e-02
140                                   -8.4736635835783725e-01
141                                   -1.4458249516926137e-02
142                                   -1.8585090255848184e-05
143                                   -7.8673556409397355e-02
144                                   -2.5848879372097545e-02
145                                   -1.1899686523833882e+01
146                                    5.2699087181524301e-02
147                                    3.3235813016831406e-01
148                                   -1.0717816270784209e-02
149                                   -5.4362677910976074e-03
150                                    3.8508886537094242e+00
151                                    1.4539743537596645e-02
152                                   -4.2903912316717752e-01
153                                    2.7063584888626022e-02
154                                   -9.7387049881827031e-03
155                                   -8.1430633009377286e-03
156                                   -4.4655375758217986e-02
157                                   -4.1708102192486871e-02
158                                    1.4556546884631317e+01
159                                    1.5029974063660184e-01
160                                   -3.3783495574359079e-01
161                                   -5.2926799210264414e-02
162                                    4.0740787888567875e-01
163                                   -3.3345567336214477e-03
164                                    1.2545907552682012e-04
165                                   -1.0431926206710333e-03
166                                    2.0125650921895928e-03
167                                    9.5694528360005700e-03
168                                   -1.8888104543976719e-03
169                                    1.5814294820489624e-05
170                                   -2.7039301241555511e-03
171                                    2.8801688783888736e-04
172                                   -4.1592396449866245e-02
173                                   -2.8828575077681760e-03
174                                   -4.3765947046211795e-01
175                                   -1.8238274471663467e+00
176                                   -2.4307192100003676e+00
177                                   -3.5465949897856308e-03
178                                    5.5713544035753515e-01
179                                   -1.5590976435442896e+00
180                                   -1.6037999718475775e+00
181                                    3.2310029393467263e-02
182                                   -1.3403767094554444e-03
183                                    4.2467549183583773e-03
184                                   -1.2984776218837546e+01
185                                   -1.3488694875351564e+01
186                                   -1.8702015087401339e+01
   &Method [&Type "String"] "SCF"
   &Level [&Type "String"] "Relaxed density"
   &Mult [&Type "Integer"] 1
   &State [&Type "Integer"] -1
   &Irrep [&Type "Integer"] 0
$End
$Calculation_Timings
   &GeometryIndex 1
   &GTOINT [&Type "Double"]       1.6686880000000002e+00
   &SCF [&Type "Double"]       1.6645108999999998e+01
   &PROPINT [&Type "Double"]       1.2431629999999991e+00
   &RESPONSE [&Type "Double"]       8.7692010000000025e+00
   &PROP [&Type "Double"]       6.6587899999999678e-01
   &SUM [&Type "Double"]       2.8992039999999996e+01
$End
