   -0.00941441
   -0.02912336
   -0.06319926
   -0.05561504
   -0.03778709
    0.11261905
   -0.07239092
    0.00906612
   -0.49413208
    0.08138923
   -0.11271462
    0.01197632
   -0.11566202
    0.04510879
   -0.48455761
   -0.11609086
    0.04067293
    0.04168884
    0.03916035
    0.03764673
    0.03753791
    0.02778945
    0.05524871
    0.05310679
    0.32103732
    0.04199557
    0.02596787
    0.03614368
    0.03606379
    0.03508252
    0.04053797
    0.31421208
    0.05516554
    0.04468535
    0.04678437
