$coord
 0.02691113527351 -1.44116919591911  -0.08670080508930  c
 1.18687435293140  0.89417929638523  -1.45483807140005  c
-0.81735883420295  3.00324045698761  -1.70015731093350  c
-2.47365312225493  3.40779635618997   0.63406886225349  c
-3.40720318608803  0.87274257599881   1.66861866118918  c
-1.12861414108107 -0.73564936197293   2.49808900486527  c
-2.36125066424906 -2.27390524787808  -1.53116438437347  c
-4.46973030434414 -0.68823460942107  -0.45799922977246  c
 0.49852656819062  0.31097094429227   4.28846012458989  o
 1.88712601386523 -3.64232675432043   0.21996683351617  c
-6.83290214335186 -0.65844595510612  -1.25604912664029  c
 3.69733823688814  1.87800224681206  -0.46392213241604  c
 3.94549464905437  3.86700019717234   1.04359026345975  c
 1.57989733957263  0.25910859185791  -3.39385888373030  h
 2.75298811669440 -4.67185400155433  -2.07039359841826  o
 6.04111783357498  0.64155718359480  -1.49841194105102  c
 0.12728287451140  4.76671412116614  -2.20629548525301  h
-2.06943192945418  2.51532042227354  -3.26531602789969  h
-1.47350719282251  4.41263230165097   2.13153237980879  h
-4.09527084803249  4.56658149306995   0.09797249872941  h
-4.75429892344498  1.18132389905550   3.19899202699352  h
-1.84025209922973 -2.46590126840089   3.39351037646982  h
-2.17768085579678 -2.05758178252125  -3.57179088836214  h
-2.72981150014194 -4.27220793529189  -1.16707651434584  h
 1.43025269614640  1.67292044432364   3.50977791286297  h
 0.91924280900931 -5.19776357549014   1.17567987387872  h
 3.46185573218574 -3.05565301338792   1.44000794901049  h
-7.45160221546092 -1.80901879823577  -2.81672374253002  h
-8.24489186462872  0.51309593161849  -0.37701703942881  h
 5.78783859573648  4.53150030528317   1.59986669329182  h
 2.39076878178141  4.96202600821650   1.76119478864178  h
 3.64037926947184 -3.37861833739273  -2.99509129785330  h
 6.32994130597374 -1.24242758936571  -0.72665765332778  h
 5.93229326245052  0.49338808689329  -3.55081009274938  h
 7.69997890052940  1.75887767581970  -1.02721243893282  h
$end