$coord
-0.06156497056771  0.96090985561565   4.80284369007897  c
 2.76154380826371  1.51183253732161   4.54213318380958  c
-3.97743571125279 -6.32273234171171  -0.46051740661971  c
-6.04327918628809 -5.51377229360609   0.92870717859858  c
-6.06889953619476 -3.10492245748773   1.92162152355827  c
-4.07321444166302 -1.43831232648196   1.48021782988019  c
-2.06322365889045 -2.19583533563131  -0.06834705817019  c
-2.01323746151338 -4.67003766350988  -0.94756226400062  c
-4.12158610579344  0.93568920716198   2.55892091249645  n
-1.75509239792108  2.25480664310785   2.80263232353154  c
-0.51090890319651  2.33969293770683   0.17798072970821  c
 0.06812630489955 -0.40041365789680  -0.73545735068077  c
 2.11000344116539  3.51263310649099   0.40666083640967  c
 3.58561114980299  1.41312752462111   1.75577478785156  c
 2.61013110967347 -1.07516945104200   0.59084928658234  c
 6.36727464743602  1.82437267163805   1.51098851552514  c
 7.87478189456401  0.22751178881564   0.32422479207442  c
 6.95414468272495 -2.19308068015748  -0.77451262967481  c
 4.21998394804759 -2.27201705847791  -1.41148389885178  n
 3.61845908004170 -0.78531266732715  -3.70680969276140  c
 0.75481693248708 -0.50925628554336  -3.58126001136851  c
 3.57596143984376 -4.67443264907068  -1.73762197324370  o
 2.39249249735647 -2.55510426590004   2.00933030761803  h
-2.08497910993382  3.86819757866804  -1.68129092307950  c
-1.22001758386872  4.78031651910555  -3.58838050167691  o
-4.48163943832219  4.17621260428418  -1.00577736090738  o
-6.01467183133259  5.57991255776389  -2.70554099124429  c
-0.70139961078457  1.53324013740639   6.68049571281437  h
-0.37703865506110 -1.07224426384801   4.65046421440596  h
 3.19716569324272  3.38404094638296   5.29416747964809  h
 3.82840050280127  0.13130734336051   5.64543273531670  h
-3.89130256779733 -8.23548365335353  -1.16163014771877  h
-7.60706931049291 -6.77582202540468   1.28981206623737  h
-7.63095578830248 -2.47793965057524   3.08100001951280  h
-0.34352561927192 -5.32681953958492  -1.92632958477059  h
-5.36752193051504  1.15894229066197   3.98219718387330  h
-2.16109536813210  4.20055211105110   3.38960951403966  h
 2.08476280866897  5.25885327521298   1.50021301407681  h
 2.86328386625267  3.94081265113374  -1.45998582142608  h
 7.08084672043196  3.55857168870851   2.31858034805874  h
 9.87918158149885  0.57744460218367   0.15741034878379  h
 7.97193081039678 -2.68685461529949  -2.50091482440143  h
 7.24143407734479 -3.75022207983475   0.56049380305790  h
 4.60383735009191  1.02462119658083  -3.64775388107890  h
 4.22849226720650 -1.87135360637733  -5.34626768794144  h
-0.12921086891370 -2.15915696303959  -4.43270698133445  h
 0.14453858661668  1.15965422494864  -4.60871058602876  h
-6.15787233859566  4.59865203779071  -4.51426909782347  h
-7.86051372324491  5.72762544679974  -1.81847637785010  h
-5.20394034280758  7.45009450635343  -3.02852312190634  h
$end