$coord
 1.88574916583529  2.81319983907689  -0.18879919237925  c
 3.99219587900475  1.68704692511168   1.46279567447723  c
 5.64998732450044 -0.36497690169889   0.24847797684545  c
 4.36891725188397 -2.24112497418104  -1.54637507152647  c
 2.00097545406263 -3.59120835644810  -0.56356017263558  c
-0.00478355293644 -1.71549451052629   0.34129614230993  c
-0.03018150267616  0.80852924950847  -1.07914424333764  c
 0.26659874018645  4.68271866254894   1.38641194123062  c
-2.21895254146206  3.32918915096409   1.96814429306459  c
-2.68456606058553  1.75733068006196  -0.41350931311450  c
-2.46167201597869 -2.72054158280406  -0.02201766925157  o
-4.25624020231015 -0.69731823283319  -0.20024509155607  c
 0.13114615784783  0.42916456589742  -3.10034267050686  h
-3.46421065200253  2.97694251799969  -1.88415806349184  h
 0.25270215289636 -1.37639777755700   2.37402050309273  h
 2.61731600619459 -5.49076075766980   1.51749997393742  c
-5.79846059340883 -1.11558044223515  -2.61657045991625  c
-6.02645148430008 -0.76703925625611   2.08708997370021  c
 3.04497167056735  4.20475374285830  -2.44377129915076  c
 5.23863474485251  3.23204584402743   2.03901156558474  h
 3.14736604244779  0.94362905758502   3.18877170931742  h
 7.15871097132785  0.54950326816197  -0.82590361581642  h
 6.56300052529244 -1.41058087035704   1.77581903311785  h
 5.76586142785112 -3.68474616911643  -2.03125149047719  h
 3.89045863954230 -1.27087225647627  -3.29989018251386  h
 1.16988590573690 -4.62935502172955  -2.15118803880217  h
-0.12019935858437  6.36801050112009   0.26323305329728  h
 1.23504093358919  5.28088554278784   3.10257820574184  h
-1.98493999858779  2.11405199155040   3.61239987050782  h
-3.74941735035772  4.64935619238956   2.35682255991510  h
 3.47521331232614 -4.55234553383342   3.13247679959846  h
 0.89238462953101 -6.41603865782741   2.13987341020654  h
 3.92014314216877 -6.92280838523208   0.82604193318634  h
-4.58351188655507 -0.97634780935832  -4.26748915574195  h
-7.30057173287681  0.27787759551063  -2.76045451494499  h
-6.62399574626791 -2.99550505112080  -2.57963959270211  h
-7.25545313759609  0.87791675308881   2.08942645659303  h
-7.17646888646578 -2.46676573911274   2.00226054511774  h
-4.95700975591674 -0.81256042083820   3.83808717958296  h
 4.21397841297178  5.76436140709438  -1.78677598550183  h
 4.21998687976871  2.95411198607881  -3.57067054533140  h
 1.56683759009618  4.96618597931051  -3.65383538597955  h
$end