$coord
 2.59952048323910  2.81701145786797   3.71835579428808  c
 5.17123625700977  2.49200591448440   2.46253507412026  c
 5.15919479571567  1.26810887349130  -0.19205811314384  c
 3.16349027612217 -0.95124564389813  -0.34623410004377  c
 0.56186022395703 -0.55755806608988   1.06116093602939  c
 1.13128131508544  0.33717454701818   3.77138050762461  c
 2.53231196899683 -1.51705340368602  -3.11726584977352  c
 1.07804365890532 -3.98807070117020  -3.35837430971354  c
-1.35576491926332 -3.97340445337360  -1.79696847677176  c
-1.04953434029559 -3.10933214114937   1.00102814410566  c
-1.49739708291055  1.32494734630066   0.08763774226272  c
-3.67507139874316 -2.20856555636676   1.83852309544508  c
-3.87538254983334  0.30427352341220   0.62630642139780  c
-6.17485321176785  1.42991389168471   0.06890673041991  c
-6.16689670265312  3.76419747569626  -1.10860349325557  c
-3.86542361302779  4.89864560289342  -1.54578034712479  c
-1.56962388941193  3.77662056283502  -0.90568581041725  c
 0.52874286318139  5.27426959877248  -1.23412716275732  o
-8.34463940729627  0.17554890446318   0.68931007145633  o
 4.82502887901622  3.05351385739788  -2.13406873941184  o
 7.90273950498579  0.41643989169712  -0.71299041548349  c
 4.56652330500104 -3.24092186533993   0.77323569392176  c
-2.64745387849603 -6.54739506887163  -2.06726536204182  c
-0.36351951921067 -5.29074693268669   2.79610644008386  c
 2.89446546207216  3.47250232086416   5.65617522948572  h
 1.50757067786409  4.26121628318987   2.74931184084432  h
 6.34636470880508  1.33100737881026   3.69922829012519  h
 6.09125609778028  4.33145767388192   2.28880579979342  h
-0.62577981444199  0.61164690971895   4.81523771077328  h
 2.25374424777286 -1.06767234360803   4.77469536169359  h
 1.39542843382288  0.02286246942623  -3.88668837098241  h
 4.26478368492588 -1.61634947566439  -4.22918713499858  h
 0.56448277340174 -4.27380778347682  -5.33942470164689  h
 2.27366401167701 -5.57699905210092  -2.82082660288799  h
-2.59705646537570 -2.56872176558578  -2.67865121271058  h
-3.78333767409440 -2.02445217291882   3.89230135003765  h
-5.19366967659140 -3.46496183892439   1.25074207119011  h
-7.90587084826096  4.69765698253062  -1.63339518609584  h
-3.82217706189415  6.76154875484861  -2.39147316150995  h
 0.06701168641617  6.80227276859198  -2.11485650011845  h
-9.78118526541724  1.16634028063785   0.16624490081237  h
 3.21997389748250  3.88115634684953  -1.87620430921986  h
 9.01473608653730  2.13783470544329  -0.87857129752689  h
 8.71356247742021 -0.73599826796562   0.77266108225318  h
 8.02494369348084 -0.56392794829953  -2.51128964854219  h
 5.33109237816226 -2.81345896531520   2.62818073937674  h
 3.38272265265085 -4.87794593219874   0.93618312204480  h
 6.11799701011490 -3.75310000327758  -0.46604006904937  h
-1.41335300447473 -8.07579372718870  -1.46636024899398  h
-4.38493133890270 -6.65305654062928  -0.97929246073139  h
-3.11924683360817 -6.86582831240955  -4.04334075987695  h
-2.10603219550774 -6.15726666398697   3.46623798439396  h
 0.71419318893474 -6.79330653591164   1.90788935812582  h
 0.66273351257128 -4.62949128647895   4.44340515575665  h
$end