! r2scan-3c
! DEFGRID2
! scfconv6
! miniprint nopop noautostart
%MaxCore 2500
%pal
    nprocs 12
end
*xyz 0 1
C    1.3756069984   1.4906982657   1.9676691475
C    2.7365003782   1.3187127388   1.3031174417
C    2.7301283113   0.6710543165  -0.1016327766
C    1.6740469603  -0.5033775165  -0.1832191953
C    0.2973236261  -0.2950470222   0.5615421842
C    0.5986482908   0.1784250863   1.9957286174
C    1.3400417843  -0.8027900886  -1.6495860473
C    0.5704761364  -2.1103961296  -1.7771751496
C   -0.7174398983  -2.1026350855  -0.9509147662
C   -0.5553896547  -1.6453877095   0.5297212811
C   -0.7923884116   0.7011319410   0.0463758960
C   -1.9447640318  -1.1687225607   0.9729045234
C   -2.0507641280   0.1610146144   0.3314270851
C   -3.2675915989   0.7566778447   0.0364638714
C   -3.2633811956   1.9919275206  -0.5866477043
C   -2.0454940856   2.5922516162  -0.8179917324
C   -0.8306091916   1.9985015352  -0.4792682909
O    0.2797986735   2.7910232746  -0.6530719696
O   -4.4157930056   0.0928964796   0.3647671809
O    2.5532953236   1.6158499458  -1.1293005429
C    4.1819496479   0.2203705003  -0.3772982793
C    2.4165000650  -1.7150219927   0.4091787077
C   -1.4009722588  -3.4647322597  -1.0939497180
C   -0.1923662452  -2.7997427042   1.4796358067
H    1.5316851596   1.8375690922   2.9931190310
H    0.7977720462   2.2549385468   1.4548731712
H    3.3583515745   0.7043387721   1.9575473082
H    3.2233539113   2.2921086900   1.2111838689
H   -0.3311484167   0.3236696056   2.5481140605
H    1.1926300946  -0.5649878727   2.5266599733
H    0.7384289263   0.0120982978  -2.0567469109
H    2.2568263345  -0.8553353070  -2.2379894515
H    0.2987114195  -2.2616016818  -2.8255018702
H    1.2031711797  -2.9512208023  -1.4927171535
H   -1.3743030963  -1.3593090189  -1.4174811771
H   -2.0020560774  -1.0712939540   2.0597171715
H   -2.7483716326  -1.8335788410   0.6618642005
H   -4.1836066834   2.4858930187  -0.8643555085
H   -2.0226089963   3.5780575099  -1.2655130970
H    0.0354610573   3.5996077299  -1.1191338637
H   -5.1759803358   0.6172006964   0.0879730129
H    1.7039368055   2.0538194898  -0.9928445630
H    4.7703928972   1.1312934063  -0.4649199086
H    4.6110186868  -0.3894735105   0.4088746363
H    4.2466173195  -0.2984178187  -1.3289172514
H    2.8210925945  -1.4888183676   1.3907733528
H    1.7900597378  -2.5812978222   0.4954067732
H    3.2375045927  -1.9860549911  -0.2466177838
H   -0.7479142006  -4.2735259985  -0.7759644264
H   -2.3204057349  -3.5206459026  -0.5182192528
H   -1.6506343388  -3.6332398753  -2.1396437851
H   -1.1144642428  -3.2582851986   1.8342541481
H    0.3779347596  -3.5948630039   1.0096115688
H    0.3507034716  -2.4498212858   2.3513487462
*
