   -0.00943900
   -0.03415078
   -0.06255022
   -0.05528283
   -0.03755129
    0.11653063
   -0.07464953
    0.00914739
   -0.49622402
    0.07933168
   -0.11305830
    0.01222623
   -0.11748726
    0.04797789
   -0.47764675
   -0.11907369
    0.04065616
    0.04203517
    0.03853506
    0.03703715
    0.03536189
    0.02665207
    0.05252223
    0.06046659
    0.32006566
    0.03049759
    0.04897093
    0.03549323
    0.03509300
    0.03490107
    0.03949525
    0.30612583
    0.04653882
    0.04923247
    0.05221968
