           1           2  0.957915592370897     
           2           3  0.987358659238986     
           3           4   1.00884291533368     
           4           5  0.981221759529383     
           1           6  0.960585609760868     
           5           6  0.963132231669652     
           1           7  0.982818602838771     
           5           8  0.994682698816734     
           7           8   1.00654880316348     
           6           9  0.997525458227902     
           1          10  0.975792713206477     
           8          11   1.93544249479391     
           2          12  0.996660057288252     
          12          13   1.91418813248237     
           2          14  0.958731071986009     
          10          15  0.992211899045004     
          12          16   1.02455375212187     
           3          17  0.975400738312859     
           3          18  0.976241073015771     
           4          19  0.967028211325301     
           4          20  0.975536428105057     
           5          21  0.965494554079707     
           6          22  0.956226839589147     
           7          23  0.963889353452736     
           7          24  0.954774680624296     
           9          25  0.850872242797903     
          10          26  0.968596016871763     
          10          27  0.969132745716286     
          11          28  0.974798194243584     
          11          29  0.974835660624224     
          13          30  0.973713001236841     
          13          31  0.961319651556094     
          15          32  0.886984148447359     
          16          33  0.983510354715512     
          16          34  0.971362982082078     
          16          35  0.965269200256500     
