$coord
-3.26008041178426 -1.82218085460470   4.39817595188370  c
-3.96202419627369 -3.35311904805224   2.03362178941505  c
-4.92324385476878 -1.55078220413301  -0.09340829192993  c
-3.18703452309937  0.90275596312992  -0.31481243009382  c
-0.56043033017633  0.61847435417363   1.03217605058807  c
-0.97497440746512 -0.05907092347458   3.88657453911930  c
-2.71933246346217  1.57837026203415  -3.12543739679108  c
-1.14502512851019  4.02274875690234  -3.38910114015200  c
 1.40651198686540  3.83222455038377  -1.98255248864138  c
 1.07096036222725  3.14440711128980   0.86057978188299  c
 1.47681138223218 -1.30387295513878   0.00099231807707  c
 3.64029480176471  2.21086237917482   1.90166928715167  c
 3.83135170259036 -0.39986894830072   0.79745086800489  c
 6.08314827064357 -1.65532889749604   0.46919300015008  c
 6.05081349723259 -3.98653560727100  -0.78076636714679  c
 3.79022776141618 -4.87735906829840  -1.67881318143010  c
 1.47618181493424 -3.58479168592823  -1.34912217485019  c
-0.48203973956646 -4.82974862080956  -2.44482152585938  o
 8.26753793579261 -0.54287144263829   1.35085149724224  o
-4.87072580012662 -2.81560538256127  -2.48801943793119  o
-7.76618913200478 -0.97298615367107   0.43058528028831  c
-4.66161526993307  3.12106865829495   0.91404795797096  c
 2.93174036447562  6.29359096075746  -2.38229634760534  c
 0.29153062896880  5.51368148437986   2.40005034197621  c
-4.87807176069728 -0.73087028085595   5.00343659200019  h
-2.80045164521023 -3.09994801109597   5.93036291872592  h
-5.42710357746108 -4.71038311846433   2.47322837198487  h
-2.32665082308757 -4.39456234711042   1.39234557034279  h
 0.72146913322614 -0.95593673045947   4.58050451259918  h
-1.22254260264881  1.64950200998689   4.96759324322618  h
-1.70955336494672  0.05772429687294  -4.04297501255210  h
-4.51166190429166  1.79336758538461  -4.08708451001813  h
-0.76618212398704  4.35173184017148  -5.37350441490102  h
-2.19861026744534  5.63628394174634  -2.71783484673497  h
 2.45527386164371  2.30541511243587  -2.84048285623292  h
 3.61703205445281  2.17859649991015   3.94865669789498  h
 5.20303372223955  3.39150592228165   1.32224514887080  h
 7.77244646242627 -5.03775373747315  -1.07748054845621  h
 3.69966835533774 -6.63792946144574  -2.70493316576336  h
-2.05125145853237 -3.85052488345977  -2.64120683445678  h
 9.71792804492122 -1.60738488437278   0.95835010469980  h
-6.02248348307492 -4.25216401069940  -2.45084650057886  h
-8.54993594717392  0.21880042568100  -1.03474505638030  h
-8.79380204076399 -2.74469538914942   0.43747790792806  h
-8.04606681842163 -0.08117367457666   2.24518272775930  h
-5.00183255879627  2.79728845178580   2.89652709332864  h
-3.65077013254243  4.86059706183290   0.72480214164739  h
-6.45108072614901  3.36888928073203  -0.02626259247087  h
 1.87408034813498  7.92359000523419  -1.74808243996952  h
 4.71098546059453  6.24377973945331  -1.37573386897396  h
 3.33173132387018  6.53439272069205  -4.37591048816881  h
-0.84501312650866  6.81044233536864   1.31451258095721  h
-0.71403537343885  5.05032030572085   4.11278223314229  h
 1.99663033148251  6.51173773148181   2.93159640051251  h
$end
