$coord
         -3.001519877477         -2.769964301760          3.677370864149     c 
         -5.437333644494         -2.421841338200          2.137185239959     c 
         -5.101858648459         -1.253086085376         -0.555534544334     c 
         -3.076650060320          0.996045204204         -0.527075786299     c 
         -0.543323152055          0.501994526554          1.108416469737     c 
         -1.386443666341         -0.363646591698          3.779211506356     c 
         -2.208270443819          1.590738335953         -3.251794682194     c 
         -0.905322551840          4.174848018407         -3.373527943748     c 
          1.352048829916          4.416504015492         -1.519845981299     c 
          1.070092607723          3.115739944866          1.198838051155     c 
          1.526453057339         -1.443093723648          0.194118996712     c 
          3.773014875207          2.132271899206          1.763825348796     c 
          3.909865727981         -0.359100496312          0.507691075943     c 
          6.181310827304         -1.481474310901         -0.219158492763     c 
          6.072549695165         -3.895954758720         -1.232780864782     c 
          3.792510686497         -5.130959676731         -1.350644641090     c 
          1.522535831190         -4.015274757655         -0.546247756954     c 
         -0.545071379671         -5.612768587228         -0.350923430281     o 
          8.421457787512         -0.155729554409          0.097216510955     o 
         -4.406721117984         -3.109965052926         -2.395057237164     o 
         -7.747612942965         -0.340707593526         -1.406125488850     c 
         -4.508011446862          3.322804850490          0.504172074957     c 
          2.175352628722          7.183610583147         -1.335968271399     c 
          0.379801734680          4.947418472209          3.359348805151     c 
         -3.460153305716         -3.396055518151          5.604222382674     h 
         -1.887035679687         -4.315884329956          2.880593440077     h 
         -6.758399635878         -1.247796400592          3.212561179961     h 
         -6.392239850025         -4.244533398134          1.904743692112     h 
          0.290616260043         -0.660250100133          4.957702828905     h 
         -2.462254680972          1.141007480361          4.700434240493     h 
         -0.912494284049          0.105072013482         -3.881598711377     h 
         -3.823739143853          1.504813228741         -4.542793568087     h 
         -0.245218655274          4.536834514765         -5.308306009986     h 
         -2.261412016077          5.696215236454         -3.021204886442     h 
          2.910943466658          3.376854844059         -2.433340418494     h 
          4.091524029209          1.928375708920          3.797981806690     h 
          5.239582412141          3.402787112388          1.047372594004     h 
          7.793397446257         -4.799316235175         -1.834821484971     h 
          3.735199653706         -7.054217698061         -2.010171668385     h 
         -0.038042872437         -7.348722981602         -0.767292755372     h 
          9.842999938057         -1.196449652245         -0.486577533785     h 
         -2.922175790583         -4.002455932825         -1.760297070599     h 
         -8.987246558930         -1.966319064812         -1.636650383476     h 
         -8.626299539211          0.914069057308         -0.032394932666     h 
         -7.652322831671          0.612033555442         -3.224482603062     h 
         -5.207702837796          3.009329022560          2.412372723828     h 
         -3.337667875409          4.999935324690          0.510862998713     h 
         -6.113441433215          3.800508865398         -0.689378024683     h 
          3.883301156594          7.407649012538         -0.205558681992     h 
          2.555575577267          7.977748929341         -3.200093372504     h 
          0.696863362763          8.331451518338         -0.476534788184     h 
          1.774368864416          6.455139751464          3.494543674069     h 
         -1.453043656485          5.845794457035          3.162663422828     h 
          0.399732679369          3.982115292514          5.176772068010     h 
$end
