   -0.00881240
   -0.03226231
   -0.06187375
   -0.06161192
   -0.02788979
    0.11503493
   -0.06754977
    0.01801611
   -0.48182347
    0.07994096
   -0.11304182
    0.00798618
   -0.11108130
    0.05046110
   -0.47657264
   -0.11051563
    0.04090332
    0.03997212
    0.04403463
    0.04079721
    0.04557885
    0.01633560
    0.05006931
    0.04666248
    0.30446873
    0.02354462
    0.04404023
    0.03340006
    0.03424625
    0.02876694
    0.03899762
    0.31047080
    0.04354670
    0.04319079
    0.05256925
