           1           2  0.956218671411173     
           2           3  0.991646351324628     
           3           4   1.00832607214167     
           4           5  0.978837843660834     
           1           6  0.959576609423012     
           5           6  0.977448829384062     
           1           7  0.981348201208916     
           5           8  0.995098647185719     
           7           8   1.00529386100052     
           6           9  0.979549138077432     
           1          10  0.979699579595516     
           8          11   1.93742792052407     
           2          12  0.995872767030812     
          12          13   1.92791986895899     
           2          14  0.958487072234266     
          10          15  0.994564278877981     
          12          16   1.02594737798404     
           3          17  0.973210228996427     
           3          18  0.975485220764360     
           4          19  0.972005139370669     
           4          20  0.976191852631784     
           5          21  0.962793141819652     
           6          22  0.955727319843096     
           7          23  0.958233782518157     
           7          24  0.964778476387687     
           9          25  0.889580510862532     
          10          26  0.964334077369375     
          10          27  0.968032388842470     
          11          28  0.975145946165901     
          11          29  0.974908703028330     
          13          30  0.975305146654686     
          13          31  0.974016717458014     
          15          32  0.886231807201081     
          16          33  0.962636674284111     
          16          34  0.982934055465720     
          16          35  0.967453062165221     
