$coord
          3.000355271135          2.770657693037          3.677194729803     c 
          5.436384441209          2.423257331011          2.137121874821     c 
          5.101628460009          1.253633278383         -0.555346415672     c 
          3.077094195064         -0.996090424408         -0.526649339762     c 
          0.543266261679         -0.502133138148          1.108127866083     c 
          1.385731253278          0.364035642422          3.778971887045     c 
          2.209625089532         -1.591922211095         -3.251428223118     c 
          0.907028274998         -4.176223679945         -3.372604322597     c 
         -1.351302124347         -4.416978502630         -1.520111088667     c 
         -1.070023030835         -3.115982857239          1.198450870515     c 
         -1.526493215514          1.442859363797          0.193438148880     c 
         -3.773035646872         -2.132613806384          1.763104715618     c 
         -3.909887015920          0.358821105237          0.507070377899     c 
         -6.181440471751          1.481362594832         -0.219216589723     c 
         -6.072840224643          3.895974953458         -1.232519373180     c 
         -3.792801183849          5.130933252686         -1.350632221226     c 
         -1.522710126082          4.015121673973         -0.546714577449     c 
          0.544873024978          5.612678175739         -0.351670683650     o 
         -8.421601808238          0.155686473942          0.097395991475     o 
          4.406331790610          3.109781257228         -2.395546126635     o 
          7.747818986224          0.341828472182         -1.405182109670     c 
          4.508724978102         -3.322097407399          0.505882991275     c 
         -2.175491509394         -7.183805429962         -1.336025739837     c 
         -0.379964507912         -4.947469403543          3.359177444253     c 
          3.458759923671          3.396794962806          5.604080476368     h 
          1.885519294434          4.316340645665          2.880466233760     h 
          6.757961400884          1.250133191663          3.212859919384     h 
          6.390406169203          4.246356449254          1.904264974469     h 
         -0.291619933922          0.660423449412          4.957123972039     h 
          2.461634060401         -1.140310363867          4.700575342757     h 
          0.913901015145         -0.106598386712         -3.882159492447     h 
          3.825478104645         -1.506363861328         -4.541964987680     h 
          0.248008291221         -4.539302305055         -5.307556594923     h 
          2.263003860759         -5.697307009376         -3.018612420905     h 
         -2.909582875678         -3.377069837620         -2.434364077920     h 
         -4.091921869799         -1.928890709893          3.797212245484     h 
         -5.239408510854         -3.403156112378          1.046293119821     h 
         -7.793794398675          4.799437949770         -1.834111691414     h 
         -3.735579732761          7.054272976317         -2.009946721627     h 
          0.037755884873          7.348631911166         -0.767922668099     h 
         -9.843259694104          1.196620861220         -0.485778015284     h 
          2.921715185202          4.002340975308         -1.761080119913     h 
          8.987021142038          1.967720400721         -1.636063400563     h 
          8.626667425403         -0.912232714801         -0.030907147061     h 
          7.653121874711         -0.611536071865         -3.223230709302     h 
          5.208192407410         -3.007499526908          2.414002551817     h 
          3.338701190610         -4.999398773297          0.513190933797     h 
          6.114334709329         -3.800123990023         -0.687283100934     h 
         -0.697800666631         -8.331875977816         -0.475915503807     h 
         -3.884121826577         -7.407166695524         -0.206072069303     h 
         -2.555234288968         -7.978055052102         -3.200090326059     h 
         -1.774977306648         -6.454728268937          3.494741348303     h 
          1.452445089394         -5.846641512526          3.162272798540     h 
         -0.399152204111         -3.981998976110          5.176488385581     h 
$end
