           2           1   1.00995229867219     
           3           2  0.990839994422383     
           4           1  2.969794927579116E-003
           4           2  2.511143377186726E-003
           4           3  0.955992938012743     
           5           2  2.802301445964476E-003
           5           3  2.062434564563610E-003
           5           4  0.966435840892293     
           6           1   1.00722124636713     
           6           2  2.232694315086485E-003
           6           3  2.454298105956577E-003
           6           5  0.981466156463957     
           7           2  7.769351419607262E-003
           7           4  0.993519202356765     
           7           6  8.005259476020739E-003
           8           3  1.109462970814049E-002
           8           5  2.294706552631593E-003
           8           7   1.00576827582501     
           9           4  2.374101636360179E-003
           9           6  8.075288415199351E-003
           9           8  0.999997292716293     
          10           1  1.159431052404518E-002
          10           3  9.654410426808941E-003
          10           5  0.953537626658094     
          10           9  0.979111694899553     
          11           4  3.284237423143065E-003
          11           5  0.964927049521037     
          11           6  3.151837675950922E-003
          11          10  5.419553085585725E-003
          12           4  7.577390303372378E-003
          12           5  4.708930962100615E-003
          12           6  4.442153695009402E-003
          12           8  9.296877414629581E-003
          12          10  0.988684471091064     
          12          11  5.090863890421959E-003
          13           4  7.461720752882091E-003
          13           5  4.963229377446870E-003
          13           6  8.473027371494555E-003
          13           9  2.038294714506572E-003
          13          10  4.456128014052829E-003
          13          11   1.37242610413746     
          13          12   1.00570228680522     
          14           5  1.025602096718897E-002
          14          10  8.487328288866088E-003
          14          11  5.650914458830072E-003
          14          12  5.143613551351043E-003
          14          13   1.36254195105626     
          15           6  3.815706190927846E-003
          15          11  9.911828406130391E-002
          15          12  1.131212817431158E-002
          15          13  7.526867051061306E-003
          15          14   1.34661023201441     
          16           5  1.362327662060268E-002
          16          11  8.442416768515074E-003
          16          13  0.100382607840955     
          16          14  7.649942598077010E-003
          16          15   1.46691471600373     
          17           5  9.786379947929377E-003
          17           6  7.848196510674778E-003
          17          10  6.886435089869912E-003
          17          11   1.34272180329484     
          17          12  8.758128509754021E-003
          17          13  4.983111556356264E-003
          17          14  7.320301065692196E-002
          17          15  6.156416187833887E-003
          17          16   1.33085812454430     
          18           1  3.463035468797379E-003
          18           3  2.224553253343341E-003
          18          11  7.781769011867432E-002
          18          12  2.108837726873136E-003
          18          13  1.280900154840091E-002
          18          14  2.761802604385543E-002
          18          15  1.024564169178898E-002
          18          16  5.322553601922599E-002
          18          17   1.11325520852043     
          19          11  1.233790854565964E-002
          19          12  3.603184026180513E-003
          19          13  5.414066174485634E-002
          19          14   1.08322347128358     
          19          15  6.358828629136536E-002
          19          16  1.295016548159166E-002
          19          17  2.461756835818237E-002
          19          18  7.849830561433201E-003
          20           2  6.325681046077250E-003
          20           3  0.969943828522856     
          20           4  2.199017097066048E-002
          20           7  6.502867812497875E-003
          20          18  7.300856001525564E-002
          21           1  9.984927557280131E-003
          21           2  4.077084154657722E-003
          21           3  0.998035049923266     
          21           4  2.741132605504203E-003
          21           5  9.138036957820516E-003
          21           7  3.220887278700864E-003
          21          20  1.788074240121622E-002
          22           2  2.529248872123053E-003
          22           3  3.191477614233969E-003
          22           4  0.999558320002380     
          22           6  3.913429259653943E-003
          22           8  6.792428635137990E-003
          22          10  2.119698391302248E-003
          22          11  9.735013206187176E-003
          22          20  8.814927589891136E-003
          22          21  8.405993437777915E-003
          23           5  9.659574644397368E-003
          23           7  1.109003807809644E-002
          23           8  3.480360634756788E-003
          23           9   1.01274228735002     
          23          12  6.302399780958068E-003
          24           5  3.163230604093193E-003
          24           6  6.795967277477703E-003
          24          10   1.00782588144412     
          24          11  8.197239399959566E-003
          24          12  3.276912371223950E-003
          24          13  8.280512755992534E-003
          24          22  1.575549273017721E-002
          24          23  5.242005589564821E-003
          25           1  0.977081397923196     
          25           3  1.078202554101015E-002
          25           5  1.053480791706386E-002
          26           1  0.969546309423195     
          26          18  4.717466002611245E-003
          26          25  2.402026180309462E-003
          27           2  0.972326894406976     
          27          20  8.374567805830384E-003
          27          26  9.814975809096444E-003
          28           2  0.973043864670118     
          28           4  7.799948466707556E-003
          28           6  1.075086458832634E-002
          28          20  6.838037303851508E-003
          28          27  2.013412074921278E-003
          29           2  1.059130324612982E-002
          29           4  8.739655493349633E-003
          29           6  0.971806468765316     
          30           6  0.965444235326478     
          30          11  8.605654759475551E-003
          30          26  9.387668593459136E-003
          31           7  0.972374446833298     
          31          20  3.735884748981025E-003
          31          22  9.255056876376457E-003
          32           5  8.939788655330492E-003
          32           7  0.972977118471826     
          32           9  1.049826447225673E-002
          33           4  1.065524500312563E-002
          33           8  0.975989321546179     
          33          10  9.772820359719782E-003
          34           8  0.971441037955780     
          34          31  9.480404622920520E-003
          34          33  3.059639156212356E-003
          35           9  0.969311045121342     
          35          24  7.760329101053677E-003
          35          34  8.964438490138999E-003
          36           9  8.329668009269478E-003
          36          11  8.820163022283875E-003
          36          12  0.957131691300676     
          36          14  6.571704581639119E-003
          36          16  4.238312319341114E-003
          37           5  8.372716793908665E-003
          37          11  8.694242006967097E-003
          37          12  0.961347613355473     
          37          19  5.514441762214353E-003
          37          36  2.376914101767937E-003
          38          13  9.049281979501346E-003
          38          15  0.966365681727286     
          38          17  1.100056980277118E-002
          39          11  8.150304012089445E-003
          39          14  1.066858735375410E-002
          39          16  0.967222594836969     
          39          18  6.850734893841697E-003
          40          16  7.062644041252813E-003
          40          18  0.871033200479260     
          40          20  0.131586591670790     
          41          13  6.671004781183809E-003
          41          19  0.978604241026526     
          42           2  8.486496976246882E-003
          42          20  0.977551729426135     
          43           2  8.592603062582518E-003
          43          21  0.977403964340259     
          44           4  8.714013293250288E-003
          44          20  1.134687621258245E-002
          44          21  0.977339389455519     
          45          20  1.029330367274230E-002
          45          21  0.978020088362344     
          46           7  9.336658472425730E-003
          46          22  0.977276288833714     
          47           3  8.537612536623315E-003
          47          22  0.959931402682056     
          48           5  8.876868762741191E-003
          48          22  0.976717403685837     
          49           8  1.005762359419078E-002
          49          23  0.977087929548828     
          49          37  2.519146537930150E-003
          50          10  1.027997433350669E-002
          50          23  0.981357538029929     
          51          23  0.978426475978232     
          51          35  9.771471061560850E-003
          52          12  7.366953857581504E-003
          52          24  0.964802826228533     
          52          47  1.128608185855342E-002
          53           9  7.625543686921823E-003
          53          24  0.976449986958225     
          53          30  2.600601938639716E-003
          54           5  7.362476139283382E-003
          54          22  2.754478207849704E-003
          54          24  0.975871177163176     
