   -0.07104309
   -0.06675907
   -0.05000540
   -0.03573129
   -0.05892257
    0.07096830
   -0.02428296
   -0.04578217
   -0.20612153
    0.05193336
   -0.01339019
    0.01546021
   -0.06742812
    0.02562181
    0.00512857
   -0.03496984
   -0.03829038
   -0.02014163
    0.28883409
   -0.02084862
   -0.05055031
   -0.72781754
    0.05465660
    0.35976530
   -0.47534037
   -0.26637533
    0.02956741
    0.05688197
    0.05583446
    0.05263532
    0.04630628
    0.03060419
    0.03404769
    0.03530003
    0.03174733
    0.16134992
    0.04121512
    0.08024518
    0.04631612
    0.05186127
    0.05438102
    0.05790102
    0.07373034
    0.07040076
    0.05423698
    0.05524324
    0.05378610
    0.06988231
    0.08847624
    0.06948190
