$coord
-0.81112915347060  0.09829936476968  -4.83155753091454  c
 2.07483111947550  0.23741538421181  -4.95704962889078  c
-4.92743320284456  6.01440210749053   1.27779447141387  c
-7.10167869241709  4.92794591749304   0.25336649656718  c
-6.95111837196131  2.57975747364665  -0.89046507415977  c
-4.65990897870162  1.24989023740125  -0.96698206471897  c
-2.49824099270970  2.22516513913322   0.24162316579849  c
-2.68017379472066  4.65789422422287   1.27344032528936  c
-4.52194757412415 -0.96279466654678  -2.41305370183494  n
-1.97651659091223 -1.81889189531753  -2.94526699900245  c
-0.32125033526490 -2.08943745261848  -0.51174311593653  c
-0.14931351717295  0.59422390056546   0.74965107858999  c
 2.35637996768452 -2.79866278298655  -1.43454253682685  c
 3.35130417209367 -0.21433857748136  -2.37891890178459  c
 2.37369810010428  1.57118973742403  -0.35030755615308  c
 6.15409219866526  0.20350900345642  -2.70761539602480  c
 7.51013487214342  1.78094278882599  -1.27964927047619  c
 6.50001499239179  3.01447602077907   1.08448614121115  c
 4.26943452618086  1.48391647254209   1.90929527709763  n
 2.62567803593597  2.42581694428774   4.00852402330414  c
 0.34105542451296  0.67499563990874   3.69073979285072  c
 5.09886717477725 -0.85081072187305   2.59477411121791  o
 2.28969820938625  3.54957943968774  -0.96257060410938  h
-1.56115745434578 -3.99441261616341   1.20449498360352  c
-3.42253956062922 -3.56690464897491   2.48655502761719  o
-0.43146857131657 -6.27003218313748   1.11107927884949  o
-1.55197106086488 -8.20662310184802   2.68155565637960  c
-1.58615210055385 -0.32034055280251  -6.70492749910001  h
-1.52405338387431  1.97291276764583  -4.32538848475731  h
 2.82604878102896 -1.20737880474636  -6.24229751902349  h
 2.63348980170845  2.08056205442321  -5.72629034104856  h
-4.98804566949657  7.89090464915765   2.10638743574770  h
-8.88865632667981  5.93940635392074   0.28789713208681  h
-8.59256693882376  1.75224582949841  -1.80982650328225  h
-1.03815118692456  5.51449491426985   2.15445487013661  h
-5.76964514839841 -2.32418432828940  -1.91936276720027  h
-2.08921390443101 -3.69354608539091  -3.82286759842711  h
 3.51527363294295 -3.51596365845712   0.09741190115390  h
 2.26404624182332 -4.18758221086940  -2.96894920589703  h
 7.04049340966290 -0.71435402315361  -4.32341645928896  h
 9.48860045590684  2.13051375995653  -1.70951463759519  h
 5.94705184561917  4.99601440502031   0.79087488072291  h
 7.88706711597382  2.92202604314343   2.61545607597981  h
 3.64442558582070  2.17736264481722   5.78528119343182  h
 2.18121789786638  4.42679605565213   3.71318752816990  h
-1.31332519649945  1.36659974764047   4.70611782987281  h
 0.83755546473626 -1.18892169772196   4.41731361104961  h
-3.45366377505480 -8.66186158141340   2.00819451146195  h
-0.30828492576632 -9.84130531814693   2.50794267883685  h
-1.64753818116989 -7.56740022702310   4.64510091676583  h
$end
