           1           2   1.00691051405780     
           3           4   1.41278943875599     
           4           5   1.46957416445315     
           5           6   1.35105675457490     
           6           7   1.32782902980153     
           3           8   1.44481174233814     
           5           8  0.102866529723349     
           7           8   1.41533599321689     
           6           9   1.12596144054082     
           1          10  0.979963877655123     
           9          10   1.01260016785733     
          10          11  0.920958594931128     
           7          12  0.987443602993592     
          11          12  0.951601112168906     
          11          13  0.981073546991276     
           2          14  0.969765378662761     
          13          14  0.967309706456865     
          12          15  0.965536745409440     
          14          15  0.977431333395053     
          14          16   1.00231756647642     
          16          17   1.93094779861899     
          17          18   1.01353008168022     
          15          19  0.899694933100574     
          18          19  0.945134176654913     
          19          20  0.945717373847863     
          12          21  0.963484869782295     
          20          21   1.00510580940759     
          19          22   1.01806078976305     
          15          23  0.961527222279988     
          11          24  0.964238121885353     
          24          25   1.69298598415284     
          24          26   1.15552799489663     
          25          26  0.168749253332994     
          26          27  0.941675140421923     
           1          28  0.973216028854005     
           1          29  0.968617925567218     
           2          30  0.974255141804222     
           2          31  0.975026488334321     
           3          32  0.971238907568036     
           4          33  0.970564473187374     
           5          34  0.967950939208022     
           8          35  0.959897718254888     
           9          36  0.939527007736661     
          10          37  0.967110780225702     
          13          38  0.957488144874078     
          13          39  0.973768595691814     
          16          40  0.963999045598657     
          17          41  0.964679912864309     
          18          42  0.956067033102356     
          18          43  0.964248203866819     
          20          44  0.971955498223645     
          20          45  0.962764088926323     
          21          46  0.974509081920003     
          21          47  0.972485058371946     
          27          48  0.976463051406065     
          27          49  0.979237627651456     
          27          50  0.976861229264829     
