    0.00156391
   -0.03373865
   -0.06353584
   -0.05779343
   -0.03405293
    0.11527821
   -0.07330745
    0.01669797
   -0.48869198
    0.08225174
   -0.11350464
    0.01863262
   -0.11206883
    0.04605258
   -0.47538266
   -0.11505379
    0.04227868
    0.04182435
    0.03679682
    0.04157411
    0.03336218
    0.02218160
    0.05403503
    0.05236393
    0.30512043
    0.04625952
    0.03096125
    0.03471715
    0.03438195
    0.02767767
    0.02829210
    0.30973142
    0.04115438
    0.06100090
    0.04293969
