$coord
 0.24755200046705 -1.08447766375665   0.79172818642874  c
-1.82150706874327  0.98946757589953   1.37244672168439  c
-0.66728629294795  3.69473959314050   1.07110274768286  c
 1.12129744570434  4.04735247512243  -1.21562124009438  c
 2.92675825577192  1.75733062147986  -1.53085841069411  c
 1.29502048717160 -0.62978528832741  -1.90898601973830  c
 2.62634709457567 -0.57187484765221   2.48248587497835  c
 4.29214627633539  1.21313962252522   0.94206173316050  c
 2.75717018237236 -2.81045175500811  -2.62355624812961  o
-0.69237591782486 -3.82412822369012   1.19993165719761  c
 6.54448734124669  2.12974183631765   1.63156047088909  c
-4.35965840912487  0.65276765550303   0.00307782215982  c
-4.91353297229182  1.67008332239479  -2.25680277709103  c
-2.25020938459082  0.76804819364932   3.40369838167113  h
-2.28096756650683 -4.77804461148130  -0.76894083287510  o
-6.37872942972730 -0.78071639363235   1.45355887637690  c
-2.20357540549642  5.09415679069920   0.98982086633990  h
 0.40940307175324  4.12726137544724   2.79975077530564  h
 0.04682982451942  4.29770300655240  -2.98198170015601  h
 2.23858900413481  5.78481273894527  -0.95276072424096  h
 4.23096806737594  2.10239076887602  -3.11956810844928  h
-0.22422439860662 -0.30812749346158  -3.29872295000005  h
 3.64712722846212 -2.34893383225690   2.85544034760135  h
 2.11857374478550  0.21903995123156   4.34013598287294  h
 3.57187609039679 -2.44206510133937  -4.24391986427005  h
-1.80715698833722 -3.92830910302527   2.95550179294084  h
 0.96060718448420 -5.07164383968933   1.46061884471426  h
 7.39214012493338  1.67742200757379   3.46018221814682  h
 7.63275471760880  3.37171683873572   0.39082318172882  h
-6.78199458098274  1.42471205569776  -3.10091485703549  h
-3.57490324674261  2.78151512746417  -3.35820206510466  h
-1.20882772755695 -4.93104140103621  -2.26981701458151  h
-8.18328285693441 -0.80358623216092   0.42070659339375  h
-5.82558770204578 -2.75364597381245   1.80373258121951  h
-6.71029371020393  0.10205107839367   3.31417625143542  h
$end
