           1           2  0.958843154591363     
           2           3  0.985840765847308     
           3           4   1.00843937607665     
           4           5  0.978008191855842     
           1           6  0.968829942838799     
           5           6  0.975547639458706     
           1           7  0.980640346487301     
           5           8  0.995212598754009     
           7           8   1.00845790225862     
           6           9  0.972564777262536     
           1          10  0.977380494397595     
           8          11   1.93545466559748     
           2          12  0.997574774064552     
          12          13   1.92677457774229     
           2          14  0.961989529483595     
          10          15  0.994637195463184     
          12          16   1.02532895920125     
           3          17  0.976121597765905     
           3          18  0.977230645136072     
           4          19  0.969021801342695     
           4          20  0.975739262519627     
           5          21  0.961961929966243     
           6          22  0.955271363231375     
           7          23  0.956847149541985     
           7          24  0.963950886962483     
           9          25  0.888757567503189     
          10          26  0.969677781959291     
          10          27  0.967283662537355     
          11          28  0.975133542886658     
          11          29  0.974899084983119     
          13          30  0.974611956004047     
          13          31  0.967081171195624     
          15          32  0.886984001130840     
          16          33  0.984165539823765     
          16          34  0.964153770621229     
          16          35  0.973249452937366     
