    0.01891846
   -0.06247954
   -0.05582861
   -0.06284154
   -0.01544580
    0.11311249
   -0.03375832
   -0.06044825
   -0.06082167
   -0.03206199
   -0.32669646
    0.14179424
    0.01994013
    0.02173715
    0.00291297
   -0.10587637
   -0.11043052
   -0.11496577
   -0.10854194
    0.02878162
    0.03317305
    0.02677683
    0.02960978
    0.05191837
    0.03104958
    0.02908996
    0.02652111
    0.04475053
    0.03730344
    0.02790375
    0.05153823
    0.03106535
    0.03374811
    0.05045855
    0.03658931
    0.04940975
    0.03339561
    0.04467807
    0.03369729
    0.03751807
    0.03333136
    0.02947362
