           1           2  0.987868073069805     
           2           3   1.00625091141109     
           3           4   1.00516635978049     
           4           5  0.997383363871300     
           5           6  0.979517141217138     
           1           7  0.972672907473746     
           6           7  0.966555095957061     
           1           8  0.987441253361236     
           8           9   1.00782062180609     
           7          10  0.980801216676554     
           9          10  0.995594438223290     
           6          11  0.975311402013765     
          10          12  0.959859783785219     
          11          12  0.964265272382037     
           7          13  0.974132049360355     
          10          14  0.974416112683893     
           6          15  0.956824354515648     
           5          16   1.00574391206927     
          12          17  0.995680461250506     
          12          18  0.985806648547421     
           1          19  0.993556861568142     
           2          20  0.972805203790538     
           2          21  0.973624931087862     
           3          22  0.978765500685880     
           3          23  0.977964787209793     
           4          24  0.969690430649371     
           4          25  0.976314448221069     
           5          26  0.964696187261742     
           8          27  0.977594185797086     
           8          28  0.970364969151690     
           9          29  0.972158097824302     
           9          30  0.977455052079878     
          16          31  0.985913946187399     
          16          32  0.986225179011117     
          16          33  0.986292973929043     
          17          34  0.982001852138514     
          17          35  0.984757368085016     
          17          36  0.982347187980749     
          18          37  0.984547273018529     
          18          38  0.985175396807549     
          18          39  0.986331608439821     
          19          40  0.983474968842602     
          19          41  0.985126372656902     
          19          42  0.986028407248741     
