    0.00100447
   -0.03485971
   -0.06189943
   -0.05845310
   -0.03564605
    0.11842915
   -0.07253973
    0.01812661
   -0.48039729
    0.08371465
   -0.11332585
    0.00858451
   -0.11146846
    0.04816724
   -0.48894722
   -0.11628345
    0.04110082
    0.04314204
    0.03687942
    0.04159436
    0.03426158
    0.02003737
    0.05698812
    0.04998558
    0.30471955
    0.01838408
    0.05326755
    0.03414232
    0.03430690
    0.03308290
    0.03475933
    0.31120110
    0.04467144
    0.05079432
    0.05247487
