           1           2  0.959347693341747     
           2           3  0.983162127862029     
           3           4   1.00903925270816     
           4           5  0.979806501508181     
           1           6  0.969408431682818     
           5           6  0.972564655436427     
           1           7  0.980129012402769     
           5           8  0.994064641930750     
           7           8   1.00760490298556     
           6           9  0.978253347955071     
           1          10  0.979200166591204     
           8          11   1.93656345070701     
           2          12  0.996779248301981     
          12          13   1.91027203153143     
           2          14  0.963171481711624     
          10          15  0.997254182893939     
          12          16   1.02210283751854     
           3          17  0.976234788026469     
           3          18  0.976356971823097     
           4          19  0.970209970495177     
           4          20  0.975474220395172     
           5          21  0.962805434780788     
           6          22  0.957308657457363     
           7          23  0.956810258743186     
           7          24  0.965388819608837     
           9          25  0.890746259911624     
          10          26  0.965468678363167     
          10          27  0.968773594702506     
          11          28  0.975098844662170     
          11          29  0.974914760793428     
          13          30  0.974123100209340     
          13          31  0.967237028547804     
          15          32  0.862329598668362     
          16          33  0.984086300182732     
          16          34  0.970393446426967     
          16          35  0.967298625884484     
