$coord
-0.11098473660903 -1.47160887493075  -0.60245424374520  c
 1.06996236212475  1.05188578438780  -1.68242725182960  c
-0.86005944230365  3.27948744821816  -1.42902112889099  c
-2.41489588356893  3.31978044405198   1.04241920774560  c
-3.41394101974958  0.64936556240875   1.71609551543561  c
-1.16228376163973 -1.15675645941142   2.13669143218467  c
-2.63866251368861 -2.00002228447556  -2.04818458965001  c
-4.67286181552783 -0.56331567396615  -0.57052984656392  c
 0.53167733320503 -0.24315846924467   4.00419820304453  o
 1.64913964651826 -3.76842153507417  -0.80801510771641  c
-7.12195441324830 -0.42036364662661  -1.17763924027371  c
 3.76348762881813  1.75536103166990  -0.84310977990355  c
 4.31143168778911  3.25782028397130   1.12524680829306  c
 1.24529608210645  0.68567661612152  -3.73169640257685  h
 3.65882028352039 -3.54277122756663   1.01419270213105  o
 5.86120087255525  0.84687325326180  -2.57983947113875  c
 0.14287042949661  5.08481655040173  -1.67061171488375  h
-2.19737328966246  3.15081837673934  -3.02038945316179  h
-1.28854870045938  4.03643981217546   2.63572631964867  h
-4.02767398513862  4.61774504147543   0.80848157128937  h
-4.68433422910946  0.74876114588007   3.36149312361481  h
-1.92117675346631 -3.02993485290786   2.71697676786681  h
-2.54620234373163 -1.42797583151237  -4.04708788392510  h
-3.06831614147077 -4.04091941168140  -2.03327741648805  h
 2.13642624561559 -1.12811794888629   3.72178187059837  h
 2.41178224305039 -3.93451682470015  -2.74887288136136  h
 0.53521707939672 -5.49565217696403  -0.42419538595475  h
-7.87889993933132 -1.32588296375940  -2.87316235530587  h
-8.46961854629780  0.61160166916003  -0.00131883001703  h
 6.26329265312273  3.78975134861007   1.54190252475549  h
 2.87564041820941  3.99927144123653   2.39825157380098  h
 4.60041821803206 -5.13366748609146   1.04693947489763  h
 5.87560645077681 -1.22484289910508  -2.75843952490039  h
 5.60663934612719  1.61840242046928  -4.50228817030145  h
 7.73150357099614  1.44012591751252  -1.89266562373295  h
$end
