*************************************************
******************* ORCA 6.1.1 ******************
*************************************************
$Calculation_Status
   &GeometryIndex 1
   &version [&Type "String"] "6.1.1"
   &progName [&Type "String"] "LeanSCF"
   &Status [&Type "String"] "NORMAL TERMINATION"
$End
$Geometry
   &GeometryIndex 1
   &NAtoms [&Type "Integer"] 35
   &NCorelessECP [&Type "Integer"] 0
   &NGhostAtoms [&Type "Integer"] 0
   &CartesianCoordinates [&Type "Coordinates", &Dim(35,4), &Units "Bohr"] 
              C     -0.110984737020   -1.471608881459   -0.602454246516
              C      1.069962366896    1.051885789050   -1.682427259405
              C     -0.860059446177    3.279487462952   -1.429021135338
              C     -2.414895894336    3.319780458882    1.042419212407
              C     -3.413941034996    0.649365565278    1.716095523119
              C     -1.162283766861   -1.156756464562    2.136691441667
              C     -2.638662525519   -2.000022293477   -2.048184598845
              C     -4.672861836480   -0.563315676534   -0.570529849103
              O      0.531677335658   -0.243158470323    4.004198221059
              C      1.649139653810   -3.768421552029   -0.808015111372
              C     -7.121954445104   -0.420363648530   -1.177639245466
              C      3.763487645656    1.755361039611   -0.843109783646
              C      4.311431707026    3.257820298494    1.125246813280
              H      1.245296087708    0.685676619115   -3.731696419322
              O      3.658820299952   -3.542771243347    1.014192706682
              C      5.861200898777    0.846873257145   -2.579839482667
              H      0.142870430196    5.084816573155   -1.670611722376
              H     -2.197373299458    3.150818390793   -3.020389466762
              H     -1.288548706190    4.036439830169    2.635726331413
              H     -4.027674003094    4.617745062094    0.808481574961
              H     -4.684334250077    0.748761149168    3.361493138593
              H     -1.921176762064   -3.029934866528    2.716976780083
              H     -2.546202355216   -1.427975837863   -4.047087902142
              H     -3.068316155218   -4.040919429749   -2.033277425641
              H      2.136426255265   -1.128117953942    3.721781887257
              H      2.411782253813   -3.934516842267   -2.748872893587
              H      0.535217081835   -5.495652201542   -0.424195387819
              H     -7.878899974536   -1.325882969628   -2.873162368206
              H     -8.469618584289    0.611601671848   -0.001318830042
              H      6.263292681194    3.789751365601    1.541902531708
              H      2.875640431092    3.999271459175    2.398251584525
              H      4.600418238572   -5.133667509089    1.046939479650
              H      5.875606477060   -1.224842904671   -2.758439537276
              H      5.606639371207    1.618402427707   -4.502288190479
              H      7.731503605651    1.440125923881   -1.892665632213
$End
$SCF_Energy
   &GeometryIndex 1
   &Method [&Type "String"] "SCF"
   &totalEnergy [&Type "ArrayOfDoubles", &Dim (1,1)] "Total energy of each state"
                                                         0

0                                     -6.5776540295006498e+02
   &Mult [&Type "ArrayOfIntegers", &Dim (1,1)] "Multiplicity of each state"
                                                         0

0                                                        1
$End
$DFT_Energy
   &GeometryIndex 1
   &nAlphaEl [&Type "Integer"] 57
   &nBetaEl [&Type "Integer"] 57
   &nTotalEl [&Type "Integer"] 114
   &finalEn [&Type "Double"]      -6.5776540295006498e+02  "No Van der Waals correction"
   &eExchange [&Type "Double"]      -9.1090332402117795e+01
   &eCorr [&Type "Double"]      -4.0416324160353287e+00
   &eXC [&Type "Double"]      -9.5131964818153122e+01
   &eCNL [&Type "Double"]       0.0000000000000000e+00
$End
$Solvation_Details
   &GeometryIndex 1
   &Solvent [&Type "String"] "CHLOROFORM"
   &Epsilon [&Type "Double"]       4.8029999999999999e+00
   &Refrac [&Type "Double"]       1.4459000000000000e+00
   &RSolv [&Type "Double"]       1.3000000000000000e+00
   &SurfaceType [&Type "String"] "GAUSSIAN VDW"
   &CPCMDielEnergy [&Type "Double"]      -1.1829811000000001e-02
   &NPoints [&Type "Integer"] 2566
   &SurfaceArea [&Type "Double"]       8.9758762841700002e+02
$End
$SCF_Timings
   &GeometryIndex 1
   &TOTAL [&Type "Double"]       1.4897354999999999e+01
   &PREP [&Type "Double"]       5.4376400000000003e-01
   &FOCK [&Type "Double"]       1.1004415999999997e+01
   &DENS [&Type "Double"]       2.6850099999999877e-01
   &ETOT [&Type "Double"]       1.0678300000000163e-01
   &TRAFO [&Type "Double"]       3.6247199999999991e-01
   &DIIS [&Type "Double"]       1.5381499999999992e+00
   &SOSCF [&Type "Double"]       7.3680600000000318e-01
   &XC [&Type "Double"]       3.8437650000000012e+00
   &FOCKSTART [&Type "Double"]       9.0615999999999475e-02
   &SOLV [&Type "Double"]       4.3615499999999994e+00
   &SOLV_INIT [&Type "Double"]       2.6098900000000003e-01
   &INT_BF [&Type "Double"]       1.1658330000000037e+00
   &INT_DENS [&Type "Double"]       9.5643999999998330e-01
   &INT_DENSIO [&Type "Double"]       2.0132508286000011e+04
   &INT_FUNC [&Type "Double"]       3.4647400000002426e-01
   &INT_POT [&Type "Double"]       8.7182399999998328e-01
   &INT_POTIO [&Type "Double"]       1.4059000000004707e-02
   &INT_SUM [&Type "Double"]       2.3909999999991438e-03
   &SPLITRIJ [&Type "Double"]       3.2988420000000005e+00
$End
$Single_Point_Data
   &GeometryIndex 1
   &FinalEnergy [&Type "Double"]      -6.5776540295006498e+02  "Final single point energy"
   &Converged [&Type "Boolean"] true
$End
$Calculation_Info
   &GeometryIndex 1
   &Mult [&Type "Integer"] 1
   &Charge [&Type "Integer"] 0
   &NumOfAtoms [&Type "Integer"] 35
   &NumOfElectrons [&Type "Integer"] 114
   &NumOfBasisFuncts [&Type "Integer"] 605
   &NumOfAuxCBasisFuncts [&Type "Integer"] 0
   &NumOfAuxJBasisFuncts [&Type "Integer"] 955
   &NumOfAuxJKBasisFuncts [&Type "Integer"] 0
   &NumOfCABSBasisFuncts [&Type "Integer"] 0
$End
$SCF_Dipole_Moment
   &GeometryIndex 1
   &dipoleMagnitude [&Type "Double", &Units "a.u."]       1.7643724165602239e+00
   &dipoleElecContrib [&Type "ArrayOfDoubles", &Dim (3,1)] "Electronic contribution"
                                                         0

0                                     -1.2962515317532743e+00
1                                     -2.8352482938059009e+00
2                                      4.5691776664491979e+00
   &dipoleNucContrib [&Type "ArrayOfDoubles", &Dim (3,1)] "Nuclear contribution"
                                                         0

0                                      1.6223060019458746e+00
1                                      1.4849136543315951e+00
2                                     -5.6569712443957600e+00
   &dipoleTotal [&Type "ArrayOfDoubles", &Dim (3,1)] "Total"
                                                         0

0                                      3.2605447019260025e-01
1                                     -1.3503346394743059e+00
2                                     -1.0877935779465622e+00
   &doAtomicDipole [&Type "Boolean"] false
   &Method [&Type "String"] "SCF"
   &Level [&Type "String"] "Relaxed density"
   &Mult [&Type "Integer"] 1
   &State [&Type "Integer"] -1
   &Irrep [&Type "Integer"] 0
$End
$SCF_Spin_Spin_Coupling
   &GeometryIndex 1
   &numOfNucPairs [&Type "Integer"] 186 "Number of nuclei pairs to calculate"
   &numOfNucPairsDSO [&Type "Integer"] 0 "number of nuclear pairs to calculate DSO"
   &numOfNucPairsPSO [&Type "Integer"] 0 "number of nuclear pairs to calculate PSO"
   &numOfNucPairsFC [&Type "Integer"] 186 "number of nuclear pairs to calculate FC"
   &numOfNucPairsSD [&Type "Integer"] 0 "number of nuclear pairs to calculate SD"
   &numOfNucPairsSD_FC [&Type "Integer"] 0 "number of nuclear pairs to calculate SD/FC"
   &pairsInfo [&Type "ArrayOfIntegers", &Dim (186,4)] "Pairs Info: Col1->Index of A. Col2->Atom. Num. of A.  Col3->Index of B. Col4->Atom. Num. of B."
                                                         0                           1                           2                           3

0                                                       13                           1                          16                           1
1                                                       13                           1                          17                           1
2                                                       13                           1                          18                           1
3                                                       13                           1                          19                           1
4                                                       13                           1                          20                           1
5                                                       13                           1                          21                           1
6                                                       13                           1                          22                           1
7                                                       13                           1                          23                           1
8                                                       13                           1                          24                           1
9                                                       13                           1                          25                           1
10                                                      13                           1                          26                           1
11                                                      13                           1                          27                           1
12                                                      13                           1                          28                           1
13                                                      13                           1                          29                           1
14                                                      13                           1                          30                           1
15                                                      13                           1                          31                           1
16                                                      13                           1                          32                           1
17                                                      13                           1                          33                           1
18                                                      13                           1                          34                           1
19                                                      16                           1                          17                           1
20                                                      16                           1                          18                           1
21                                                      16                           1                          19                           1
22                                                      16                           1                          20                           1
23                                                      16                           1                          21                           1
24                                                      16                           1                          22                           1
25                                                      16                           1                          23                           1
26                                                      16                           1                          24                           1
27                                                      16                           1                          25                           1
28                                                      16                           1                          26                           1
29                                                      16                           1                          27                           1
30                                                      16                           1                          28                           1
31                                                      16                           1                          29                           1
32                                                      16                           1                          30                           1
33                                                      16                           1                          31                           1
34                                                      16                           1                          32                           1
35                                                      16                           1                          33                           1
36                                                      16                           1                          34                           1
37                                                      17                           1                          18                           1
38                                                      17                           1                          19                           1
39                                                      17                           1                          20                           1
40                                                      17                           1                          21                           1
41                                                      17                           1                          22                           1
42                                                      17                           1                          23                           1
43                                                      17                           1                          24                           1
44                                                      17                           1                          25                           1
45                                                      17                           1                          26                           1
46                                                      17                           1                          27                           1
47                                                      17                           1                          28                           1
48                                                      17                           1                          29                           1
49                                                      17                           1                          30                           1
50                                                      17                           1                          31                           1
51                                                      17                           1                          32                           1
52                                                      17                           1                          33                           1
53                                                      17                           1                          34                           1
54                                                      18                           1                          19                           1
55                                                      18                           1                          20                           1
56                                                      18                           1                          21                           1
57                                                      18                           1                          22                           1
58                                                      18                           1                          23                           1
59                                                      18                           1                          24                           1
60                                                      18                           1                          25                           1
61                                                      18                           1                          26                           1
62                                                      18                           1                          27                           1
63                                                      18                           1                          28                           1
64                                                      18                           1                          29                           1
65                                                      18                           1                          30                           1
66                                                      18                           1                          31                           1
67                                                      18                           1                          32                           1
68                                                      18                           1                          33                           1
69                                                      18                           1                          34                           1
70                                                      19                           1                          20                           1
71                                                      19                           1                          21                           1
72                                                      19                           1                          22                           1
73                                                      19                           1                          23                           1
74                                                      19                           1                          24                           1
75                                                      19                           1                          25                           1
76                                                      19                           1                          26                           1
77                                                      19                           1                          27                           1
78                                                      19                           1                          28                           1
79                                                      19                           1                          29                           1
80                                                      19                           1                          30                           1
81                                                      19                           1                          31                           1
82                                                      19                           1                          32                           1
83                                                      19                           1                          33                           1
84                                                      19                           1                          34                           1
85                                                      20                           1                          21                           1
86                                                      20                           1                          22                           1
87                                                      20                           1                          23                           1
88                                                      20                           1                          24                           1
89                                                      20                           1                          25                           1
90                                                      20                           1                          26                           1
91                                                      20                           1                          27                           1
92                                                      20                           1                          28                           1
93                                                      20                           1                          29                           1
94                                                      20                           1                          30                           1
95                                                      20                           1                          31                           1
96                                                      20                           1                          32                           1
97                                                      20                           1                          33                           1
98                                                      20                           1                          34                           1
99                                                      21                           1                          22                           1
100                                                     21                           1                          23                           1
101                                                     21                           1                          24                           1
102                                                     21                           1                          25                           1
103                                                     21                           1                          26                           1
104                                                     21                           1                          27                           1
105                                                     21                           1                          28                           1
106                                                     21                           1                          29                           1
107                                                     21                           1                          30                           1
108                                                     21                           1                          31                           1
109                                                     21                           1                          32                           1
110                                                     21                           1                          33                           1
111                                                     21                           1                          34                           1
112                                                     22                           1                          23                           1
113                                                     22                           1                          24                           1
114                                                     22                           1                          25                           1
115                                                     22                           1                          26                           1
116                                                     22                           1                          27                           1
117                                                     22                           1                          28                           1
118                                                     22                           1                          29                           1
119                                                     22                           1                          30                           1
120                                                     22                           1                          31                           1
121                                                     22                           1                          32                           1
122                                                     22                           1                          33                           1
123                                                     22                           1                          34                           1
124                                                     23                           1                          24                           1
125                                                     23                           1                          25                           1
126                                                     23                           1                          26                           1
127                                                     23                           1                          27                           1
128                                                     23                           1                          28                           1
129                                                     23                           1                          29                           1
130                                                     23                           1                          30                           1
131                                                     23                           1                          31                           1
132                                                     23                           1                          32                           1
133                                                     23                           1                          33                           1
134                                                     23                           1                          34                           1
135                                                     24                           1                          25                           1
136                                                     24                           1                          26                           1
137                                                     24                           1                          27                           1
138                                                     24                           1                          28                           1
139                                                     24                           1                          29                           1
140                                                     24                           1                          30                           1
141                                                     24                           1                          31                           1
142                                                     24                           1                          32                           1
143                                                     24                           1                          33                           1
144                                                     24                           1                          34                           1
145                                                     25                           1                          26                           1
146                                                     25                           1                          27                           1
147                                                     25                           1                          28                           1
148                                                     25                           1                          29                           1
149                                                     25                           1                          30                           1
150                                                     25                           1                          31                           1
151                                                     25                           1                          32                           1
152                                                     25                           1                          33                           1
153                                                     25                           1                          34                           1
154                                                     26                           1                          27                           1
155                                                     26                           1                          28                           1
156                                                     26                           1                          29                           1
157                                                     26                           1                          30                           1
158                                                     26                           1                          31                           1
159                                                     26                           1                          32                           1
160                                                     26                           1                          33                           1
161                                                     26                           1                          34                           1
162                                                     27                           1                          28                           1
163                                                     27                           1                          30                           1
164                                                     27                           1                          31                           1
165                                                     27                           1                          32                           1
166                                                     27                           1                          33                           1
167                                                     28                           1                          30                           1
168                                                     28                           1                          31                           1
169                                                     28                           1                          32                           1
170                                                     28                           1                          33                           1
171                                                     29                           1                          30                           1
172                                                     29                           1                          31                           1
173                                                     29                           1                          32                           1
174                                                     29                           1                          33                           1
175                                                     29                           1                          34                           1
176                                                     30                           1                          31                           1
177                                                     30                           1                          32                           1
178                                                     30                           1                          33                           1
179                                                     30                           1                          34                           1
180                                                     31                           1                          32                           1
181                                                     31                           1                          33                           1
182                                                     31                           1                          34                           1
183                                                     32                           1                          33                           1
184                                                     32                           1                          34                           1
185                                                     33                           1                          34                           1
   &pairsDistances [&Type "ArrayOfDoubles", &Dim (186,1)] "The distances of each pair"
                                                         0

0                                      2.6361229552322825e+00
1                                      2.2720662080283272e+00
2                                      4.0367604827199495e+00
3                                      4.2294003649089467e+00
4                                      4.8924667679888998e+00
5                                      4.2800494136072444e+00
6                                      2.3031345379460348e+00
7                                      3.5034803569817430e+00
8                                      4.0866154062941797e+00
9                                      2.5746969931423411e+00
10                                     3.7288261335365824e+00
11                                     4.9650925832370225e+00
12                                     5.5070231901985212e+00
13                                     4.1877419182535274e+00
14                                     3.7870087651776716e+00
15                                     4.3623262236964981e+00
16                                     2.7002087310298113e+00
17                                     2.3950810857488545e+00
18                                     3.5899171182959213e+00
19                                     1.7581899520560855e+00
20                                     2.4646596473576206e+00
21                                     2.5792978849711568e+00
22                                     4.3452300170456208e+00
23                                     5.0023458947650736e+00
24                                     3.9350015893111205e+00
25                                     5.1229793747941175e+00
26                                     4.4793757965800394e+00
27                                     4.9544944401051856e+00
28                                     5.6414809840508280e+00
29                                     5.4710883299091586e+00
30                                     5.2110161635965877e+00
31                                     3.7214746103860867e+00
32                                     2.6565585893846122e+00
33                                     6.0722302742217824e+00
34                                     4.5478289340453077e+00
35                                     3.7376243504258055e+00
36                                     4.4564271865010605e+00
37                                     3.0674907667355353e+00
38                                     2.3761251678508897e+00
39                                     3.8409400709364423e+00
40                                     4.4650568909777482e+00
41                                     2.4900106123631001e+00
42                                     3.8689341239797281e+00
43                                     4.8078884257934611e+00
44                                     4.4752254490982768e+00
45                                     4.9913706450851425e+00
46                                     3.8284892627949296e+00
47                                     3.9210377856442524e+00
48                                     5.0978640723071367e+00
49                                     3.9535243860303613e+00
50                                     6.0656229987487240e+00
51                                     4.8611784088379810e+00
52                                     4.2810055546156507e+00
53                                     5.3648450548241255e+00
54                                     1.7693478612292934e+00
55                                     2.5304924346768636e+00
56                                     3.7545662263097528e+00
57                                     4.6163406191462322e+00
58                                     5.0260943941141827e+00
59                                     3.3293038975575522e+00
60                                     5.4539280848691822e+00
61                                     5.3848824424598734e+00
62                                     5.3584278825750369e+00
63                                     4.4353538871016429e+00
64                                     4.0400735347010572e+00
65                                     2.2072619453625650e+00
66                                     5.8280418128204818e+00
67                                     5.5019987571578515e+00
68                                     5.4054299130605878e+00
69                                     5.5148421393644496e+00
70                                     2.4774372007677643e+00
71                                     4.3174729109519498e+00
72                                     4.1775534127367715e+00
73                                     4.8490778183136873e+00
74                                     4.7182430012725440e+00
75                                     5.9696853880634393e+00
76                                     5.9073877464333560e+00
77                                     4.2239201150586538e+00
78                                     3.1942248466985146e+00
79                                     5.4771112899554133e+00
80                                     3.7629533597877485e+00
81                                     6.8913194793494066e+00
82                                     6.3706809751844968e+00
83                                     6.0340201485553768e+00
84                                     6.6024632037018627e+00
85                                     2.5005504103032616e+00
86                                     4.2399236947948769e+00
87                                     3.9121947526994645e+00
88                                     3.7484000391002290e+00
89                                     5.5405772364411234e+00
90                                     4.7498732747527956e+00
91                                     3.8662661623254442e+00
92                                     2.6803593261732859e+00
93                                     6.0891965598941056e+00
94                                     4.3844134049735208e+00
95                                     5.9439287689283908e+00
96                                     6.5425873811685307e+00
97                                     6.8691088985979532e+00
98                                     7.1436414247359190e+00
99                                     3.6932437363610067e+00
100                                    2.6407445129422733e+00
101                                    2.4302248317324677e+00
102                                    3.7218999096863810e+00
103                                    2.4809662465531037e+00
104                                    4.4162656450522872e+00
105                                    4.2179111540544048e+00
106                                    5.6716950487730742e+00
107                                    4.5064273247422948e+00
108                                    3.7323284146113296e+00
109                                    5.1313375450779386e+00
110                                    6.0426578828878332e+00
111                                    6.1349073909739351e+00
112                                    1.7674447199165628e+00
113                                    4.8027682420568274e+00
114                                    3.0190810253330334e+00
115                                    3.3117568265473705e+00
116                                    2.8900143979180521e+00
117                                    3.9463630637971701e+00
118                                    6.1727720440429952e+00
119                                    5.3021811732931070e+00
120                                    5.0412413752602125e+00
121                                    4.5097803560660461e+00
122                                    4.6119381831688244e+00
123                                    5.7604720744896420e+00
124                                    4.3859330646541226e+00
125                                    2.9251045973356478e+00
126                                    2.2257450188028827e+00
127                                    2.9567014171118826e+00
128                                    3.9226588399305715e+00
129                                    6.7182634504502250e+00
130                                    5.7875087889600580e+00
131                                    4.4112982022082567e+00
132                                    4.9767955707515199e+00
133                                    5.6346512679950145e+00
134                                    6.4093330209805366e+00
135                                    3.7351465954448759e+00
136                                    3.2974302659541208e+00
137                                    6.3465791444439406e+00
138                                    6.0190573062275208e+00
139                                    3.5878190974659172e+00
140                                    2.8294057866968743e+00
141                                    2.8629643915847947e+00
142                                    3.9594371956870740e+00
143                                    4.9421038323468096e+00
144                                    4.4091224136051297e+00
145                                    1.7837876863131599e+00
146                                    5.6182213450433061e+00
147                                    6.4076593238896287e+00
148                                    5.1007084951181660e+00
149                                    5.0105300276786373e+00
150                                    2.4039025113664554e+00
151                                    2.3272069700408489e+00
152                                    3.5148079889106301e+00
153                                    4.0272892632921451e+00
154                                    5.1355218246627174e+00
155                                    5.7620677146146626e+00
156                                    5.8663562488039096e+00
157                                    5.3861132739649600e+00
158                                    2.2957468200830595e+00
159                                    3.8235851681219510e+00
160                                    5.1021009114744738e+00
161                                    5.3456842185858493e+00
162                                    1.8596856584137813e+00
163                                    6.9361631647935669e+00
164                                    7.2092467151654915e+00
165                                    7.2790208769218996e+00
166                                    7.3550423540845022e+00
167                                    6.3929588826349546e+00
168                                    7.5754231240929499e+00
169                                    7.7909501732206676e+00
170                                    7.8384955353289838e+00
171                                    1.8523787622644081e+00
172                                    4.8104957155258701e+00
173                                    3.5017538851574295e+00
174                                    3.4162965509576027e+00
175                                    2.3351434514271303e+00
176                                    4.9700834178614990e+00
177                                    4.1962995377177954e+00
178                                    4.1243360655843393e+00
179                                    3.6868351304267226e+00
180                                    2.9646169835870531e+00
181                                    4.6554620806540070e+00
182                                    4.1552958845190275e+00
183                                    1.7707597382873714e+00
184                                    1.7785375526256888e+00
185                                    1.7833319359716739e+00
   &pairsTotalSSCIso [&Type "ArrayOfDoubles", &Dim (186,1)] "The Spin-Spin coupling constant for each pair"
                                                         0

0                                      6.1540399949998870e-01
1                                      8.2070526849799315e+00
2                                     -5.8666228117254082e-01
3                                      4.4436562208738178e-01
4                                      5.5913251106709505e-01
5                                      6.5250616644749793e-01
6                                     -4.7910474952474497e-01
7                                     -2.0020495687549539e-01
8                                      2.0005340244276587e-01
9                                     -2.8046459372132437e-01
10                                    -2.1606673844140925e-01
11                                     9.3072111137209260e-03
12                                     4.0295925578373838e-02
13                                     6.7927208075673517e-01
14                                    -6.0510368503722900e-01
15                                     1.1339945051930368e-01
16                                    -6.2311897030245489e-01
17                                    -6.2002046034613612e-01
18                                     8.2140928858327600e-01
19                                    -1.4811274059058173e+01
20                                     5.8908901358847974e+00
21                                     1.2640023454218245e+00
22                                     7.7051925755138728e-01
23                                     7.4962295539733481e-01
24                                    -5.1701495269839540e-02
25                                     3.1816100889199075e-02
26                                    -3.2362100094573951e-02
27                                     1.0373940570474974e-01
28                                     5.7066875591701427e-01
29                                    -4.6717004368717983e-03
30                                     2.0478877475906744e-02
31                                     4.7319633439606580e-02
32                                    -5.6996167571235025e-02
33                                     1.1050318241850089e-02
34                                    -3.0903610956428618e-02
35                                     9.5503968752822979e-02
36                                     9.5935071798698784e-02
37                                     1.3901397276967950e+01
38                                     6.3526495875478632e+00
39                                    -5.4898520651728044e-01
40                                     8.3403227135269556e-02
41                                    -5.9068676308538806e-02
42                                     5.2312801374203177e-01
43                                     2.8572487207570083e-02
44                                     2.3336069826778789e-02
45                                    -6.6667337493726844e-02
46                                    -4.0774378712477008e-02
47                                    -1.8666351440338597e-02
48                                    -2.1986962303097607e-01
49                                    -1.5664781570284358e-01
50                                     8.2729516401002824e-03
51                                    -9.8640486653696152e-02
52                                    -1.0555381071782495e-01
53                                     6.9680232753775162e-02
54                                    -1.3389570962514970e+01
55                                     2.3349139230699176e+00
56                                    -5.0302320224886943e-01
57                                    -1.0183688333641412e-01
58                                    -4.2329621550265634e-01
59                                    -5.6748986383218361e-02
60                                     1.1017352312698851e-02
61                                    -1.1024796927608511e-02
62                                     1.0807555363786950e-01
63                                    -6.4509987025352891e-02
64                                    -1.6857318971639380e-02
65                                    -3.8721260429663373e-01
66                                    -2.3052078534798737e-03
67                                    -3.3561124546172584e-02
68                                    -2.3584018961565829e-02
69                                    -1.0763544354243457e-02
70                                     4.2800468865359047e+00
71                                     3.6115808949320238e-01
72                                     9.9063816579090871e-02
73                                     1.5266734487657824e-01
74                                    -2.6398999268032505e-02
75                                    -5.0344161535015950e-03
76                                    -3.3236155602993825e-02
77                                     1.2807739336570412e-01
78                                     8.9507554078915599e-02
79                                     6.0495159732653712e-03
80                                    -4.2516238383021800e-02
81                                    -1.9827692307015990e-02
82                                    -1.1900427900399121e-02
83                                    -4.8514553652430216e-02
84                                     9.1420799293017468e-02
85                                     5.2469617406180493e+00
86                                    -1.1065670210402492e+00
87                                     1.4698627100040013e-01
88                                    -5.6380996575932774e-01
89                                     5.6730997919520054e-01
90                                    -6.2648695752647282e-02
91                                    -9.9640231153340086e-01
92                                    -1.0010575335359286e+00
93                                     1.0174948619032748e-02
94                                     9.8633843991603777e-03
95                                    -2.5062865545657453e-02
96                                     3.0193032249052317e-03
97                                     9.1990662670443039e-03
98                                    -8.6304457714826994e-03
99                                    -1.7556139824762490e-01
100                                    1.7868807092375616e-01
101                                   -3.5890315146049639e-01
102                                   -1.0178451680985313e-01
103                                   -2.7251869665800066e-01
104                                    8.5225869142354206e-04
105                                    4.3415286608565681e-02
106                                   -1.1796273695675763e-01
107                                   -1.1305607772393916e-01
108                                    5.1996794154394954e-02
109                                   -8.5667539652524771e-02
110                                   -5.9859042107137300e-02
111                                    8.7442198816617867e-04
112                                   -1.8902488475715174e+01
113                                   -9.1673246074703313e-02
114                                   -7.7306232672694514e-02
115                                   -1.8816563101204292e-01
116                                   -2.1934239975058927e+00
117                                   -2.5632456703567650e+00
118                                    7.0332092365717608e-02
119                                    2.0683184474164746e-02
120                                   -3.1781706169623725e-02
121                                   -1.6803576287572092e-02
122                                   -1.0548551754081894e-02
123                                    4.4672928766617045e-03
124                                   -2.9661298960670036e-02
125                                   -2.2701270221921094e-01
126                                   -5.2106990038330825e-01
127                                   -2.6918693929710402e+00
128                                   -3.1733628628079829e+00
129                                    6.6091757263558107e-02
130                                    1.2424381380095148e-02
131                                    1.3452031620966429e-02
132                                   -5.0269989420312536e-02
133                                   -3.3759885044953093e-02
134                                    6.2266300060854547e-02
135                                   -9.5293696185380278e-02
136                                    5.8888483374415747e-02
137                                    2.9026884174144274e-01
138                                    5.8879543007254988e-02
139                                   -5.4700416632608041e-03
140                                    2.1919392389110538e-02
141                                   -3.8095948643521066e-01
142                                   -2.7052778172873871e-02
143                                   -1.8517664070086717e-02
144                                   -1.5853601454875043e-03
145                                   -9.0031962449162908e+00
146                                   -1.4462828377726384e-02
147                                   -3.6471220248585887e-02
148                                   -3.0881987233843555e-02
149                                   -2.7186914915928291e-02
150                                    3.2994284947973834e-01
151                                   -3.2394804482554362e-01
152                                    1.5866966632481539e-02
153                                    9.9183932717539142e-02
154                                   -1.2973468191624628e-02
155                                   -7.4375710015668270e-03
156                                   -9.2337229655634206e-02
157                                   -7.9551186900926676e-02
158                                    2.2691564704442020e+00
159                                   -6.8626600394162601e-02
160                                    7.4522144971011766e-03
161                                    1.4142452170001213e-01
162                                    3.2609653402007599e-01
163                                   -1.5689138140702566e-03
164                                    2.5563976148452773e-02
165                                   -1.7408186202633917e-04
166                                    9.6467193516692833e-04
167                                   -1.5385610046835384e-03
168                                    1.1722041376991794e-01
169                                   -8.9436709320456784e-04
170                                   -6.0559817840849137e-04
171                                    9.9307767478313524e-01
172                                   -6.3079208089407729e-02
173                                   -2.0338635132629528e+00
174                                   -2.2967062139378633e+00
175                                   -4.5702148161113293e-01
176                                   -6.0747850503295404e-02
177                                   -1.1904646767622009e+00
178                                   -2.1052041141293740e+00
179                                    5.0301184600848814e-01
180                                   -3.6429030117134317e-02
181                                   -8.5964496241130631e-02
182                                    1.9042734824961400e-02
183                                   -1.7485663725163636e+01
184                                   -1.3213856196456316e+01
185                                   -1.2765054434526876e+01
   &Method [&Type "String"] "SCF"
   &Level [&Type "String"] "Relaxed density"
   &Mult [&Type "Integer"] 1
   &State [&Type "Integer"] -1
   &Irrep [&Type "Integer"] 0
$End
$Calculation_Timings
   &GeometryIndex 1
   &GTOINT [&Type "Double"]       1.6316950000000001e+00
   &SCF [&Type "Double"]       1.6982320999999999e+01
   &PROPINT [&Type "Double"]       1.1858830000000005e+00
   &RESPONSE [&Type "Double"]       8.6700729999999986e+00
   &PROP [&Type "Double"]       6.8048300000000239e-01
   &SUM [&Type "Double"]       2.9150455000000001e+01
$End
