$coord
 0.17637145899622 -1.20486305583321   0.20530427245734  c
-1.82381345185864  0.75928387553935   1.23313278695196  c
-0.64881753334646  3.45998373061737   1.42189023718343  c
 1.07781436126685  4.21075211429197  -0.81042448403263  c
 2.85317514110334  2.00569532670607  -1.57058201808712  c
 1.23533181721497 -0.26937364248249  -2.38854261078661  c
 2.60637376567919 -1.10506860604028   1.89201370984206  c
 4.23629762956358  0.98588665260058   0.74261016283629  c
 2.90275640896788 -2.06109632067952  -3.57191680176336  o
-0.92115165802794 -3.89707446594272   0.05572115810758  c
 6.47359661265422  1.78508413129642   1.60345079588561  c
-4.39201605129703  0.69588724098044  -0.11796438582615  c
-4.89954631159181  1.82671609655206  -2.33490006328872  c
-2.21067132955397  0.15857755239199   3.18968109511317  h
-1.82557229754408 -4.85140863808737   2.43016946886463  o
-6.48141007240687 -0.65660606946458   1.31163818793557  c
-2.17127050586999  4.85869209868210   1.65086649767304  h
 0.48084989781185  3.54841229279797   3.16908430221077  h
-0.04196157782221  4.78200769898644  -2.47185645947609  h
 2.22084810881310  5.86613542720392  -0.27128400963630  h
 4.14903679393996  2.61589866105619  -3.07974250226434  h
-0.28333661144100  0.26535477816989  -3.70747459658855  h
 3.62571094668401 -2.92151806901641   1.79252882125696  h
 2.17829959342967 -0.75679255890466   3.89943605570098  h
 1.87585743525532 -3.37068280716065  -4.37521651765467  h
 0.52866205356330 -5.17992038495149  -0.72879318313343  h
-2.56067551781372 -3.94379389596925  -1.22483392238451  h
 7.33803097798633  0.99136366293332   3.30312314051999  h
 7.53134625560184  3.27470800518916   0.64049607976847  h
-6.79248105222844  1.74430631726052  -3.15630992936747  h
-3.50839249299692  2.90005193520136  -3.40776670316300  h
-0.38249692227751 -4.98926839816212   3.57899402446416  h
-5.92500305789308 -2.59084666558043   1.83384717648678  h
-6.88660242010030  0.34006275957483   3.10058591554711  h
-8.24301096492187 -0.74020530383588   0.21174182619961  h
$end
