$coord
-2.57681525792378 -2.82903912416134   3.70838081994382  c
-5.15732519744112 -2.50234770999195   2.47341695883466  c
-5.16301146158729 -1.27868466187968  -0.18110888369259  c
-3.16340998846212  0.93887696348630  -0.35267940349076  c
-0.55864053882009  0.55727673575856   1.05450777366901  c
-1.11966336825017 -0.34314683727610   3.76480813596938  c
-2.52938133428935  1.48306284374255  -3.12723204256048  c
-1.07841015427982  3.95446841607277  -3.38543330698569  c
 1.34544467475943  3.97417663685347  -1.80682437796108  c
 1.03406863497990  3.11620058432249   0.99435426033140  c
 1.51422294128175 -1.30728291667005   0.07832319242834  c
 3.66646455247661  2.23555192352705   1.84589436488251  c
 3.89664525989176 -0.28805418057781   0.63450467901836  c
 6.19100289797444 -1.43702289623772   0.10821661561634  c
 6.17974259862697 -3.76618502292768  -1.09093292900704  c
 3.88131419926327 -4.87634105677539  -1.56451954601706  c
 1.58314247629692 -3.74718275318279  -0.93205240391121  c
-0.51931427120994 -5.23116666228902  -1.29164965519697  o
 8.45676537758300 -0.36932657672947   0.71530557735233  o
-4.84997845797349 -3.06444706197159  -2.12494332508440  o
-7.91056767316174 -0.42576899601314  -0.67987675894902  c
-4.56531616325888  3.23822568876386   0.74774875112065  c
 2.60033876299732  6.56646151503855  -2.08696786640100  c
 0.33066084115462  5.29787956221777   2.78443959507331  c
-2.85462496067697 -3.49654278527474   5.64442040185033  h
-1.48635454331857 -4.26259674569897   2.72186063393840  h
-6.32189289494219 -1.34008584648258   3.71908325248590  h
-6.07991279561427 -4.34079648024084   2.30571984091145  h
 0.63859503184603 -0.61466264332921   4.80812297184635  h
-2.24756569863266  1.05428717648976   4.77302326587737  h
-1.39054664914298 -0.06126042457300  -3.88395105620243  h
-4.26048265031194  1.57324286555335  -4.24167279172525  h
-0.54904306145788  4.21741824931261  -5.36516521734815  h
-2.28356858030604  5.54622799512478  -2.87819310882948  h
 2.60716760336901  2.58024945097547  -2.67760577936832  h
 3.75489566091522  2.07430938288180   3.90562189664826  h
 5.12718488436943  3.56597365636891   1.25065926339129  h
 7.93331877063390 -4.67637677398622  -1.57778078036068  h
 3.83166449596872 -6.73037942240681  -2.42837170476973  h
-0.05214431393420 -6.75673408927226  -2.17402847364383  h
 8.17693315802745  1.22450754177335   1.55225399873133  h
-3.23779031192723 -3.88604828786249  -1.89261335466799  h
-9.02358508986847 -2.14778518440162  -0.83086440578823  h
-8.70913693801152  0.73037145328056   0.80961975867697  h
-8.04827801618224  0.54808373669906  -2.48067885621519  h
-5.30618081293573  2.83547261530827   2.61782360269456  h
-3.39139821578439  4.88593170277765   0.86856941083698  h
-6.13306159120278  3.72294071244230  -0.48136067457910  h
 1.33216494528827  8.07999009818735  -1.52026709480066  h
 4.32289210830463  6.72527385541427  -0.98006986722530  h
 3.09235313313686  6.87053161907094  -4.05998045887088  h
 2.06194512631883  6.17052392329169   3.47778569729011  h
-0.73760896714695  6.79922691482598   1.88483752831525  h
-0.71475625475465  4.63508021272212   4.41866173136877  h
$end