! hf-3c
! DEFGRID2
! scfconv6
! miniprint nopop noautostart
%MaxCore 2500
%pal
    nprocs 12
end
*xyz 0 1
C   -1.3635919106  -1.4970630326   1.9623906184
C   -2.7291389625  -1.3241853813   1.3088758871
C   -2.7321480039  -0.6766507827  -0.0958386939
C   -1.6740044739   0.4968322927  -0.1866299030
C   -0.2956198421   0.2948981486   0.5580214823
C   -0.5925003381  -0.1815854862   1.9922506681
C   -1.3384909592   0.7848030589  -1.6548599294
C   -0.5706700774   2.0926145661  -1.7914941543
C    0.7119786601   2.1030437074  -0.9561302845
C    0.5472055559   1.6490223331   0.5261896139
C    0.8012922724  -0.6917843274   0.0414468485
C    1.9402094849   1.1830031312   0.9768052312
C    2.0620158696  -0.1524317078   0.3357654162
C    3.2761376448  -0.7604397679   0.0572657668
C    3.2701789510  -1.9929792853  -0.5772968444
C    2.0539030217  -2.5804485587  -0.8279080894
C    0.8377629197  -1.9829237172  -0.4932208913
O   -0.2748092775  -2.7682141829  -0.6835115617
O    4.4751275138  -0.1954392077   0.3785234102
O   -2.5664980722  -1.6216355485  -1.1244715816
C   -4.1860921361  -0.2253072497  -0.3597752869
C   -2.4158612731   1.7135952375   0.3956915984
C    1.3760400134   3.4748217885  -1.1043758343
C    0.1749781816   2.8035171292   1.4734619782
H   -1.5106024742  -1.8502907581   2.9868986441
H   -0.7865449513  -2.2556690561   1.4403466181
H   -3.3454016483  -0.7091428903   1.9680541018
H   -3.2173512943  -2.2970505735   1.2201343940
H    0.3379299377  -0.3252654631   2.5443491028
H   -1.1893605472   0.5579047473   2.5257751383
H   -0.7358455971  -0.0324176206  -2.0552983863
H   -2.2545503250   0.8325242713  -2.2445965765
H   -0.2905410758   2.2317616254  -2.8391231645
H   -1.2084124517   2.9349374602  -1.5230742011
H    1.3796536801   1.3654092073  -1.4169279576
H    1.9870052122   1.0976772533   2.0667661012
H    2.7131893957   1.8870319928   0.6618203805
H    4.1981314984  -2.4746320173  -0.8349256324
H    2.0276295302  -3.5615634095  -1.2850389652
H   -0.0275935826  -3.5755096986  -1.1504463236
H    4.3270466804   0.6479814854   0.8214174413
H   -1.7133648460  -2.0564081935  -1.0015278559
H   -4.7750755881  -1.1365589730  -0.4396745087
H   -4.6086767922   0.3864959284   0.4284323256
H   -4.2589653113   0.2900334230  -1.3127187177
H   -2.8079099619   1.5004674895   1.3852925921
H   -1.7946506481   2.5855237100   0.4596271381
H   -3.2454764257   1.9700953817  -0.2547250991
H    0.7049513299   4.2757466224  -0.8044907007
H    2.2875759879   3.5588616598  -0.5186306386
H    1.6364028054   3.6357287580  -2.1484491346
H    1.0911343705   3.2653006381   1.8403649346
H   -0.3903258558   3.5979959335   0.9974130658
H   -0.3782327212   2.4527788182   2.3382550899
*
