$coord
 0.18572299017859 -1.32366970397902  -0.56496211074826  c
 1.12094214705310  1.17400615856721  -1.80119076423038  c
-0.93534027754771  3.22552154605997  -1.61499595800422  c
-2.29963249826886  3.30934747583468   0.92704209555601  c
-3.14053873426605  0.65030011357499   1.70625434635934  c
-0.79737503409446 -0.98177876281219   2.16420874729276  c
-2.29082216591517 -2.11594692802873  -1.88223794452316  c
-4.33725367895953 -0.68507292262454  -0.50221223805824  c
 0.87190943297770  0.05339415347125   3.94030987362436  o
 2.24029401530539 -3.37114865971142  -0.72720228392446  c
-6.74950092839001 -0.61365065965115  -1.13291062731320  c
 3.71656060114513  2.07877575001240  -0.98174658002039  c
 5.74578448408677  1.30574395753958  -2.23458557503417  c
 1.33114343172136  0.71737614970108  -3.81559819676201  h
 1.67410264735012 -5.58457681644743   0.63501240477560  o
 3.97905558543240  3.93515457338657   1.13817875440520  c
-0.10172668326333  5.06429020404512  -2.03202653141193  h
-2.34588559516434  2.86327300448484  -3.07810877350078  h
-1.08261221467691  4.05895358906424   2.40538160702044  h
-3.95225159044924  4.53365881735997   0.76140070996229  h
-4.36860707337157  0.74741357833462   3.35916194170448  h
-1.41813144570200 -2.85333049412364   2.84122328472230  h
-2.27869068902887 -1.71181963118382  -3.90337009937511  h
-2.62095355815486 -4.14693127680528  -1.66454246108739  h
 2.22853102443109 -1.13644275542135   4.17822886779381  h
 3.99354753396187 -2.66168939723740   0.10102042892648  h
 2.60874761302011 -3.81648468127143  -2.72269297174721  h
-7.46400481248827 -1.59673255454480  -2.76632249628922  h
-8.10734033041234  0.43562838355818  -0.04092476842036  h
 7.61752337519648  1.92402134496855  -1.72746949522372  h
 5.63529722420274  0.02203231481801  -3.81102430667151  h
 0.21621869327126 -6.38597156143856  -0.10565648250273  h
 3.05176427619647  3.24203829569273   2.83189767847831  h
 5.96574927008468  4.26370733282961   1.54750955991315  h
 3.12434677885446  5.73708399981200   0.63059127126337  h
$end