           1           2  0.957181033704702     
           2           3  0.989330621726300     
           3           4   1.00972936471522     
           4           5  0.978522782734450     
           1           6  0.957991771270815     
           5           6  0.975508059366149     
           1           7  0.982082084219784     
           5           8  0.995505466886673     
           7           8   1.00365552044097     
           6           9  0.988235287619968     
           1          10  0.976637657193997     
           8          11   1.93737536046606     
           2          12  0.996676990657027     
          12          13   1.92073539542991     
           2          14  0.959977454721876     
          10          15  0.993630098213319     
          12          16   1.03050335330526     
           3          17  0.973324363524234     
           3          18  0.975533732989249     
           4          19  0.969789919593228     
           4          20  0.976447744110524     
           5          21  0.964885272190692     
           6          22  0.958280907560937     
           7          23  0.964846085883965     
           7          24  0.954813154267257     
           9          25  0.885180757197865     
          10          26  0.965729649495172     
          10          27  0.968626110556752     
          11          28  0.974667651999045     
          11          29  0.974548969959169     
          13          30  0.975501164765760     
          13          31  0.975840804896853     
          15          32  0.884842896376174     
          16          33  0.956784836329392     
          16          34  0.983521419259803     
          16          35  0.964033543406500     
