$coord
         -0.946439377816          3.154102278885          0.501566551062     c 
         -1.889147763094          2.517391585383         -2.195670194146     c 
         -4.400188373758          1.108553723378         -2.411826513674     c 
         -4.210932479995         -1.710276017341         -1.872603811248     c 
         -3.472115217515         -2.371610419919          0.843604382203     c 
         -0.640783376650         -1.895319951768          1.340576093535     c 
          0.228997377157          0.837202804406          1.956164049450     c 
          1.353141114550          5.001509406130          0.237433336796     c 
          3.744086433138          3.365334236207          0.030036337537     c 
          3.112366171198          0.784511395860          1.274282103691     c 
          0.951078139471         -2.815119527812         -0.649859585239     o 
          3.463706996387         -1.697125031979         -0.361066786584     c 
         -0.018439662182          1.193040904290          3.987600577732     h 
          4.225307693477          0.568663690877          3.014256832008     h 
         -0.120553400025         -3.072316410006          2.980554009253     h 
         -4.081517031569         -5.143659033459          1.388259890454     c 
          4.581999406949         -1.237097543836         -2.989824235270     c 
          5.142373486705         -3.571238806634          1.076447366613     c 
         -3.028814578519          4.412331009462          2.080588495995     c 
         -2.041826278795          4.307427832027         -3.230104406228     h 
         -0.418291382190          1.446191332938         -3.173605587099     h 
         -5.810954181041          1.971461188449         -1.166529778890     h 
         -5.164246349340          1.369877659520         -4.326818795278     h 
         -2.831249505334         -2.578474402131         -3.149760667156     h 
         -6.020942157849         -2.622485661421         -2.315599846262     h 
         -4.574230777054         -1.180325852059          2.145973821888     h 
          1.450223595759          6.228330794109          1.901267753453     h 
          1.122272904340          6.252981014150         -1.394771285526     h 
          4.271270591240          3.127266108714         -1.951552181214     h 
          5.371300649410          4.270019392746          0.941960772083     h 
         -3.639901549074         -5.652398594376          3.336880491800     h 
         -6.074031827651         -5.563160437204          1.064640083171     h 
         -2.974601180725         -6.372605857818          0.159885881526     h 
          3.350296693760         -0.044744756795         -4.124072629466     h 
          6.442199929171         -0.362925344902         -2.869104289367     h 
          4.783147767330         -3.023627084996         -3.991081957115     h 
          4.353952004459         -3.982199115850          2.931819713868     h 
          5.279116646265         -5.346715985301          0.045726418967     h 
          7.042250748437         -2.819277697609          1.330215454078     h 
         -4.559484136202          3.102357071806          2.495314514268     h 
         -2.287288717601          5.077517416754          3.883422542001     h 
         -3.820412409840          6.034394245323          1.088659703364     h 
$end
