$coord
 0.19547456072236 -1.28968640776482  -0.40990399931502  c
 1.13343313148463  1.16970787615040  -1.69461977541437  c
-0.91642518030207  3.24232531107612  -1.60117604408401  c
-2.41886039268275  3.35124146021834   0.85982259671371  c
-3.24704155763715  0.69775950523739   1.66363098268228  c
-0.88328131233808 -0.87305507547283   2.26069532224438  c
-2.21558594410284 -2.19217764145822  -1.77072109589454  c
-4.32955331069378 -0.72834337860470  -0.55101951354031  c
 0.83513832283226  0.17822920752877   3.98281138813880  o
 2.28453103993153 -3.30693605982078  -0.45826585217637  c
-6.71307040944232 -0.68593607185091  -1.28665890210566  c
 3.71182331985362  2.10923410739252  -0.86593953624689  c
 4.14846987669882  3.53031817854493   1.14307533601861  c
 1.36039778260393  0.66799744711690  -3.69468288274274  h
 1.52845299342339 -5.65710137972446   0.53081574742108  o
 5.81953217070877  1.50405104443611  -2.67440168957418  c
-0.02793869199560  5.07135552927949  -1.94727967290073  h
-2.25287857368342  2.89927195930733  -3.13635517088622  h
-1.28639751991231  4.18006116230772   2.36911032149834  h
-4.07971475787211  4.54430464372288   0.58255201657246  h
-4.55925119591847  0.81102129616772   3.25787886730273  h
-1.52448802316826 -2.72713596126488   2.98602632150270  h
-2.13423168369262 -1.90359623995257  -3.80812907522709  h
-2.46306533353873 -4.21652858685076  -1.43614926526745  h
-0.06913719688283  0.61587618160533   5.50032769535706  h
 3.93485573965600 -2.58346478917540   0.56463190926476  h
 2.81181557141526 -3.69197872018407  -2.41840853592252  h
-7.35099219989998 -1.73545903523933  -2.90916043030436  h
-8.12181287825752  0.39950532758645  -0.29756563307145  h
 6.02797061793583  4.18534416286714   1.57514713425518  h
 2.70486117530977  4.06174701340337   2.46099419578393  h
 1.34549302623694 -5.48707760227176   2.33300798599563  h
 7.63020378917634  2.11332392996303  -1.92033634878829  h
 5.91493898922252 -0.51038188881574  -3.07181785670982  h
 5.50010823371424  2.47953877499507  -4.46219920810710  h
$end