$coord
-1.86021459551075 -3.00147417911102  -0.23535300422766  c
-4.36760996977497 -2.03416393335818   0.85959570599057  c
-5.59584679610594  0.11794780281822  -0.64343822737358  c
-4.78707179281712  2.76111448781034   0.19918144919081  c
-2.08135705901902  3.52150815572838  -0.48492918312770  c
-0.18121496762604  1.59604154122709   0.54831060474549  c
-0.05811481121998 -0.85822787705651  -0.99156718244848  c
-0.34785335439321 -4.58024480311848   1.71811014773079  c
 2.21282743982381 -3.27031354035237   2.07421485443463  c
 2.61338125851836 -1.77194748411935  -0.36861591800793  c
 2.31260111721470  2.59690305476321   0.50646292677772  o
 4.11938725618968  0.70640823860632  -0.17831511882481  c
-0.25871269990380 -0.38710642289497  -2.99138953413313  h
 3.39644973812152 -2.99690748301892  -1.83124270123626  h
-0.67564056329508  1.19404236966288   2.52759234870775  h
-1.51861418008256  6.15247106215675   0.56153818646833  c
 5.24034273639443  1.39588742637793  -2.76523776382451  c
 6.24061753362127  0.66439356837543   1.78551013204765  c
-2.40508503056772 -4.64154967178228  -2.56072161986023  c
-5.67170751778966 -3.63428970507824   0.93319258566475  h
-4.08644546552200 -1.39864270772906   2.80149866473463  h
-5.21537689521001 -0.10592525484805  -2.65590222700737  h
-7.64232647770232 -0.00938138529003  -0.39382794987739  h
-5.01835444318870  2.90625953176027   2.24697306332321  h
-6.06570202321445  4.13711142459845  -0.65997191821208  h
-1.88784419917695  3.58614010833400  -2.54581387205678  h
-0.06715050683118 -6.49032843393139   0.99812351826576  h
-1.35742655355571 -4.73973760269150   3.50612762055814  h
 2.12208789259500 -1.98477328298058   3.67898271929564  h
 3.72969620989744 -4.61776103397593   2.42091755836950  h
 0.40773678675016  6.68821695291620   0.10349626324735  h
-2.81336195150023  7.53470163794799  -0.23789494645964  h
-1.72185626124443  6.16404789988988   2.60684808923161  h
 6.00250059385272  3.30155041935378  -2.68856316355472  h
 3.78961861766677  1.33904454597136  -4.21827512653796  h
 6.74583661204966  0.09126304936460  -3.26615682072112  h
 7.52186008664348 -0.89570629260447   1.40854894612010  h
 7.28502896434076  2.43041301357559   1.69673597709015  h
 5.48051866146702  0.46991846188001   3.68103139784442  h
-3.49647931466542 -6.30024833264991  -2.02459518096692  h
-3.47831363612490 -3.60028374273301  -3.97038733232643  h
-0.64917238152613 -5.26937465800827  -3.42512213782821  h
$end