$coord
-0.09350549513905 -0.86867318722586   0.34498115757642  c
-1.85151122184473  1.44546557405890   0.87274792581347  c
-1.22462636699623  3.71770133073029  -0.82550855628667  c
 1.61293649705612  4.19680616269952  -1.06904242585152  c
 3.09929027314588  1.71506372666901  -1.42310611155480  c
 1.30645374925476 -0.43221934068252  -2.17665578368660  c
 2.12115176025594 -0.88719889185246   2.23809507971909  c
 4.07330308512509  0.82681812798785   1.10422761679432  c
 2.63473083645218 -2.63903853178379  -2.91160304626351  o
-1.53652945876208 -3.39438482531355   0.45757888570716  c
 6.26436941738831  1.46076364762815   2.11473919706997  c
-4.64262044748572  0.84499783982355   0.71177160354867  c
-6.01058431347206  0.57714244140127   2.79084533219058  c
-1.48785039930790  2.01985090768875   2.82612174871722  h
 0.04349928631820 -5.51950908222584   0.49899143741598  o
-5.84998237675525  0.64745149146957  -1.84967648731644  c
-2.01337107441010  3.42922626751522  -2.70498061866206  h
-2.13849898650625  5.39290102759103  -0.03991175899895  h
 1.93994751418005  5.45563912105119  -2.67073192383060  h
 2.31713882925441  5.14824979584943   0.62032434254752  h
 4.62915254286644  1.98199025723739  -2.78790980195859  h
 0.02843153219117  0.09635799609632  -3.72302376949600  h
 2.86679434471346 -2.80672745415377   2.38967866983333  h
 1.55222401425793 -0.29571263547399   4.12722397915579  h
 3.94728010028119 -2.16697815529154  -4.07917455282504  h
-2.84991174485870 -3.52031037682328  -1.14484865236912  h
-2.63699861079280 -3.47154338708968   2.20379555238869  h
 6.83182496695706  0.78250862745151   3.94680914330312  h
 7.57542136673737  2.68685317665099   1.15481600639278  h
-8.00041772252384  0.15614938688569   2.72025445082457  h
-5.20306910838799  0.75884137374619   4.64976241812201  h
 1.19988066095303 -5.34999634851150  -0.90808979205960  h
-4.57864051067564 -0.19325486479382  -3.22633432614824  h
-7.55699545136650 -0.49068803259921  -1.74615962529844  h
-6.38175753775228  2.51965004995554  -2.52726976867868  h
$end