   -0.01007656
   -0.02637313
   -0.05839802
   -0.05708919
   -0.03022244
    0.12375319
   -0.07597102
    0.01051479
   -0.48335405
    0.07761471
   -0.11229151
    0.01783308
   -0.12038514
    0.04094261
   -0.49082024
   -0.11996224
    0.03948252
    0.03781284
    0.05506055
    0.03495244
    0.03919139
    0.00595044
    0.05372998
    0.04709104
    0.32113708
    0.02614506
    0.04300427
    0.03695665
    0.03870168
    0.03004152
    0.02618804
    0.31295243
    0.07538758
    0.03854830
    0.05195135
