           1           2  0.957528518327854     
           2           3  0.987827717285472     
           3           4   1.00978813640851     
           4           5  0.978931589132558     
           1           6  0.959290822902228     
           5           6  0.976001657734586     
           1           7  0.980217522984419     
           5           8  0.995003960236914     
           7           8   1.00360607508183     
           6           9  0.989735632565548     
           1          10  0.978889703602644     
           8          11   1.93766187488409     
           2          12  0.997615857586553     
          12          13   1.89600337742445     
           2          14  0.959475195793705     
          10          15  0.991173550770363     
          12          16   1.03131393333116     
           3          17  0.973666502191844     
           3          18  0.975560125077491     
           4          19  0.970257868109016     
           4          20  0.976413977683815     
           5          21  0.964878009892907     
           6          22  0.958188922594965     
           7          23  0.965055555699836     
           7          24  0.958989378010206     
           9          25  0.861692683128384     
          10          26  0.968836527032197     
          10          27  0.970217997939956     
          11          28  0.974598380481796     
          11          29  0.974493826531674     
          13          30  0.975481414370410     
          13          31  0.974607377473679     
          15          32  0.857356477596605     
          16          33  0.956860717144719     
          16          34  0.983274510525374     
          16          35  0.962132052399324     
