$coord
 1.88749519924490  3.03224802830744  -0.12792640371810  c
 4.50712611627733  2.00926869408231   0.68714011383759  c
 5.50754684629201 -0.14256982703448  -1.04537473036499  c
 4.76820424113337 -2.82439051566595  -0.11165932153021  c
 1.94861420762663 -3.56395515041691  -0.41886812138901  c
 0.20671924949748 -1.50750712381682   0.73421163184505  c
 0.08733009355926  0.90117804101318  -0.93492164723037  c
 0.46433519323639  4.39115487278722   2.07390617393507  c
-2.29485806995911  3.35986400048262   2.07790915423733  c
-2.60125575023782  1.83974823970932  -0.40407595378372  c
-2.32958293828392 -2.37676370613037   1.00894759433437  o
-4.08283701977490 -0.68075018841896  -0.14334382207454  c
 0.36793760331786  0.39858049250058  -2.88736892299346  h
-3.35397825588295  3.00122138642840  -1.90275000818060  h
 0.92825618753732 -1.02618080489156   2.60255186260973  h
 1.46659182593465 -6.14815037433904   0.85997932498838  c
-4.81835998304759 -1.69058058364050  -2.80948393839728  c
-6.48519448883093 -0.50633856929257   1.52110830610199  c
 2.21680695205058  4.87641903020164  -2.37535761178245  c
 5.83533165061726  3.56531100435140   0.68619485231613  h
 4.40994790705451  1.31574361633053   2.60576861443433  h
 4.85917389941620  0.13825959662372  -2.96362598785870  h
 7.55310546920917 -0.04865267088205  -1.08989274493951  h
 5.26451434298521 -2.97991269469161   1.86751148245488  h
 5.89349574254879 -4.20786083414634  -1.11860383221973  h
 1.51233587050398 -3.72247330817768  -2.41100505304846  h
 0.49686527993197  6.41540848539378   1.79386898927130  h
 1.36900286159026  4.01305001694439   3.86726718475157  h
-2.55086134528687  2.10863537072608   3.67250307538530  h
-3.67983733374973  4.85537871436670   2.23832179026293  h
 1.85225747924078 -6.02456302373481   2.86682977545829  h
-0.48896268024654 -6.70506951517467   0.61189581307989  h
 2.68170834055528 -7.58437044381626   0.05096745632914  h
-3.16772097899571 -1.82296086003026  -4.01014247368772  h
-6.17895883729681 -0.43925176271690  -3.69012476548347  h
-5.65067387916881 -3.55300507690561  -2.63238860728433  h
-6.01168618325623  0.06502876942545   3.42694504501690  h
-7.79110456248327  0.85423190474980   0.72125093690832  h
-7.40246210563749 -2.33637450417513   1.59721163238186  h
 3.33815787382369  6.49156157457743  -1.80909913547757  h
 3.15903061021292  3.94872519873247  -3.93664418737230  h
 0.39459064008538  5.54510176013482  -3.02171427409873  h
$end
