   -0.00826958
   -0.03394735
   -0.06240050
   -0.05910540
   -0.02946614
    0.11817313
   -0.07164319
    0.01871947
   -0.48675061
    0.08017349
   -0.11304967
    0.00779019
   -0.11189736
    0.04661437
   -0.49101703
   -0.11556125
    0.04140024
    0.04315584
    0.03725552
    0.04234573
    0.04529701
    0.02004986
    0.05317703
    0.05010120
    0.31310720
    0.02422862
    0.04750670
    0.03441849
    0.03477422
    0.03234795
    0.03594840
    0.31185612
    0.04878398
    0.05174909
    0.04413425
