$coord
 0.24690283002659 -1.09437620389353   0.78128708089401  c
-1.73082856051255  0.98478020895911   1.38175033005338  c
-0.60159730498774  3.64550786920228   0.97609351174820  c
 1.12778491659606  3.92660822632398  -1.32411569219476  c
 2.91449252084626  1.66063829295931  -1.53389698315294  c
 1.31451544487200 -0.71495596384617  -1.90687844233200  c
 2.60959782914984 -0.67110913289398   2.42710768642859  c
 4.17489368032841  1.21142655045244   0.97710647279262  c
 2.85675427365055 -2.72841969681944  -2.70576500542632  o
-0.83674330105671 -3.76422041470375   1.13678058572922  c
 6.27698436558600  2.29374880914314   1.76983306237661  c
-4.25742710470756  0.63734173788962   0.07630725867592  c
-4.75522464188131  1.27023212781394  -2.29665811054342  c
-2.12233932934873  0.81984795632205   3.41243379701418  h
-2.28254364236641 -4.61104298446753  -0.93173870540595  o
-6.33292376566432 -0.36081492088114   1.74505484302851  c
-2.14600533791351  5.00848679357207   0.85008254688528  h
 0.50687048117661  4.12127054723076   2.64969200208888  h
 0.03551495797826  4.09765953631028  -3.06358636485384  h
 2.23030644215705  5.65746549763452  -1.11199136968685  h
 4.26772659869578  1.91913358043930  -3.06589469989807  h
-0.19455874823038 -0.41715533766185  -3.29558699890337  h
 3.67001239724797 -2.43349249218340   2.60004427979423  h
 2.15196137671572 -0.02285247617653   4.32916213474020  h
 1.79225117442074 -4.19944668457353  -2.87120659575701  h
-1.93510142869433 -3.85204740850259   2.89933689010803  h
 0.70867607568585 -5.12620614664309   1.30365599045082  h
 7.05642429645108  1.90637014153110   3.60974256899966  h
 7.31096848974590  3.60161546863841   0.60439627397229  h
-6.61608675885196  1.00841019159605  -3.08411771083951  h
-3.38601466951188  2.08911294687142  -3.55050191961435  h
-3.64703653537250 -3.43045873366616  -1.21094877874401  h
-5.78930878848914 -2.11073348129601   2.68061170284334  h
-6.74813662757462  1.01895586304123   3.21836366298484  h
-8.05327935022807 -0.69463554115377   0.67159897730673  h
$end