           1           2  0.958737096357681     
           2           3  0.983843974403135     
           3           4   1.00854672480890     
           4           5  0.979148267045986     
           1           6  0.961069218073182     
           5           6  0.979019562678919     
           1           7  0.981416799398317     
           5           8  0.994972592453258     
           7           8   1.00641466910429     
           6           9  0.981423068816440     
           1          10  0.978757329522023     
           8          11   1.93713347372013     
           2          12  0.997403931518199     
          12          13   1.91495539126258     
           2          14  0.963136033171438     
          10          15  0.991809241334336     
          12          16   1.02259410580524     
           3          17  0.976326858949638     
           3          18  0.976734896657486     
           4          19  0.970500908661980     
           4          20  0.975604578564404     
           5          21  0.962694718871713     
           6          22  0.956560674892042     
           7          23  0.957685731448467     
           7          24  0.965429162548007     
           9          25  0.882168099924119     
          10          26  0.964999954317765     
          10          27  0.968400344692232     
          11          28  0.975122298332723     
          11          29  0.974947281184361     
          13          30  0.974052857615427     
          13          31  0.966769796481862     
          15          32  0.869725611943561     
          16          33  0.969270849566680     
          16          34  0.967472439292282     
          16          35  0.984068606288739     
