$coord
 0.21485455667308 -1.31248788552446  -0.53589376995459  c
 1.13642550297772  1.17557010403447  -1.79333645433911  c
-0.93705987408674  3.21060225014017  -1.62967583696229  c
-2.31526448549962  3.30456149044276   0.90482528280794  c
-3.13492068885507  0.64491990890519   1.70564431328632  c
-0.77740702132493 -0.95858775920782   2.18631039011520  c
-2.25007107938842 -2.16147720222458  -1.83333536108191  c
-4.31034466490360 -0.72170825613683  -0.49557714318038  c
 0.86866008329799  0.12620649444718   3.96323419888894  o
 2.25146973334607 -3.36301053676666  -0.69797176173244  c
-6.71722534290443 -0.65193797662451  -1.14779961297081  c
 3.72467497835832  2.09569907573284  -0.97040239043898  c
 5.76631046721867  1.30380742818922  -2.19130425804208  c
 1.35334746217294  0.70399773703089  -3.80351266081857  h
 1.37243871609752 -5.59767687926235   0.47480694148162  o
 3.96760569496503  3.98475538795447   1.12244944136570  c
-0.12020990004362  5.05403222129275  -2.06144631931302  h
-2.33794381589785  2.81787661908574  -3.09373654305180  h
-1.11461403723945  4.08331787902237   2.38188304576484  h
-3.97865928794307  4.51128062256771   0.71684464778767  h
-4.36789484504352  0.74678676052518   3.35479688430325  h
-1.37023050082211 -2.83361113227359   2.86410867010136  h
-2.24110193388423 -1.82636150463913  -3.86649730325584  h
-2.50459930903283 -4.18672861609987  -1.52256491087339  h
 2.23136547963769 -1.04467378593282   4.24338865435443  h
 3.98831118072494 -2.70126190239779   0.23074131772493  h
 2.68962792822833 -3.72090900609078  -2.69592749032735  h
-7.41803653076805 -1.65413012172564  -2.77510160998937  h
-8.08432751702119  0.41043611727914  -0.07941661007433  h
 7.63403858243478  1.92891969876712  -1.67590003994531  h
 5.66997220364255  0.00022081298598  -3.75268249134482  h
 2.59738402993536 -6.91452965097886   0.21084736766863  h
 3.02113431807813  3.31853436389784   2.81611686397682  h
 5.94983710960192  4.32162230664566   1.54690700373051  h
 3.11664342482143  5.77683834481368   0.57635717515847  h
$end