   -0.01001064
   -0.02563593
   -0.05912690
   -0.05759508
   -0.02812452
    0.11831056
   -0.07179602
    0.00965098
   -0.46862302
    0.07833877
   -0.11232129
    0.01267228
   -0.11479328
    0.04555175
   -0.47756050
   -0.11675662
    0.03982337
    0.03562524
    0.05557176
    0.03534463
    0.04053356
    0.00429664
    0.05263475
    0.04470775
    0.30805991
    0.01815525
    0.04709733
    0.03686310
    0.03832728
    0.02477254
    0.03412655
    0.30998175
    0.06794128
    0.03701117
    0.04694558
