$coord
 0.06098597091417 -1.50398386617001  -0.06643994304527  c
 1.29277133369006  0.78883695732962  -1.53945913468194  c
-0.70021835092672  2.92528838176598  -1.93576915441575  c
-2.38063172944775  3.46564780495966   0.39236209204370  c
-3.38537528949366  0.97768053992097   1.58222248159780  c
-1.16342280660591 -0.68175208081812   2.48698831496488  c
-2.38271345111595 -2.36018240436849  -1.50875079356743  c
-4.51409189717338 -0.70936630040251  -0.45492606396481  c
 0.38087286187188  0.62765702299080   4.26126845679214  o
 1.88934589272928 -3.73840143222659   0.29851626855135  c
-6.93452981605745 -0.75786759634611  -1.17801455387185  c
 3.85988355651015  1.75596376725440  -0.55630765971288  c
 6.00121006371502  0.60554976171739  -1.30093347867896  c
 1.70799521033752  0.01294960567649  -3.42648655695763  h
 2.85209101207954 -4.78187019590584  -2.01075744966722  o
 4.02114694703854  4.09945387526788   1.09273522737797  c
 0.24185053191750  4.67186989590010  -2.56032224511706  h
-1.93584582628912  2.37134121901988  -3.51704889496293  h
-1.34454108734149  4.54320356106334   1.83656913217317  h
-4.00180697839312  4.63788452768226  -0.18874434988514  h
-4.73703732362944  1.40398561028412   3.10550913785777  h
-1.94984296865903 -2.40311637909944   3.39298868729394  h
-2.19774703287131 -2.18632557663357  -3.57465797267813  h
-2.79010064833683 -4.36859032729763  -1.10898276697886  h
 1.77439931683213 -0.47975192702261   4.76307177043726  h
 0.91458480479832 -5.21301844316277   1.42318279859945  h
 3.56793082132289 -3.14267808088639   1.36957988846102  h
-7.59951303705474 -2.01349324524522  -2.67708450041919  h
-8.35010092426942  0.45903409021531  -0.29524598387169  h
 7.85435849054195  1.26924423547627  -0.67600101256588  h
 5.98148418851370 -1.04589685549285  -2.53587161279316  h
 1.42629412283271 -5.46695294888839  -2.96896557498507  h
 2.94198404129365  3.87173410792271   2.84804244199408  h
 5.99983871159610  4.51532647564250   1.57695239947369  h
 3.25771228996535  5.77286792417925   0.11360729029514  h
$end
