           1           2  0.957619695839613     
           2           3  0.991848807340807     
           3           4   1.00937608102699     
           4           5  0.978240933866449     
           1           6  0.958626783703912     
           5           6  0.974944599527036     
           1           7  0.979928811211216     
           5           8  0.995765956317632     
           7           8   1.00299860148744     
           6           9  0.987288065541185     
           1          10  0.980741958229651     
           8          11   1.93774581240955     
           2          12  0.995280238094414     
          12          13   1.92433107860837     
           2          14  0.958151524001626     
          10          15  0.993466378667299     
          12          16   1.02844583067001     
           3          17  0.972741438525177     
           3          18  0.975597163331172     
           4          19  0.969435851951397     
           4          20  0.976457363440703     
           5          21  0.964828150051555     
           6          22  0.958203806884077     
           7          23  0.964092091904005     
           7          24  0.959173643951707     
           9          25  0.886692502390582     
          10          26  0.966383454531779     
          10          27  0.965702992550083     
          11          28  0.974631823354159     
          11          29  0.974485142992898     
          13          30  0.975620385901771     
          13          31  0.974234686439198     
          15          32  0.886024065123822     
          16          33  0.959697995453321     
          16          34  0.983611575356419     
          16          35  0.965538350826686     
