    0.00100463
   -0.03485183
   -0.06189173
   -0.05846328
   -0.03564473
    0.11842270
   -0.07253523
    0.01813201
   -0.48041351
    0.08371216
   -0.11332799
    0.00858419
   -0.11147777
    0.04816175
   -0.48896833
   -0.11628738
    0.04109080
    0.04316274
    0.03690083
    0.04159068
    0.03425980
    0.02004700
    0.05700409
    0.04998423
    0.30471657
    0.01839471
    0.05324972
    0.03413820
    0.03430541
    0.03308634
    0.03476321
    0.31120209
    0.04467265
    0.05080449
    0.05247077
