$coord
 0.27113341570995 -1.15605234835449   0.67547010888726  c
-1.76273415218864  0.92710260610022   1.34613521105627  c
-0.67172912726350  3.65351232026042   1.03970053738157  c
 1.06349651959915  4.01193377287269  -1.27759068762282  c
 2.92613623802506  1.76669675215171  -1.55692430622232  c
 1.39702100603513 -0.68097175784679  -1.99202311742048  c
 2.64006688153763 -0.70148796849341   2.39110821283979  c
 4.25140114248503  1.21375732496198   0.94331130015072  c
 3.01241664869663 -2.77194896272285  -2.59789465267206  o
-0.78538934592833 -3.85541645784181   1.03516533208777  c
 6.43453472954922  2.22066326115177   1.72235500531236  c
-4.36673603727900  0.60800585383100   0.10016222763834  c
-4.90383717513037  1.15051820062888  -2.32631749125042  c
-2.10118958325318  0.67318346118369   3.38798033282989  h
-2.43783472808215 -4.72251879652486  -0.92324380029213  o
-6.44282914238876 -0.27149508077216   1.87797545706758  c
-2.23801071372738  5.02181154327566   0.98310980684846  h
 0.42707249863336  4.10683379167070   2.74917146314902  h
-0.05163698994065  4.19008916557603  -3.02983424993905  h
 2.12950882097899  5.78911129306337  -1.07138114180304  h
 4.26432730498861  2.15225574149642  -3.10804805315852  h
-0.06357410831458 -0.44974160292028  -3.46061341080499  h
 3.70084758900706 -2.47554689514819   2.64462988113719  h
 2.12653728736627 -0.03198469225483   4.29410574621031  h
 3.92375976041895 -2.34586431997973  -4.15074181650881  h
-1.71876141744120 -3.96129041419978   2.90962227428083  h
 0.79302862038649 -5.20589704258828   1.06888592422381  h
 7.25571578012900  1.75390546062279   3.55953033759438  h
 7.48960317729924  3.55336523180669   0.54916080419887  h
-6.82329876301300  0.93562332060608  -3.05697706190963  h
-3.50519018340694  1.85100797741266  -3.66547369266493  h
-3.60990778966381 -3.35618991220186  -1.35083652261548  h
-8.26253241912365 -0.49914592376133   0.90153989123244  h
-5.95629797835506 -2.08337860550778   2.78555213610286  h
-6.69705508700593  1.10748982447994   3.42194318782377  h
$end
