           1           2  0.959346409114734     
           2           3  0.983170516830899     
           3           4   1.00904760452962     
           4           5  0.979803244462808     
           1           6  0.969416559763971     
           5           6  0.972567500893643     
           1           7  0.980119811153315     
           5           8  0.994055276962259     
           7           8   1.00760633870908     
           6           9  0.978237120468255     
           1          10  0.979219434700572     
           8          11   1.93656282684642     
           2          12  0.996774317792978     
          12          13   1.91024790289038     
           2          14  0.963175907465269     
          10          15  0.997241293398267     
          12          16   1.02210184250312     
           3          17  0.976231862142825     
           3          18  0.976330576619304     
           4          19  0.970182443615057     
           4          20  0.975471703224787     
           5          21  0.962809828805939     
           6          22  0.957296988416343     
           7          23  0.956802527198063     
           7          24  0.965392629740889     
           9          25  0.890747013818236     
          10          26  0.965469714334265     
          10          27  0.968777602309124     
          11          28  0.975099622717445     
          11          29  0.974911483286758     
          13          30  0.974118689654860     
          13          31  0.967201826184587     
          15          32  0.862303530671832     
          16          33  0.984086338566624     
          16          34  0.970389951162578     
          16          35  0.967309193034999     
