   -0.06967097
   -0.06387155
   -0.04979110
   -0.03697848
   -0.06658730
    0.06671319
   -0.02206184
   -0.04222418
   -0.21520554
    0.05181827
   -0.01086772
    0.01650407
   -0.06357973
    0.01292518
    0.00759560
   -0.04633174
   -0.05276631
   -0.02537339
    0.29312246
   -0.02346681
   -0.05855795
   -0.73623534
    0.06831707
    0.36213788
   -0.46909322
   -0.25169560
    0.02527967
    0.04880739
    0.04378006
    0.05380512
    0.04675365
    0.02547829
    0.02928595
    0.02766299
    0.05889031
    0.16774063
    0.04360535
    0.06056644
    0.04823527
    0.05635183
    0.05962470
    0.07189773
    0.08398975
    0.05751592
    0.07083839
    0.06783695
    0.04177557
    0.07385970
    0.07231607
    0.08932732
