           1           2   1.00604739405121     
           3           4   1.42180296636568     
           4           5   1.46187817408259     
           5           6   1.35033827887172     
           4           7  0.100649396609513     
           6           7   1.32755926048046     
           3           8   1.43623501774542     
           5           8  0.103213369380526     
           7           8   1.42546723810873     
           6           9   1.13153261480033     
           1          10  0.974851675921110     
           9          10   1.00266416877539     
          10          11  0.942121265359711     
           7          12  0.990924164408581     
          11          12  0.956602651383233     
          11          13  0.983302926298244     
           2          14  0.970134889724037     
          13          14  0.966198808023710     
          12          15  0.957035648709941     
          14          15  0.965878621787249     
          14          16   1.00857156697437     
          16          17   1.92023038020692     
          17          18   1.02389270676833     
          15          19  0.922133000664898     
          18          19  0.938778496279105     
          19          20  0.942111605377771     
          12          21  0.969324729958703     
          20          21   1.00811072086457     
          19          22   1.01407491079277     
          15          23  0.962320924288708     
          11          24  0.947755651569676     
          24          25   1.69793802698400     
          24          26   1.17346165660740     
          25          26  0.174371411094525     
          26          27  0.939755146999283     
           1          28  0.974593477595362     
           1          29  0.972139335832265     
           2          30  0.974541098691669     
           2          31  0.974963497461224     
           3          32  0.971492563907103     
           4          33  0.970984171732386     
           5          34  0.967365174167193     
           8          35  0.954776527645472     
           9          36  0.940174345727901     
          10          37  0.964461819501387     
          13          38  0.971922935087489     
          13          39  0.969483701619359     
          16          40  0.962340692890552     
          17          41  0.961989568694303     
          18          42  0.963442315083280     
          18          43  0.948808590523800     
          20          44  0.967633624865989     
          20          45  0.972618049476722     
          21          46  0.971592864310234     
          21          47  0.972166918481201     
          27          48  0.975230154762929     
          27          49  0.976414395217995     
          27          50  0.978989509370145     
