$coord
         -1.221550949928          3.062421733979          0.575054333704     c 
         -1.969038038848          2.376928873957         -2.174990556756     c 
         -4.386563074418          0.773109357277         -2.497109426914     c 
         -4.012397627485         -2.058600396208         -1.915344426796     c 
         -3.208860960521         -2.645076203294          0.828481265001     c 
         -0.430021871692         -1.890309469566          1.388963409702     c 
          0.206322653541          0.916831208132          1.972581789732     c 
          0.855326857554          5.130603165370          0.446278046993     c 
          3.253567869562          3.660355644865         -0.329653514120     c 
          3.022587030637          1.134958187441          1.139442134553     c 
          1.151576181375         -2.555771792257         -0.673127667937     o 
          3.558591330929         -1.402207318988         -0.320595128337     c 
          0.026183103635          1.249523797183          3.978587630404     h 
          4.239412830200          1.204607712866          2.775355706833     h 
          0.141647435612         -2.961983610586          3.058693412509     h 
         -3.505190146975         -5.520511428248          1.310896739473     c 
          4.794831402174         -1.090676123291         -2.955374952474     c 
          5.264441134143         -3.139448521273          1.340162640640     c 
         -3.518347998989          4.016131079946          2.102364152724     c 
         -2.241268116196          4.137834573517         -3.179507560690     h 
         -0.414791287966          1.399912896450         -3.069554719035     h 
         -5.891760388199          1.527817326448         -1.340727147271     h 
         -4.998842288666          0.939997029194         -4.444948007396     h 
         -2.594313907532         -2.832570673049         -3.172160595509     h 
         -5.769447214272         -3.039515235391         -2.289212403621     h 
         -4.416955308665         -1.631274140251          2.130971837018     h 
          1.113277691651          5.953517329224          2.300521791142     h 
          0.377401983160          6.629066185880         -0.858305420886     h 
          3.258758448939          3.357281251466         -2.345263474184     h 
          4.971794758002          4.660045283329          0.149417536190     h 
         -3.025402318871         -5.991044277398          3.244421209456     h 
         -5.431275876230         -6.114172473168          0.952786427280     h 
         -2.258717253417         -6.559051591249          0.060226227271     h 
          3.528758526822         -0.129070313973         -4.242216279145     h 
          6.535550935324         -0.023423473029         -2.802230428189     h 
          5.217320464024         -2.940029288353         -3.728147880184     h 
          5.452012994021         -4.978401014373          0.459242697889     h 
          7.123929756603         -2.305787446168          1.537988379025     h 
          4.455904833599         -3.379899078906          3.203847102112     h 
         -4.851120750134          2.511523864107          2.466008281502     h 
         -2.895055435985          4.765605285742          3.901262801716     h 
         -4.485499439657          5.502937692956          1.080295774763     h 
$end
