   -0.05978307
   -0.06465500
    0.13559397
    0.00159529
    0.00861280
   -0.05919813
   -0.05645876
   -0.05933701
   -0.02342404
    0.01183927
   -0.04667757
   -0.05798159
   -0.04180809
    0.11975129
   -0.05921658
   -0.06446035
    0.13426953
   -0.44108295
   -0.40822616
   -0.44940042
   -0.11821348
   -0.12601546
   -0.10309609
   -0.10544350
    0.02941482
    0.05041015
    0.03452502
    0.04923403
    0.03503616
    0.03229027
    0.03737500
    0.01521962
    0.02825915
    0.03343338
    0.03858441
    0.03025771
    0.02372378
    0.04765739
    0.05159381
    0.33593648
    0.29365993
    0.30230322
    0.04786174
    0.04402230
    0.03150544
    0.03151896
    0.06362685
    0.03707899
    0.03236963
    0.03254828
    0.03290806
    0.03527514
    0.03512620
    0.04006019
