$coord
 2.47407680187582  2.84169017274207   3.69435383134656  c
 5.11410078161445  2.45696906949910   2.62190768597786  c
 5.18436024243463  1.25365932002258  -0.02297881816302  c
 3.18802418468479 -0.94481483030415  -0.32855587352272  c
 0.54917579582094 -0.56962730390137   1.01124445783005  c
 1.03212103731466  0.34950170372196   3.73140395388524  c
 2.60140872857517 -1.45655862754200  -3.12501718319698  c
 1.09981407903625 -3.90125950357189  -3.42268975549192  c
-1.34579189511642 -3.91817964264716  -1.87408769974119  c
-1.03579736947858 -3.12260701610308   0.94205129916465  c
-1.51713945935713  1.28295042985775  -0.01599277771105  c
-3.65037082143853 -2.24080822773652   1.84936902566330  c
-3.88404881022311  0.31786993980150   0.70420893754699  c
-6.17354226661372  1.51827221486496   0.32896886182909  c
-6.18310124968784  3.84345187886093  -0.88559768174191  c
-3.91087468974659  4.83776545981392  -1.62367096707007  c
-1.57888229831770  3.64883181544285  -1.19258670266803  c
 0.36338992481654  5.05761677569485  -2.05698222363322  o
-8.42678909217207  0.50381271665582   1.10237580159850  o
 4.80925183924266  3.25054542885952  -1.79116094134122  o
 7.94170299941500  0.42923160714426  -0.51182812947873  c
 4.56957526919647 -3.26394205149757   0.75972409505501  c
-2.62754552759282 -6.48763169459487  -2.22050274899832  c
-0.32499859391573 -5.34146971809541   2.68359767421199  c
 2.64311226692683  3.57149635035700   5.61801197341044  h
 1.44083982100181  4.24176771777079   2.59562237338402  h
 6.18214678606050  1.25690659516095   3.91479643724091  h
 6.08875272070113  4.26997944779049   2.49303697664846  h
-0.75660031408586  0.62563892099741   4.71305524578856  h
 2.13260399058220 -1.03461983596536   4.79012901385268  h
 1.48478997386375  0.09777191960798  -3.89959535121944  h
 4.34501897727008 -1.62075075703675  -4.22509311742505  h
 0.59268764144794 -4.12343748597431  -5.41310779383945  h
 2.27565298584063 -5.51983524026235  -2.92862029930923  h
-2.58208270093492 -2.49014211181091  -2.72302951798618  h
-3.71606170891267 -2.16213816625128   3.91493157609149  h
-5.13051665520999 -3.53523811301585   1.22028911426931  h
-7.94246488672207  4.81114743258980  -1.21976564879420  h
-3.82122559896292  6.64246496282323  -2.56694724094438  h
 2.01744323900176  4.30851302669156  -1.68974123218170  h
-8.11711073717921 -1.07827279292235   1.94818283840061  h
 5.10349139295069  2.61809632135495  -3.47380472237750  h
 9.06919721471686  2.15012364716050  -0.58864548306154  h
 8.71648165396230 -0.75760163536220   0.96601480202212  h
 8.13172884306893 -0.52995422033562  -2.32173051546275  h
 5.24719334244266 -2.90236988409877   2.66158664470214  h
 3.38834854004731 -4.90889208193800   0.80775716882971  h
 6.17414548760201 -3.73420333331831  -0.42861441673353  h
-1.38932538339879 -8.03019288646193  -1.66438456766659  h
-4.36414841330000 -6.63503125097645  -1.13582129725314  h
-3.10239254128385 -6.74955792914399  -4.20366932881244  h
-2.05608372216639 -6.22220298136256   3.36593283230173  h
 0.73174701478495 -6.83197276980726   1.75060056049484  h
 0.72737317525949 -4.71291652420622   4.32764325924104  h
$end