           1           2   1.00931454549194     
           2           3  0.982829970473514     
           3           4  0.945331734616928     
           4           5  0.960204633502512     
           1           6   1.00666424251690     
           5           6  0.979195825856392     
           4           7  0.989366318759302     
           7           8   1.00496362724160     
           8           9  0.996878069786833     
           5          10  0.948325665585469     
           9          10  0.972166757426424     
           5          11  0.966524934148541     
          10          12  0.980848983464267     
          11          13   1.35513132871404     
          12          13   1.01140076009503     
          13          14   1.38664863030279     
          14          15   1.34100067741155     
          13          16  0.101770195743514     
          15          16   1.49257437655628     
          11          17   1.36870196262240     
          16          17   1.32343076051032     
          17          18   1.09741046747041     
          14          19   1.04717355237054     
           3          20  0.953724180505927     
           3          21  0.990312246532820     
           4          22  0.995675900742085     
           9          23   1.00779325584622     
          10          24  0.999720960558746     
           1          25  0.975516404803070     
           1          26  0.970542727252010     
           2          27  0.973337836421861     
           2          28  0.972798942198266     
           6          29  0.972513918585734     
           6          30  0.965303910531499     
           7          31  0.972364194737341     
           7          32  0.971450540383670     
           8          33  0.975398969693916     
           8          34  0.972657370082294     
           9          35  0.962703744437096     
          12          36  0.957813031941251     
          12          37  0.958673548494266     
          15          38  0.967621242394361     
          16          39  0.967212640221019     
          18          40  0.780145121350604     
          19          41  0.887812442446744     
          20          42  0.883892760943907     
          21          43  0.982613773222624     
          21          44  0.982788078735345     
          21          45  0.980717373901614     
          22          46  0.980691680962293     
          22          47  0.961410495017918     
          22          48  0.979712575229917     
          23          49  0.983762963693379     
          23          50  0.980974683977790     
          23          51  0.985903111059833     
          24          52  0.980994138462527     
          24          53  0.970256561512184     
          24          54  0.979385547447983     
