   -0.00942242
   -0.02913444
   -0.06317635
   -0.05561224
   -0.03778715
    0.11262555
   -0.07237719
    0.00906187
   -0.49418859
    0.08139228
   -0.11271232
    0.01196768
   -0.11570625
    0.04509237
   -0.48452635
   -0.11608413
    0.04065239
    0.04169032
    0.03919312
    0.03763061
    0.03753309
    0.02774816
    0.05524870
    0.05310971
    0.32102462
    0.04200607
    0.02594840
    0.03614440
    0.03606786
    0.03510386
    0.04063301
    0.31420387
    0.05516099
    0.04468971
    0.04679881
