$coord
 0.03543356469191 -1.44368407838543  -0.14616044669220  c
 1.22111904217483  0.96449067573736  -1.48869317726501  c
-0.82776294018213  3.07492912984695  -1.75204228453112  c
-2.50933226248059  3.46741242527577   0.60665712543669  c
-3.43379922715885  0.90729987560524   1.68214496250508  c
-1.13885481837250 -0.74446640152449   2.47111296169554  c
-2.40858099690331 -2.23644047716623  -1.60834794209909  c
-4.55642754135975 -0.70049561145416  -0.42050713458724  c
 0.50775948947864  0.26979364776340   4.34107287953140  o
 1.85613496220391 -3.69616227851048   0.12502402487387  c
-6.99197735906217 -0.78840713065974  -1.09070341841796  c
 3.75597458206123  1.95295724938275  -0.44777514527391  c
 3.98831145535187  4.06795573704149   0.94902043633229  c
 1.65780890609996  0.34382782324595  -3.43511610624553  h
 2.70377985187075 -4.74217472542129  -2.22815861857544  o
 6.14252275799080  0.59244269819708  -1.29568212598644  c
 0.08395897807845  4.86195807108354  -2.29784209964945  h
-2.06634084188361  2.56571975394985  -3.34431153540592  h
-1.50979018471189  4.51175555625490   2.10644794210095  h
-4.15435005657531  4.63299126008175   0.08474904790529  h
-4.76412118257893  1.22132362175781   3.25087112310293  h
-1.88154944243024 -2.50097092614372   3.32384813809737  h
-2.25119529850427 -1.93618270189079  -3.66105193272164  h
-2.76031731102180 -4.27328587483017  -1.33588889953402  h
 1.67792202724214  1.46851823370610   3.55539187427633  h
 0.82618381991728 -5.24463453125724   1.06311249687785  h
 3.45559871182255 -3.20712585301530   1.37370343413935  h
-7.65266269891450 -1.98602310816565  -2.63921566710569  h
-8.42314079154323  0.33952859339095  -0.11876225652747  h
 5.84466552762362  4.74144150890635   1.54860461438163  h
 2.39127862337974  5.23960610965471   1.51749464583524  h
 3.84828186544445 -3.54020374441183  -3.03843163030065  h
 6.34157947238501 -1.31035022270645  -0.48017864213109  h
 6.16009124410836  0.38546642173530  -3.37157323651534  h
 7.84053173314271  1.65948000709760  -0.75521584287970  h
$end
