           1           2  0.957787897611625     
           2           3  0.987498024185031     
           3           4   1.00885620994684     
           4           5  0.980787415554038     
           1           6  0.958421904017300     
           5           6  0.963309383110564     
           1           7  0.981810176574839     
           5           8  0.995503477601575     
           7           8   1.00525361340418     
           6           9  0.999334212376058     
           1          10  0.979666769802127     
           8          11   1.93636018423581     
           2          12  0.997107132183730     
          12          13   1.91507482734944     
           2          14  0.954447583084945     
          10          15  0.994676846153074     
          12          16   1.02374868550948     
           3          17  0.975126026928222     
           3          18  0.976175337329860     
           4          19  0.966537427581115     
           4          20  0.975480925177762     
           5          21  0.965209937192811     
           6          22  0.961313575482483     
           7          23  0.963726790233105     
           7          24  0.958192517623718     
           9          25  0.850438936938475     
          10          26  0.969090801642605     
          10          27  0.963055911878093     
          11          28  0.974750111200119     
          11          29  0.974737097246694     
          13          30  0.973716666462511     
          13          31  0.962271968219730     
          15          32  0.875750895288546     
          16          33  0.960640288196985     
          16          34  0.971697193440165     
          16          35  0.982122116810042     
