   -0.01025114
   -0.02819532
   -0.05874077
   -0.05532213
   -0.03012087
    0.12261625
   -0.07588341
    0.01068553
   -0.48169713
    0.07964608
   -0.11224628
    0.00597769
   -0.10989774
    0.04290886
   -0.49033542
   -0.11486608
    0.03865275
    0.03835397
    0.05040713
    0.03573550
    0.03938768
    0.00584147
    0.05418775
    0.04720052
    0.31859356
    0.02478533
    0.04275563
    0.03738689
    0.03851869
    0.02885139
    0.05333526
    0.31617646
    0.04209037
    0.04461258
    0.04884897
