$coord
-0.12717506034652 -1.50186601217860  -0.49443875319044  c
 1.04385355270027  0.98365654850138  -1.65691315279446  c
-0.82942148802190  3.26581109172392  -1.43546769680324  c
-2.41085368650452  3.33911287002081   1.01578883996452  c
-3.47836640357992  0.68982476517928   1.67701687405712  c
-1.27510483739164 -1.14095443031725   2.20089829111233  c
-2.61584143187284 -2.09460389685061  -1.97677490973788  c
-4.66934722616452 -0.55008402679156  -0.63520094611759  c
 0.34496347167429 -0.24756155305548   4.14590484579095  o
 1.72121867945141 -3.75181011655705  -0.57444502002507  c
-7.08184699031257 -0.34543214231263  -1.36006298540037  c
 3.77038164346364  1.67957546070173  -0.91489502131048  c
 4.46797114142162  2.74530874851104   1.28357047559085  c
 1.16430833748529  0.55677633911561  -3.69532341913529  h
 3.65651933232922 -3.66044890378877   1.34607630259848  o
 5.70554022884328  1.25806331561070  -2.99783714049732  c
 0.22530361117524  5.04478846311486  -1.65775404902568  h
-2.14555151049621  3.17169604070225  -3.04639974665487  h
-1.28282434977262  4.03318810360815   2.61964602540366  h
-3.98962974013200  4.67444820890845   0.76321522064661  h
-4.80480354766692  0.82552171386638   3.27494388359474  h
-2.08056641772880 -2.99932773374906   2.76165354906887  h
-2.47051159363803 -1.64304532329368  -4.00314173399566  h
-3.06445378977900 -4.12856908408805  -1.85059405929987  h
 1.84084224727211 -1.34690970177077   4.09118792682751  h
 2.57019674132132 -3.94036705626292  -2.47654326839967  h
 0.67020971018434 -5.50753386418781  -0.19123387840730  h
-7.78909848817910 -1.27501017603810  -3.06409492405500  h
-8.44469669688540  0.76704403226609  -0.27857613010455  h
 6.43122244807342  3.29850027302889   1.61174712793508  h
 3.13872231645287  3.09454348442322   2.81334075508968  h
 4.75272041596868 -2.21138740230102   0.98609945473214  h
 7.62627810203154  1.77016568267191  -2.39203224770541  h
 5.73201536314459 -0.72820743168135  -3.63386207426881  h
 5.22590697702983  2.39821065407539  -4.67779369490676  h
$end
