           1           2  0.961625337899570     
           2           3  0.982599068882613     
           3           4   1.00992201769057     
           4           5  0.979005544736371     
           1           6  0.958490810223741     
           5           6  0.975739305453327     
           1           7  0.979932039849203     
           5           8  0.995524526997019     
           7           8   1.00399547806960     
           6           9  0.992190271381216     
           1          10  0.979955515072189     
           8          11   1.93747093069017     
           2          12  0.994944619961635     
          12          13   1.91639362930001     
           2          14  0.962930008671418     
          10          15  0.991180947307293     
          12          16   1.02018632951704     
           3          17  0.976403224373020     
           3          18  0.976685065808353     
           4          19  0.969216126449988     
           4          20  0.975948943216813     
           5          21  0.964584207862955     
           6          22  0.957922836597400     
           7          23  0.965346690744239     
           7          24  0.958985822025013     
           9          25  0.865823176836061     
          10          26  0.966791958139787     
          10          27  0.970057526762633     
          11          28  0.974605586566514     
          11          29  0.974548643803110     
          13          30  0.974411861513133     
          13          31  0.967205170181424     
          15          32  0.860745737612207     
          16          33  0.984381010994693     
          16          34  0.971326607607386     
          16          35  0.968585141492363     
