    0.00155381
   -0.03449606
   -0.06147505
   -0.05729906
   -0.03404648
    0.11524322
   -0.07269105
    0.01646558
   -0.48957327
    0.08082112
   -0.11335408
    0.01619200
   -0.11006037
    0.04447301
   -0.48103871
   -0.11029244
    0.04201830
    0.04134826
    0.03698924
    0.04128579
    0.03375944
    0.02864793
    0.05508682
    0.04945513
    0.30481590
    0.04584068
    0.02801037
    0.03424234
    0.03438771
    0.03036291
    0.02428260
    0.31468305
    0.04263462
    0.04775934
    0.05396739
