           1           2  0.961301581296771     
           2           3  0.981683340075878     
           3           4   1.00845654848439     
           4           5  0.977966907064902     
           1           6  0.968859350778235     
           5           6  0.977081671344423     
           1           7  0.981374261375257     
           5           8  0.994787297528667     
           7           8   1.00866484037069     
           6           9  0.969369067045597     
           1          10  0.975132481532393     
           8          11   1.93535266182237     
           2          12  0.999076749110676     
          12          13   1.92675932164712     
           2          14  0.961132625713297     
          10          15  0.996215245351634     
          12          16   1.02592019473803     
           3          17  0.975756873078635     
           3          18  0.977463751819710     
           4          19  0.970165089868081     
           4          20  0.975780666323878     
           5          21  0.961430426247830     
           6          22  0.954847431709202     
           7          23  0.955471566390872     
           7          24  0.965339292426849     
           9          25  0.888699062367987     
          10          26  0.971299534762638     
          10          27  0.968594597436697     
          11          28  0.975172953764062     
          11          29  0.974909536448469     
          13          30  0.975792347750902     
          13          31  0.975153565091163     
          15          32  0.880192883418944     
          16          33  0.981719398345876     
          16          34  0.971788595701410     
          16          35  0.961031557701830     
