   -0.00849932
   -0.03253066
   -0.06231073
   -0.05941597
   -0.02816861
    0.11259218
   -0.06700791
    0.01742968
   -0.47969089
    0.08282010
   -0.11315828
    0.00842277
   -0.11067893
    0.04276047
   -0.48171670
   -0.11514609
    0.04143810
    0.04289247
    0.03769564
    0.04301317
    0.04637167
    0.01923492
    0.05726209
    0.04996307
    0.30448016
    0.04685077
    0.01710532
    0.03398959
    0.03346976
    0.03175793
    0.03447285
    0.31256413
    0.04605964
    0.04499329
    0.05068433
