$coord
 0.16337701691752 -1.19190369460813   0.19771388844870  c
-1.77038620713436  0.75671031258698   1.23498208638381  c
-0.58689954279546  3.42007221325452   1.38401375802392  c
 1.10780221347358  4.15274737647462  -0.83937767262807  c
 2.82787322040064  1.94600186277141  -1.56673788512224  c
 1.17542227964138 -0.28197438380061  -2.38262892236731  c
 2.57082673340665 -1.15195948825572   1.83144591973817  c
 4.14506180797697  0.95491141948500   0.75415054041106  c
 2.72047244981938 -2.06237778875286  -3.62771340657212  o
-0.96828624356527 -3.85695964215057   0.05471304927010  c
 6.29536286716147  1.80938509934642   1.68429543908651  c
-4.31126060551900  0.73946203617605  -0.09388467057585  c
-4.80718351869157  1.90406117645217  -2.25301149172785  c
-2.15009462342386  0.20642696925987   3.20053979413747  h
-1.57261821204724 -4.90251463137522   2.42051348768073  o
-6.39969069909909 -0.60585199614715   1.29124951211497  c
-2.10249912367036  4.80581282398784   1.58610479755413  h
 0.56221870160152  3.50611789621647   3.09543941608153  h
-0.00739499249230  4.71913541162927  -2.47707100356866  h
 2.26172548773339  5.77099844555557  -0.28599909850309  h
 4.14764204343018  2.49190380710164  -3.05230710002601  h
-0.36354021057790  0.29851321696185  -3.64142731781711  h
 3.57323542411423 -2.94299778523756   1.61771438062522  h
 2.17366273793924 -0.89878984735153   3.83717594986582  h
 1.68356868953599 -3.39682571179535  -4.29640214215085  h
 0.42930713893058 -5.15487062235019  -0.74070463843998  h
-2.63413379978161 -3.83908892283515  -1.19562037412559  h
 7.11617387667198  1.03102359568587   3.37616767875920  h
 7.32888037598908  3.31253067924184   0.78355507557670  h
-6.67377457757217  1.85179799477626  -3.06646735475526  h
-3.43179321913863  2.96561420986561  -3.30094572494603  h
-2.66581019374192 -3.74860391718010   3.30998602752055  h
-6.57224336965796  0.12937748493235   3.20816314661497  h
-8.19635107926973 -0.33670992818153   0.33214962295421  h
-6.05012034257186 -2.63057509116372   1.41797839867283  h
$end