           1           2  0.958295602374942     
           2           3  0.984489855135471     
           3           4   1.00840838651451     
           4           5  0.980079342697582     
           1           6  0.958544447276083     
           5           6  0.977792249954103     
           1           7  0.982656404884447     
           5           8  0.994122584041772     
           7           8   1.00779631019435     
           6           9  0.981505996337727     
           1          10  0.979183807854090     
           8          11   1.93655061554453     
           2          12  0.997281764819442     
          12          13   1.92945614807461     
           2          14  0.958343153803842     
          10          15  0.996323052580645     
          12          16   1.02320355037603     
           3          17  0.976307002668390     
           3          18  0.976801253443613     
           4          19  0.969575234743186     
           4          20  0.975354263150597     
           5          21  0.962493342102715     
           6          22  0.957323921718823     
           7          23  0.957056327556019     
           7          24  0.965142784343553     
           9          25  0.889267660022205     
          10          26  0.966779165222475     
          10          27  0.964686486499372     
          11          28  0.975168434300292     
          11          29  0.975024560438521     
          13          30  0.974096351440051     
          13          31  0.966308528853065     
          15          32  0.875668588718881     
          16          33  0.972222649276621     
          16          34  0.983480160509077     
          16          35  0.964032055465337     
