! r2scan-3c
! DEFGRID2
! scfconv6
! miniprint nopop noautostart
%MaxCore 2500
%pal
    nprocs 12
end
*xyz 0 1
C    1.3801519879   1.2755061868   2.1433739965
C    2.5298927237   1.4331867047   1.1533713480
C    2.1958694959   0.9415620597  -0.2703533268
C    1.6283909022  -0.5189892579  -0.2473354592
C    0.3557956388  -0.4655798266   0.6308965325
C    0.7572451400  -0.1166544181   2.0794286082
C    1.2399648767  -0.9639162464  -1.6650049138
C    0.4600127850  -2.2712106972  -1.6375309410
C   -0.8661381085  -2.1053878731  -0.9002202680
C   -0.6824004580  -1.6406079563   0.5688073157
C   -0.4987682224   0.6542943281   0.1170770338
C   -2.0068063464  -0.9264348268   0.9723013792
C   -1.8430469206   0.4382363470   0.3622002696
C   -2.7686877821   1.3887573793  -0.0352155075
C   -2.3015835927   2.5244612994  -0.6988060663
C   -0.9593882427   2.7062782267  -0.9765887195
C   -0.0266401557   1.7564299120  -0.5621388494
O    1.2910568546   1.8803993322  -0.8708109275
O   -4.1153238423   1.2594015492   0.1785467775
C    3.4586824050   1.0672725594  -1.1294440672
C    2.6863714133  -1.4950357817   0.2868615694
C   -1.6837724594  -3.3910240251  -1.0365098402
C   -0.3951105857  -2.8122756245   1.5035720177
H    1.7500324300   1.4639277880   3.1543528013
H    0.6128241890   2.0229470589   1.9322138812
H    3.4097827173   0.9018829372   1.5171014504
H    2.7973231624   2.4898088107   1.0798575195
H   -0.1243414492  -0.1248575898   2.7210715352
H    1.4617680588  -0.8538602954   2.4627036592
H    0.6278272594  -0.1965491310  -2.1428225268
H    2.1392378955  -1.0963706838  -2.2687894146
H    0.2509682602  -2.5805079693  -2.6644718031
H    1.0553701976  -3.0602939313  -1.1774195113
H   -1.4134660368  -1.3065198429  -1.4145645078
H   -2.1054245670  -0.8702305740   2.0601382185
H   -2.8777939840  -1.4610194205   0.5886554764
H   -3.0255015566   3.2588894844  -1.0141155840
H   -0.6257821943   3.5760791385  -1.5192202529
H   -4.2823378206   0.4252630268   0.6314132981
H    3.2400978111   0.8201077529  -2.1633205013
H    3.7983385898   2.0994770483  -1.0979448772
H    4.2510526899   0.4253070115  -0.7604513072
H    3.2256714789  -1.0997859038   1.1405012137
H    2.2199398494  -2.4247897974   0.5940126930
H    3.4104361723  -1.7247402726  -0.4914537855
H   -2.6173866998  -3.3397019006  -0.4819394413
H   -1.9277960009  -3.5536016975  -2.0843402148
H   -1.1210723447  -4.2527932502  -0.6868086405
H   -1.2748552742  -3.4463956681   1.5829938595
H    0.4264531342  -3.4225086036   1.1388194772
H   -0.1480351221  -2.4662604145   2.5027388920
*
