   -0.01020165
   -0.02882729
   -0.06328751
   -0.05549386
   -0.03829773
    0.11336872
   -0.07243685
    0.00919770
   -0.49048792
    0.08234010
   -0.11283552
    0.01204199
   -0.11564154
    0.04460830
   -0.48252770
   -0.11580696
    0.04041256
    0.04144666
    0.03865747
    0.03746014
    0.03746147
    0.02775587
    0.05492977
    0.05287626
    0.32096446
    0.04157041
    0.02484109
    0.03600732
    0.03591595
    0.03462520
    0.03970987
    0.31429571
    0.05477341
    0.04386061
    0.04672346
