           1           2  0.957763030645504     
           2           3  0.987729279554136     
           3           4   1.00883705543156     
           4           5  0.980865326951115     
           1           6  0.957257394477580     
           5           6  0.962478167401190     
           1           7  0.982139613488648     
           5           8  0.995720354966369     
           7           8   1.00531712466010     
           6           9   1.00218845560386     
           1          10  0.978849525166753     
           8          11   1.93621667554767     
           2          12  0.997687671330094     
          12          13   1.91611162016278     
           2          14  0.954228967944566     
          10          15  0.996706283985503     
          12          16   1.02341169266937     
           3          17  0.975040744861988     
           3          18  0.976087288002707     
           4          19  0.966354719413049     
           4          20  0.975458426721162     
           5          21  0.965177043249086     
           6          22  0.960875700341044     
           7          23  0.963815536082726     
           7          24  0.958014727814188     
           9          25  0.852465725306352     
          10          26  0.968682203658886     
          10          27  0.962313220295232     
          11          28  0.974756855010349     
          11          29  0.974730912402629     
          13          30  0.973811842478264     
          13          31  0.962923706055289     
          15          32  0.875943420547836     
          16          33  0.960649056920381     
          16          34  0.972055511409375     
          16          35  0.982010093270063     
