    0.00045650
   -0.03659168
   -0.06063886
   -0.05926883
   -0.03345749
    0.11346620
   -0.07032794
    0.01580514
   -0.50755315
    0.08266615
   -0.11339697
    0.00860103
   -0.11490251
    0.04527426
   -0.47473131
   -0.11208337
    0.04215477
    0.04292275
    0.03896683
    0.04096404
    0.04273364
    0.02854927
    0.06281505
    0.04839547
    0.32511812
    0.02816167
    0.03117563
    0.03228059
    0.03271550
    0.03387299
    0.02630375
    0.31110534
    0.05511925
    0.04701058
    0.04631761
