$coord
-0.03733076974137 -1.09441018861312   0.57518550947129  c
-1.96194943144376  1.03685184158583   1.37045885153662  c
-0.71923665853067  3.71087689266012   1.19777035400014  c
 1.07613977678046  4.10330577765937  -1.07107733900734  c
 2.79008833317206  1.77011930437144  -1.49837063689867  c
 1.11339262679131 -0.53453924395181  -2.08155432914573  c
 2.34467405210377 -0.87250445042492   2.31477070878323  c
 4.08938951957532  0.97303247895751   0.94363182349842  c
 2.66524510991478 -2.53307085637636  -3.05207097837681  o
-1.36753001948433 -3.67107711694082   0.78723635527418  c
 6.36943674227469  1.73065330163335   1.72844818517268  c
-4.59226545563873  0.95009529948562   0.16039734726993  c
-6.59446128946867  0.31549001279628   1.59119677905518  c
-2.30586270091492  0.68960127386198   3.39656464374022  h
 0.45988599830300 -5.68794321745970   0.44899634747961  o
-4.99035258678903  1.72563366342036  -2.57178672256202  c
-2.20838213967724  5.16527870572726   1.19528362351861  h
 0.36809940343539  4.02055676785283   2.94494278544807  h
 0.00416296512911  4.46732421797897  -2.82067535882027  h
 2.25034828104509  5.78832785940715  -0.72820596006979  h
 4.13819034601460  2.14843079835668  -3.03740565027883  h
-0.35009435581437 -0.07327815496611  -3.49118300774611  h
 3.27430425741019 -2.71630006157884   2.54805476438593  h
 1.84407889283281 -0.21265253522699   4.22463440157067  h
 2.18438040864879 -4.10604585583487  -2.13766726274195  h
-2.87528167984001 -3.81604438268026  -0.64847227798138  h
-2.26698281635761 -3.84859787077512   2.66479921052338  h
 7.18078060493663  1.08470977175252   3.51565392801164  h
 7.52237244016907  3.02337981780845   0.60407023835252  h
-8.51153761327055  0.30530930267398   0.82488912493430  h
-6.39881273631987 -0.21134824085011   3.57832342229879  h
-0.45165029413361 -7.23611923561251   0.01390053913969  h
-4.17748241149889  3.60268228563581  -2.95811547767230  h
-4.10567066267725  0.39882180607347  -3.90861548666629  h
-7.01836497187397  1.80818751224061  -3.02371526379447  h
$end
