           1           2  0.957530692351992     
           2           3  0.983377322419927     
           3           4   1.00852580899811     
           4           5  0.979366389311705     
           1           6  0.970538871360958     
           5           6  0.971426429194257     
           1           7  0.981040220126673     
           5           8  0.995754398969708     
           7           8   1.00824156240609     
           6           9  0.983585167663949     
           1          10  0.984908884206565     
           8          11   1.93496047010732     
           2          12  0.998306193509546     
          12          13   1.92473227853718     
           2          14  0.960995706372639     
          10          15  0.978493183624132     
          12          16   1.02732202739771     
           3          17  0.975206091641281     
           3          18  0.976763522181352     
           4          19  0.970674373629939     
           4          20  0.975680993646314     
           5          21  0.963086509864416     
           6          22  0.953265970450580     
           7          23  0.953908041168519     
           7          24  0.964806724073728     
           9          25  0.850941979483382     
          10          26  0.970741805671201     
          10          27  0.969911735781694     
          11          28  0.975299624922759     
          11          29  0.975183957183183     
          13          30  0.975339955983643     
          13          31  0.975259670499709     
          15          32  0.886806836081519     
          16          33  0.968865176705298     
          16          34  0.960682573253764     
          16          35  0.981969223585550     
