$coord
-1.88586206638882 -2.81310241670313  -0.18884398191198  c
-3.99229886397632 -1.68685951360189   1.46270113242403  c
-5.65000027592741  0.36518723142919   0.24830885316024  c
-4.36878597468873  2.24136747404198  -1.54640728266417  c
-2.00083841660422  3.59131470248656  -0.56342047217511  c
 0.00488451325545  1.71549872801706   0.34131364287460  c
 0.03015979180168 -0.80850876128679  -1.07915888191210  c
-0.26681904899350 -4.68268479431040   1.38640352779197  c
 2.21881043122284 -3.32928764896995   1.96811947000015  c
 2.68450040053952 -1.75743423743158  -0.41352411420541  c
 2.46179831450148  2.72045381201752  -0.02208606448717  o
 4.25628382550392  0.69714971291547  -0.20024793389314  c
-0.13113900372266 -0.42911155926858  -3.10035368061819  h
 3.46409077533603 -2.97707437590776  -1.88417929021849  h
-0.25252932119054  1.37636671178231   2.37404288822149  h
-2.61719569753671  5.49068987101927   1.51779783105753  c
 5.79858278517881  1.11531389863282  -2.61654006178180  c
 6.02644208707001  0.76681995316131   2.08713095600172  c
-3.04509076072983 -4.20461088258678  -2.44384129271672  c
-5.23879566013436 -3.23180741274684   2.03893036518696  h
-3.14747307634657 -0.94342495110080   3.18867184579546  h
-7.15865107154502 -0.54926567667567  -0.82619765890229  h
-6.56311843286431  1.41076108276619   1.77560822566479  h
-5.76565175858010  3.68506409210443  -2.03128472905898  h
-3.89028312971662  1.27117595417292  -3.29994428423899  h
-1.16970081405490  4.62958948156172  -2.15093945591283  h
 0.11988236042833 -6.36802011585765   0.26325826564530  h
-1.23529582759687 -5.28076712820245   3.10257969654678  h
 1.98487903640093 -2.11415525298891   3.61238894373342  h
 3.74920560333283 -4.64954125988307   2.35677757517365  h
-3.47511175220807  4.55213816039067   3.13268526398010  h
-0.89227110272224  6.41591394913121   2.14027106735382  h
-3.92001367495322  6.92279903373338   0.82645101505085  h
 7.30062759299211 -0.27822209825248  -2.76037243771430  h
 6.62421173100364  2.99519764011231  -2.57961141480689  h
 4.58366649204138  0.97612233498491  -4.26748673046744  h
 7.25535541494486 -0.87820199534217   2.08953671663224  h
 7.17655341429331  2.46648276849915   2.00229367485131  h
 4.95695594180792  0.81243917223054   3.83809925927928  h
-4.21420716923256 -5.76414773443857  -1.78687273229850  h
-4.21999599108322 -2.95390938211583  -3.57078962169888  h
-1.56696045271892 -4.96613544349858  -3.65385242620694  h
$end