*************************************************
******************* ORCA 6.1.1 ******************
*************************************************
$Calculation_Status
   &GeometryIndex 1
   &version [&Type "String"] "6.1.1"
   &progName [&Type "String"] "LeanSCF"
   &Status [&Type "String"] "NORMAL TERMINATION"
$End
$Geometry
   &GeometryIndex 1
   &NAtoms [&Type "Integer"] 35
   &NCorelessECP [&Type "Integer"] 0
   &NGhostAtoms [&Type "Integer"] 0
   &CartesianCoordinates [&Type "Coordinates", &Dim(35,4), &Units "Bohr"] 
              C      0.035433564798   -1.443684084873   -0.146160447364
              C      1.221119047579    0.964490680050   -1.488693183954
              C     -0.827762943924    3.074929143542   -1.752042292370
              C     -2.509332273712    3.467412440711    0.606657128207
              C     -3.433799242483    0.907299879642    1.682144970037
              C     -1.138854823389   -0.744466404866    2.471112972724
              C     -2.408581007664   -2.236440487114   -1.608347949327
              C     -4.556427561848   -0.700495614675   -0.420507136380
              O      0.507759491689    0.269793649010    4.341072898963
              C      1.856134970468   -3.696162295015    0.125024025340
              C     -6.991977390308   -0.788407134238   -1.090703423252
              C      3.755974598916    1.952957258156   -0.447775147311
              C      3.988311473164    4.067955755342    0.949020440645
              H      1.657808913612    0.343827824869   -3.435116121572
              O      2.703779864020   -4.742174746644   -2.228158628539
              C      6.142522785594    0.592442700824   -1.295682131705
              H      0.083958978397    4.861958092952   -2.297842110030
              H     -2.066340851135    2.565719765524   -3.344311550351
              H     -1.509790191393    4.511755576492    2.106447951492
              H     -4.154350075209    4.632991280891    0.084749048327
              H     -4.764121203933    1.221323627252    3.250871137717
              H     -1.881549450889   -2.500970937414    3.323848152967
              H     -2.251195308519   -1.936182710498   -3.661051949164
              H     -2.760317323364   -4.273285893897   -1.335888905478
              H      1.677922034761    1.468518240225    3.555391890260
              H      0.826183823571   -5.244634554681    1.063112501590
              H      3.455598727267   -3.207125867443    1.373703440357
              H     -7.652662733169   -1.986023117050   -2.639215678972
              H     -8.423140829174    0.339528594924   -0.118762256980
              H      5.844665553787    4.741441530070    1.548604621376
              H      2.391278634175    5.239606133090    1.517494652651
              H      3.848281882627   -3.540203760321   -3.038431643844
              H      6.341579500713   -1.310350228665   -0.480178644345
              H      6.160091271641    0.385466423536   -3.371573251674
              H      7.840531768231    1.659480014495   -0.755215846283
$End
$SCF_Energy
   &GeometryIndex 1
   &Method [&Type "String"] "SCF"
   &totalEnergy [&Type "ArrayOfDoubles", &Dim (1,1)] "Total energy of each state"
                                                         0

0                                     -6.5776636001755423e+02
   &Mult [&Type "ArrayOfIntegers", &Dim (1,1)] "Multiplicity of each state"
                                                         0

0                                                        1
$End
$DFT_Energy
   &GeometryIndex 1
   &nAlphaEl [&Type "Integer"] 57
   &nBetaEl [&Type "Integer"] 57
   &nTotalEl [&Type "Integer"] 114
   &finalEn [&Type "Double"]      -6.5776636001755423e+02  "No Van der Waals correction"
   &eExchange [&Type "Double"]      -9.1089545471521348e+01
   &eCorr [&Type "Double"]      -4.0426662676652878e+00
   &eXC [&Type "Double"]      -9.5132211739186630e+01
   &eCNL [&Type "Double"]       0.0000000000000000e+00
$End
$Solvation_Details
   &GeometryIndex 1
   &Solvent [&Type "String"] "CHLOROFORM"
   &Epsilon [&Type "Double"]       4.8029999999999999e+00
   &Refrac [&Type "Double"]       1.4459000000000000e+00
   &RSolv [&Type "Double"]       1.3000000000000000e+00
   &SurfaceType [&Type "String"] "GAUSSIAN VDW"
   &CPCMDielEnergy [&Type "Double"]      -1.2657454000000000e-02
   &NPoints [&Type "Integer"] 2568
   &SurfaceArea [&Type "Double"]       8.9956949839000004e+02
$End
$SCF_Timings
   &GeometryIndex 1
   &TOTAL [&Type "Double"]       1.4585113000000002e+01
   &PREP [&Type "Double"]       4.7213400000000005e-01
   &FOCK [&Type "Double"]       1.0833363000000002e+01
   &DENS [&Type "Double"]       2.3401899999999998e-01
   &ETOT [&Type "Double"]       1.0142199999999724e-01
   &TRAFO [&Type "Double"]       3.7110599999999927e-01
   &DIIS [&Type "Double"]       1.5478950000000002e+00
   &SOSCF [&Type "Double"]       7.1876299999999915e-01
   &XC [&Type "Double"]       3.8760859999999990e+00
   &FOCKSTART [&Type "Double"]       4.8983000000000887e-02
   &SOLV [&Type "Double"]       4.3290770000000016e+00
   &SOLV_INIT [&Type "Double"]       2.6574200000000003e-01
   &INT_PREP [&Type "Double"]       1.0000000001397780e-06
   &INT_BF [&Type "Double"]       1.1629560000000152e+00
   &INT_DENS [&Type "Double"]       1.0212010000000118e+00
   &INT_DENSIO [&Type "Double"]       1.9505703143000013e+04
   &INT_FUNC [&Type "Double"]       3.5013000000001915e-01
   &INT_POT [&Type "Double"]       9.1506399999999100e-01
   &INT_POTIO [&Type "Double"]       1.5270000000025874e-02
   &INT_SUM [&Type "Double"]       2.1649999999986402e-03
   &SPLITRIJ [&Type "Double"]       3.1433409999999973e+00
$End
$Single_Point_Data
   &GeometryIndex 1
   &FinalEnergy [&Type "Double"]      -6.5776636001755423e+02  "Final single point energy"
   &Converged [&Type "Boolean"] true
$End
$Calculation_Info
   &GeometryIndex 1
   &Mult [&Type "Integer"] 1
   &Charge [&Type "Integer"] 0
   &NumOfAtoms [&Type "Integer"] 35
   &NumOfElectrons [&Type "Integer"] 114
   &NumOfBasisFuncts [&Type "Integer"] 605
   &NumOfAuxCBasisFuncts [&Type "Integer"] 0
   &NumOfAuxJBasisFuncts [&Type "Integer"] 955
   &NumOfAuxJKBasisFuncts [&Type "Integer"] 0
   &NumOfCABSBasisFuncts [&Type "Integer"] 0
$End
$SCF_Dipole_Moment
   &GeometryIndex 1
   &dipoleMagnitude [&Type "Double", &Units "a.u."]       1.2528637965505205e+00
   &dipoleElecContrib [&Type "ArrayOfDoubles", &Dim (3,1)] "Electronic contribution"
                                                         0

0                                     -1.9027806344387233e+00
1                                     -3.0166079018080807e+00
2                                      2.4381305489312792e+00
   &dipoleNucContrib [&Type "ArrayOfDoubles", &Dim (3,1)] "Nuclear contribution"
                                                         0

0                                      2.4543419891866272e+00
1                                      3.8488918014656255e+00
2                                     -3.1949338754477994e+00
   &dipoleTotal [&Type "ArrayOfDoubles", &Dim (3,1)] "Total"
                                                         0

0                                      5.5156135474790391e-01
1                                      8.3228389965754479e-01
2                                     -7.5680332651652016e-01
   &doAtomicDipole [&Type "Boolean"] false
   &Method [&Type "String"] "SCF"
   &Level [&Type "String"] "Relaxed density"
   &Mult [&Type "Integer"] 1
   &State [&Type "Integer"] -1
   &Irrep [&Type "Integer"] 0
$End
$SCF_Spin_Spin_Coupling
   &GeometryIndex 1
   &numOfNucPairs [&Type "Integer"] 187 "Number of nuclei pairs to calculate"
   &numOfNucPairsDSO [&Type "Integer"] 0 "number of nuclear pairs to calculate DSO"
   &numOfNucPairsPSO [&Type "Integer"] 0 "number of nuclear pairs to calculate PSO"
   &numOfNucPairsFC [&Type "Integer"] 187 "number of nuclear pairs to calculate FC"
   &numOfNucPairsSD [&Type "Integer"] 0 "number of nuclear pairs to calculate SD"
   &numOfNucPairsSD_FC [&Type "Integer"] 0 "number of nuclear pairs to calculate SD/FC"
   &pairsInfo [&Type "ArrayOfIntegers", &Dim (187,4)] "Pairs Info: Col1->Index of A. Col2->Atom. Num. of A.  Col3->Index of B. Col4->Atom. Num. of B."
                                                         0                           1                           2                           3

0                                                       13                           1                          16                           1
1                                                       13                           1                          17                           1
2                                                       13                           1                          18                           1
3                                                       13                           1                          19                           1
4                                                       13                           1                          20                           1
5                                                       13                           1                          21                           1
6                                                       13                           1                          22                           1
7                                                       13                           1                          23                           1
8                                                       13                           1                          24                           1
9                                                       13                           1                          25                           1
10                                                      13                           1                          26                           1
11                                                      13                           1                          27                           1
12                                                      13                           1                          28                           1
13                                                      13                           1                          29                           1
14                                                      13                           1                          30                           1
15                                                      13                           1                          31                           1
16                                                      13                           1                          32                           1
17                                                      13                           1                          33                           1
18                                                      13                           1                          34                           1
19                                                      16                           1                          17                           1
20                                                      16                           1                          18                           1
21                                                      16                           1                          19                           1
22                                                      16                           1                          20                           1
23                                                      16                           1                          21                           1
24                                                      16                           1                          22                           1
25                                                      16                           1                          23                           1
26                                                      16                           1                          24                           1
27                                                      16                           1                          25                           1
28                                                      16                           1                          26                           1
29                                                      16                           1                          27                           1
30                                                      16                           1                          28                           1
31                                                      16                           1                          29                           1
32                                                      16                           1                          30                           1
33                                                      16                           1                          31                           1
34                                                      16                           1                          32                           1
35                                                      16                           1                          33                           1
36                                                      16                           1                          34                           1
37                                                      17                           1                          18                           1
38                                                      17                           1                          19                           1
39                                                      17                           1                          20                           1
40                                                      17                           1                          21                           1
41                                                      17                           1                          22                           1
42                                                      17                           1                          23                           1
43                                                      17                           1                          24                           1
44                                                      17                           1                          25                           1
45                                                      17                           1                          26                           1
46                                                      17                           1                          27                           1
47                                                      17                           1                          28                           1
48                                                      17                           1                          29                           1
49                                                      17                           1                          30                           1
50                                                      17                           1                          31                           1
51                                                      17                           1                          32                           1
52                                                      17                           1                          33                           1
53                                                      17                           1                          34                           1
54                                                      18                           1                          19                           1
55                                                      18                           1                          20                           1
56                                                      18                           1                          21                           1
57                                                      18                           1                          22                           1
58                                                      18                           1                          23                           1
59                                                      18                           1                          24                           1
60                                                      18                           1                          25                           1
61                                                      18                           1                          26                           1
62                                                      18                           1                          27                           1
63                                                      18                           1                          28                           1
64                                                      18                           1                          29                           1
65                                                      18                           1                          30                           1
66                                                      18                           1                          31                           1
67                                                      18                           1                          32                           1
68                                                      18                           1                          33                           1
69                                                      18                           1                          34                           1
70                                                      19                           1                          20                           1
71                                                      19                           1                          21                           1
72                                                      19                           1                          22                           1
73                                                      19                           1                          23                           1
74                                                      19                           1                          24                           1
75                                                      19                           1                          25                           1
76                                                      19                           1                          26                           1
77                                                      19                           1                          27                           1
78                                                      19                           1                          28                           1
79                                                      19                           1                          29                           1
80                                                      19                           1                          30                           1
81                                                      19                           1                          31                           1
82                                                      19                           1                          32                           1
83                                                      19                           1                          33                           1
84                                                      19                           1                          34                           1
85                                                      20                           1                          21                           1
86                                                      20                           1                          22                           1
87                                                      20                           1                          23                           1
88                                                      20                           1                          24                           1
89                                                      20                           1                          25                           1
90                                                      20                           1                          26                           1
91                                                      20                           1                          27                           1
92                                                      20                           1                          28                           1
93                                                      20                           1                          29                           1
94                                                      20                           1                          30                           1
95                                                      20                           1                          31                           1
96                                                      20                           1                          32                           1
97                                                      20                           1                          33                           1
98                                                      20                           1                          34                           1
99                                                      21                           1                          22                           1
100                                                     21                           1                          23                           1
101                                                     21                           1                          24                           1
102                                                     21                           1                          25                           1
103                                                     21                           1                          26                           1
104                                                     21                           1                          27                           1
105                                                     21                           1                          28                           1
106                                                     21                           1                          29                           1
107                                                     21                           1                          30                           1
108                                                     21                           1                          31                           1
109                                                     21                           1                          32                           1
110                                                     21                           1                          33                           1
111                                                     21                           1                          34                           1
112                                                     22                           1                          23                           1
113                                                     22                           1                          24                           1
114                                                     22                           1                          25                           1
115                                                     22                           1                          26                           1
116                                                     22                           1                          27                           1
117                                                     22                           1                          28                           1
118                                                     22                           1                          29                           1
119                                                     22                           1                          30                           1
120                                                     22                           1                          31                           1
121                                                     22                           1                          32                           1
122                                                     22                           1                          33                           1
123                                                     22                           1                          34                           1
124                                                     23                           1                          24                           1
125                                                     23                           1                          25                           1
126                                                     23                           1                          26                           1
127                                                     23                           1                          27                           1
128                                                     23                           1                          28                           1
129                                                     23                           1                          29                           1
130                                                     23                           1                          30                           1
131                                                     23                           1                          31                           1
132                                                     23                           1                          32                           1
133                                                     23                           1                          33                           1
134                                                     23                           1                          34                           1
135                                                     24                           1                          25                           1
136                                                     24                           1                          26                           1
137                                                     24                           1                          27                           1
138                                                     24                           1                          28                           1
139                                                     24                           1                          29                           1
140                                                     24                           1                          30                           1
141                                                     24                           1                          31                           1
142                                                     24                           1                          32                           1
143                                                     24                           1                          33                           1
144                                                     24                           1                          34                           1
145                                                     25                           1                          26                           1
146                                                     25                           1                          27                           1
147                                                     25                           1                          28                           1
148                                                     25                           1                          29                           1
149                                                     25                           1                          30                           1
150                                                     25                           1                          31                           1
151                                                     25                           1                          32                           1
152                                                     25                           1                          33                           1
153                                                     25                           1                          34                           1
154                                                     26                           1                          27                           1
155                                                     26                           1                          28                           1
156                                                     26                           1                          29                           1
157                                                     26                           1                          30                           1
158                                                     26                           1                          31                           1
159                                                     26                           1                          32                           1
160                                                     26                           1                          33                           1
161                                                     26                           1                          34                           1
162                                                     27                           1                          28                           1
163                                                     27                           1                          30                           1
164                                                     27                           1                          31                           1
165                                                     27                           1                          32                           1
166                                                     27                           1                          33                           1
167                                                     28                           1                          29                           1
168                                                     28                           1                          30                           1
169                                                     28                           1                          31                           1
170                                                     28                           1                          32                           1
171                                                     28                           1                          33                           1
172                                                     29                           1                          30                           1
173                                                     29                           1                          31                           1
174                                                     29                           1                          32                           1
175                                                     29                           1                          33                           1
176                                                     29                           1                          34                           1
177                                                     30                           1                          31                           1
178                                                     30                           1                          32                           1
179                                                     30                           1                          33                           1
180                                                     30                           1                          34                           1
181                                                     31                           1                          32                           1
182                                                     31                           1                          33                           1
183                                                     31                           1                          34                           1
184                                                     32                           1                          33                           1
185                                                     32                           1                          34                           1
186                                                     33                           1                          34                           1
   &pairsDistances [&Type "ArrayOfDoubles", &Dim (187,1)] "The distances of each pair"
                                                         0

0                                      2.6023414086990084e+00
1                                      2.2953326446272828e+00
2                                      4.0340604838955612e+00
3                                      4.2521476721506941e+00
4                                      4.9277057487049563e+00
5                                      4.3089303573450559e+00
6                                      2.3976930575371966e+00
7                                      3.5594527152472852e+00
8                                      3.7468039128902220e+00
9                                      3.8216917425509171e+00
10                                     3.3032725717018505e+00
11                                     5.0962415155888259e+00
12                                     5.6158585402219945e+00
13                                     4.1568628749127896e+00
14                                     3.7055622791054876e+00
15                                     2.3689905917190099e+00
16                                     3.0585191741646831e+00
17                                     2.3828443608080061e+00
18                                     3.6332117134447790e+00
19                                     1.7544118458321529e+00
20                                     2.4854687447770476e+00
21                                     2.5757632020798762e+00
22                                     4.3491258574297973e+00
23                                     5.0112648197512719e+00
24                                     3.8715381750703894e+00
25                                     5.0885814721054876e+00
26                                     3.6783145631514214e+00
27                                     5.6498218330091206e+00
28                                     5.0190531230075219e+00
29                                     5.4704408471487040e+00
30                                     5.2271219462488521e+00
31                                     3.6660722126220953e+00
32                                     2.3679208764568318e+00
33                                     4.8878023281184761e+00
34                                     4.7496154363467866e+00
35                                     4.0339571105325041e+00
36                                     4.5150937261203952e+00
37                                     3.0768632407927812e+00
38                                     2.3896233397937872e+00
39                                     3.8372410371626864e+00
40                                     4.4327825203092228e+00
41                                     2.3901957752942877e+00
42                                     3.7897129599330879e+00
43                                     4.1945185038743036e+00
44                                     4.9864590547831957e+00
45                                     4.9095904934351546e+00
46                                     3.8314226273582594e+00
47                                     3.9518237285500994e+00
48                                     5.0551912944547217e+00
49                                     3.7663590436550405e+00
50                                     4.5013863403016936e+00
51                                     5.1283879096437550e+00
52                                     4.5035571301116262e+00
53                                     5.4397464002212370e+00
54                                     1.7626972661600773e+00
55                                     2.5227558231794833e+00
56                                     3.7716119953335681e+00
57                                     4.5946980848483854e+00
58                                     5.0366567063626304e+00
59                                     2.4549625901912053e+00
60                                     5.3374144773505883e+00
61                                     4.8722576499647134e+00
62                                     5.3569185202708764e+00
63                                     4.4322644506717896e+00
64                                     3.9048819194246933e+00
65                                     2.1229815603693356e+00
66                                     5.7971543481130894e+00
67                                     5.3504908178691357e+00
68                                     5.4446667288881612e+00
69                                     5.3901606079089204e+00
70                                     2.4840699896205569e+00
71                                     4.3169575646471019e+00
72                                     4.1264650383979138e+00
73                                     4.8292548690265740e+00
74                                     3.9626381283247096e+00
75                                     5.8767363851881971e+00
76                                     5.8219152265698551e+00
77                                     4.2158365171184373e+00
78                                     3.2056877940690973e+00
79                                     5.3479620550993063e+00
80                                     3.5603047587262746e+00
81                                     6.2746559737269445e+00
82                                     6.3898446839509813e+00
83                                     6.1797234531244509e+00
84                                     6.5546346600418417e+00
85                                     2.4916337024065682e+00
86                                     4.2353792550997893e+00
87                                     3.9331905953145285e+00
88                                     3.4152950730802654e+00
89                                     4.6689630270857974e+00
90                                     5.0396654564823375e+00
91                                     3.8642209722068701e+00
92                                     2.6732834404474120e+00
93                                     5.9831036232977279e+00
94                                     4.4384984063166844e+00
95                                     6.1803040785745882e+00
96                                     6.3427731421032894e+00
97                                     6.7745812074312948e+00
98                                     7.0027159955795044e+00
99                                     3.7134688970489660e+00
100                                    2.6788329502989989e+00
101                                    2.8240563982174556e+00
102                                    2.3648026076123991e+00
103                                    3.0300591693786938e+00
104                                    4.3997847013321376e+00
105                                    4.1906164844856360e+00
106                                    5.6821516526737357e+00
107                                    4.7754103618299935e+00
108                                    4.5641212469986989e+00
109                                    4.8357661966722674e+00
110                                    5.7441491014892732e+00
111                                    5.9978677514258436e+00
112                                    1.7652355226395076e+00
113                                    4.7066144620483827e+00
114                                    3.4592911797904375e+00
115                                    4.0829564692932765e+00
116                                    2.9091506206321474e+00
117                                    3.9536156834357992e+00
118                                    6.2000545808748164e+00
119                                    5.2881156537093608e+00
120                                    3.3536712174543903e+00
121                                    4.8599503494977760e+00
122                                    4.6200411472647085e+00
123                                    5.8740011946893471e+00
124                                    4.6311596087311084e+00
125                                    2.3404782550789456e+00
126                                    3.6323380506692118e+00
127                                    2.9399247086641003e+00
128                                    3.9183070964105284e+00
129                                    6.7691537620006859e+00
130                                    5.9205412487228521e+00
131                                    3.6320853467873322e+00
132                                    5.0854935640918404e+00
133                                    5.4333300054895206e+00
134                                    6.4358238372947421e+00
135                                    3.8160734812241608e+00
136                                    2.8878508254593860e+00
137                                    6.2021472159346711e+00
138                                    5.7191669216254875e+00
139                                    2.9981974659159052e+00
140                                    2.2995174218131749e+00
141                                    4.5298393311341663e+00
142                                    3.5795871601688227e+00
143                                    4.4034949166430630e+00
144                                    3.9810013755061320e+00
145                                    1.7679375047680013e+00
146                                    5.1907030231236178e+00
147                                    5.7514944417910723e+00
148                                    5.9197542484205909e+00
149                                    5.6146496734006561e+00
150                                    2.8428602068166149e+00
151                                    3.6769222579611358e+00
152                                    4.7276303055227444e+00
153                                    5.2963790273229296e+00
154                                    6.2833656837876033e+00
155                                    6.6075284697012666e+00
156                                    4.3930618728455118e+00
157                                    4.5058043971853614e+00
158                                    2.3506476255624240e+00
159                                    2.0741803660016536e+00
160                                    3.4594856352930448e+00
161                                    3.6449435670953414e+00
162                                    1.8600042696794112e+00
163                                    6.9071049874245265e+00
164                                    6.1449887991408110e+00
165                                    7.5015753128167288e+00
166                                    7.4264602614705151e+00
167                                    7.9504758913291198e+00
168                                    6.3421786836404692e+00
169                                    6.9836277811977245e+00
170                                    7.8641090330572494e+00
171                                    7.9067920284153823e+00
172                                    1.8464430588730945e+00
173                                    5.1199665134753829e+00
174                                    3.3878530134371485e+00
175                                    3.4814134915990738e+00
176                                    2.2938203787582543e+00
177                                    5.2908296574939877e+00
178                                    4.1834296189052935e+00
179                                    4.1556285153412436e+00
180                                    3.6538862667771834e+00
181                                    2.2284228532321433e+00
182                                    2.4172645958607526e+00
183                                    3.6734140494205101e+00
184                                    1.7764042129091566e+00
185                                    1.7664054932199009e+00
186                                    1.7782493588176234e+00
   &pairsTotalSSCIso [&Type "ArrayOfDoubles", &Dim (187,1)] "The Spin-Spin coupling constant for each pair"
                                                         0

0                                      8.7187878553217346e-01
1                                      7.1906437861184855e+00
2                                     -6.0369898584621162e-01
3                                      5.3353520218707307e-01
4                                      5.5433322045275801e-01
5                                      7.4052324877687337e-01
6                                     -4.1106190964141398e-01
7                                     -2.6378119106059217e-01
8                                      7.1101271695710681e-03
9                                     -5.8281818167943178e-01
10                                    -1.7856207073955269e-01
11                                     1.1592833577548410e-02
12                                     3.9706390523975441e-02
13                                    -2.9471584030737935e-01
14                                    -1.3423436429079962e+00
15                                    -2.4736948492313232e-01
16                                    -8.7193043547808569e-01
17                                    -7.6352699270097180e-01
18                                     2.2448894344416784e-01
19                                    -1.5427807053067804e+01
20                                     5.4984289011077445e+00
21                                     1.3726319338653756e+00
22                                     8.0123752864650211e-01
23                                     7.7570089476905246e-01
24                                    -2.8643265458159227e-02
25                                     1.2607293084602661e-01
26                                    -1.6759069685287255e-03
27                                     6.2003412596706353e-01
28                                    -3.7256581889514404e-02
29                                    -4.2373520910989181e-03
30                                     2.3590549920857261e-02
31                                    -3.6077595133062633e-03
32                                    -2.1089614752921132e-01
33                                     1.7768691159599823e-02
34                                     8.1717193378291836e-02
35                                     1.4620524859877462e-01
36                                     1.8236921939582776e-02
37                                     1.4271505595742902e+01
38                                     6.1630775871325785e+00
39                                    -5.5461442019165119e-01
40                                     1.1650990698285874e-01
41                                    -8.4651750949483184e-02
42                                     6.2439734290943050e-01
43                                     6.2878695341052667e-03
44                                    -3.8677385354776612e-02
45                                     4.2763442604497610e-02
46                                    -3.4519093348721858e-02
47                                    -1.2058726476995192e-02
48                                    -1.9011346375055693e-01
49                                    -6.1313417960183469e-02
50                                    -1.3856946885499249e-02
51                                    -8.1051285241149088e-02
52                                    -7.7436059968600673e-02
53                                     1.9148402777774301e-01
54                                    -1.4087466553619992e+01
55                                     2.3703337324965110e+00
56                                    -4.1116120210283841e-01
57                                    -1.5028765579926201e-01
58                                    -4.5611486441821719e-01
59                                    -7.0236359754095062e-02
60                                    -1.6246013678519085e-02
61                                    -7.3327376861162816e-03
62                                     1.3052796716108964e-01
63                                    -7.4282096070149156e-02
64                                    -1.6935813332735576e-02
65                                    -5.2299842931637441e-01
66                                    -2.3665166142645294e-03
67                                    -3.5666421808602508e-02
68                                    -2.5042557202220955e-02
69                                    -1.0037136827036729e-02
70                                     4.1426768914762189e+00
71                                     7.8446587841768134e-01
72                                     9.5434019658203931e-02
73                                     1.4975341910437892e-01
74                                    -4.9426892498505438e-02
75                                    -2.2177118860639517e-02
76                                    -2.1248006984282815e-02
77                                     1.5436959368515007e-01
78                                     1.0549432520599991e-01
79                                     7.0348623250599870e-03
80                                     1.3785730195675919e-02
81                                    -3.5754559757784445e-03
82                                    -4.6132462613193183e-02
83                                     8.3620302318341434e-03
84                                     6.7566005506939059e-02
85                                     5.0064600982140108e+00
86                                    -1.0910664916657749e+00
87                                     2.3306976373014035e-01
88                                    -3.6853960082491616e-02
89                                    -6.0522729214841649e-02
90                                    -7.2256893275023271e-02
91                                    -9.3792030140094484e-01
92                                    -9.6727505011168635e-01
93                                     1.1616458957472778e-02
94                                     1.7884894944670902e-02
95                                    -4.9297063434241874e-02
96                                     1.6497520916750365e-02
97                                     1.4932920554727347e-03
98                                    -3.2909631401874294e-03
99                                    -9.5749269617141530e-02
100                                    3.6587524210878436e-02
101                                    1.3327543069580265e+01
102                                   -3.2415960328443100e-01
103                                   -1.6699989414491828e-01
104                                    9.4156991339503816e-03
105                                    5.5063168567231736e-02
106                                   -1.4133360044199283e-01
107                                   -1.7615239445258876e-02
108                                    5.1112662309308679e-02
109                                   -1.0145392826832719e-01
110                                   -7.0216368888640315e-02
111                                   -1.6875313369095594e-02
112                                   -1.9527151149915852e+01
113                                   -2.4513747064629526e-01
114                                   -1.5601932144312119e-01
115                                   -8.4043056900492380e-02
116                                   -2.2787087713862002e+00
117                                   -2.6769608971537453e+00
118                                    7.9665203373356100e-02
119                                    2.2310297628325586e-02
120                                    1.1232554251486319e-03
121                                   -5.2682308089159885e-03
122                                    8.1062869684732728e-03
123                                   -1.0117416026670985e-02
124                                    1.8765140401882940e-01
125                                   -3.8541350382985196e-01
126                                    4.2699603820953147e-01
127                                   -2.6706340606983621e+00
128                                   -3.1561985146735072e+00
129                                    8.5055363587039662e-02
130                                    3.8780394863554564e-02
131                                    4.4212443538938676e-02
132                                   -4.2349678391044615e-02
133                                    2.4109282256593698e-03
134                                   -8.7167798038599344e-03
135                                   -1.2312449508162524e-02
136                                    2.2869739636536539e-02
137                                   -4.6434190905535855e-02
138                                   -1.7626999882352189e-02
139                                   -4.9088389207484606e-03
140                                   -6.1301679203011727e-01
141                                    3.1355437481988548e-04
142                                   -3.0356408362410036e-03
143                                    2.0421411346711542e-02
144                                   -1.4178459513354533e-02
145                                   -1.3301419134676490e+01
146                                   -3.6766111871651933e-03
147                                    8.8108300077913357e-03
148                                   -4.9459073506719395e-02
149                                   -3.3160157111551972e-02
150                                    1.5775298875566948e+01
151                                   -1.4191080084337096e-01
152                                    6.0851528562793373e-03
153                                   -1.7576461222500665e-02
154                                    4.5412621152261079e-02
155                                    2.6077207065476832e-01
156                                   -2.7125145597769948e-03
157                                    9.7645812505887525e-03
158                                    2.8286338219517297e+00
159                                   -5.6711549396788341e-01
160                                   -7.9767925777797580e-02
161                                    7.7251724319677556e-02
162                                    4.0035915951375722e-01
163                                   -2.9287996417648116e-03
164                                    6.2344081278747519e-04
165                                   -6.7983692594152551e-05
166                                    3.2562763445553671e-04
167                                    9.4047221828814018e-03
168                                   -2.5813728949656317e-03
169                                    1.8427144589025280e-03
170                                   -2.8884382597953208e-03
171                                   -1.0269013775240031e-03
172                                    1.9425844536572187e-02
173                                    4.1589774038479294e-03
174                                   -2.4374412523027651e+00
175                                   -1.6857746487470673e+00
176                                   -4.9421277281765152e-01
177                                    3.7584228416631966e-03
178                                   -2.5019978040271438e+00
179                                   -4.2942721030556302e-01
180                                    5.0252469016222734e-01
181                                   -3.2216225408880883e-01
182                                   -2.5584835695916369e-01
183                                   -2.8926584424402224e-01
184                                   -1.6839394769105134e+01
185                                   -1.5497926998239898e+01
186                                   -1.3569077725281605e+01
   &Method [&Type "String"] "SCF"
   &Level [&Type "String"] "Relaxed density"
   &Mult [&Type "Integer"] 1
   &State [&Type "Integer"] -1
   &Irrep [&Type "Integer"] 0
$End
$Calculation_Timings
   &GeometryIndex 1
   &GTOINT [&Type "Double"]       1.5796899999999998e+00
   &SCF [&Type "Double"]       1.6509615000000000e+01
   &PROPINT [&Type "Double"]       1.1754330000000017e+00
   &RESPONSE [&Type "Double"]       8.6190309999999997e+00
   &PROP [&Type "Double"]       7.1839399999999998e-01
   &SUM [&Type "Double"]       2.8602163000000001e+01
$End
