! r2scan-3c
! DEFGRID2
! scfconv6
! miniprint nopop noautostart
%MaxCore 2500
%pal
    nprocs 12
end
*xyz 0 1
C    1.2952808997   1.5164027374   1.9423477822
C    2.6871669548   1.3321565995   1.3520528882
C    2.7344647902   0.6593353069  -0.0344776672
C    1.6876254224  -0.5107841115  -0.1704591496
C    0.2901793205  -0.3030700750   0.5339778030
C    0.5475729684   0.1882408425   1.9715341170
C    1.3904832943  -0.8022952741  -1.6473335512
C    0.6013041894  -2.0983716728  -1.7941593009
C   -0.7021996852  -2.0872562549  -0.9907042649
C   -0.5542856792  -1.6530173705   0.4966091299
C   -0.7979299019   0.6862975826  -0.0042464252
C   -1.9420913692  -1.1811670714   0.9521246055
C   -2.0497460438   0.1670999766   0.3463241247
C   -3.2631178187   0.7978630301   0.1381296551
C   -3.2628808947   2.0488887286  -0.4562441415
C   -2.0529142653   2.6002252343  -0.8009091205
C   -0.8255445988   1.9639733548  -0.5783467709
O    0.2217309630   2.7327424954  -0.9505925095
O   -4.4127541200   0.1573591079   0.5283169255
O    2.4925287609   1.5914024177  -1.0858887905
C    4.2017961679   0.2294399748  -0.2606751157
C    2.4187603054  -1.7264652609   0.4284075170
C   -1.3953079904  -3.4405195702  -1.1638092268
C   -0.1902399614  -2.8190211044   1.4325344069
H    1.3973884605   1.9017905632   2.9599760872
H    0.7296586379   2.2523157368   1.3734919017
H    3.2712028168   0.7186988134   2.0412995472
H    3.1882343132   2.3029951402   1.2825483614
H   -0.3984992923   0.3238098939   2.4947119083
H    1.1411622174  -0.5358472238   2.5305395221
H    0.8120552640   0.0199985575  -2.0698881700
H    2.3199910260  -0.8765969366  -2.2144079931
H    0.3465932293  -2.2339525800  -2.8485326442
H    1.2181371200  -2.9514110869  -1.5093390332
H   -1.3439376565  -1.3299597916  -1.4544119541
H   -2.0025914194  -1.1227987375   2.0415975527
H   -2.7470112646  -1.8341684295   0.6188751015
H   -4.1867202858   2.5787459835  -0.6436242841
H   -2.0039961855   3.5763364154  -1.2576548871
H    1.0507214049   2.2089251185  -0.9723346871
H   -5.1668126368   0.7154058630   0.3075076579
H    3.1236761004   2.3173175967  -1.0148436802
H    4.8148158474   1.1322231700  -0.2712454669
H    4.5903611822  -0.4150386740   0.5186233238
H    4.3139827428  -0.2566386257  -1.2262402927
H    2.7842582626  -1.5172919719   1.4292175286
H    1.7889375527  -2.5923087493   0.4758028241
H    3.2618010093  -1.9891158141  -0.2029460994
H   -2.3232570934  -3.4930877079  -0.6020424388
H   -1.6318303212  -3.5925836807  -2.2149797736
H   -0.7556526842  -4.2605653370  -0.8464630252
H   -1.1130699049  -3.2799108482   1.7815476137
H    0.3769944601  -3.6117944081   0.9537754379
H    0.3523554800  -2.4792704304   2.3089399619
*
