   -0.07164196
   -0.06439022
   -0.04945394
   -0.03699200
   -0.06476159
    0.06606287
   -0.02476151
   -0.04466839
   -0.19952518
    0.05064692
   -0.01593993
    0.01752812
   -0.06341079
    0.01321443
    0.00448000
   -0.04648428
   -0.05276840
   -0.02806306
    0.30265875
   -0.02536062
   -0.05671452
   -0.72696847
    0.06997188
    0.35890859
   -0.46385760
   -0.26682944
    0.03063472
    0.05621938
    0.05393991
    0.05343757
    0.04796144
    0.02519324
    0.02949937
    0.03026739
    0.06134102
    0.16442113
    0.04039563
    0.05692412
    0.04873292
    0.05553629
    0.05887673
    0.07048731
    0.08336456
    0.05679974
    0.06909627
    0.06637853
    0.03767665
    0.06706757
    0.08576585
    0.06910300
