$coord
 0.10251554055269  0.97800140966906   4.88667720993866  c
 2.93045488133662  1.47674058452098   4.57895098814271  c
-4.19987989899656 -6.06986763306226  -0.54456486350790  c
-6.28869130227013 -5.16349504080204   0.75015608834968  c
-6.22257135077846 -2.78653137373967   1.81471640036074  c
-4.09626905976450 -1.24985131835628   1.54974576316631  c
-2.07893189279091 -2.07568687171787   0.04907908442829  c
-2.12633853955153 -4.52385287750585  -0.90338145683699  c
-3.97598193209434  0.98708688236716   2.89765422807715  n
-1.61873505439784  2.33008116740108   2.95587771971427  c
-0.39838461190171  2.39842651574707   0.29895612416812  c
 0.09084548130698 -0.33239179060129  -0.61517959491836  c
 2.22804822321658  3.54773600382945   0.49578920881310  c
 3.69995737670001  1.40157435948715   1.77677641807280  c
 2.65925841027488 -1.06077331710729   0.60536372530935  c
 6.48275475573968  1.75829890543083   1.47435554643818  c
 7.92566202386117  0.16109342821485   0.20946013748336  c
 6.93288038265097 -2.21322557167029  -0.92953680124889  c
 4.17921567030433 -2.23075494956669  -1.48076794994230  n
 3.53248003373622 -0.67417157127440  -3.71876124031953  c
 0.67844408614166 -0.35377346931281  -3.49073791605879  c
 3.47608964881730 -4.60928797805139  -1.85213051004043  o
 2.47930440360209 -2.56258190159601   2.00539913738232  h
-2.07337708328527  3.91767490983816  -1.45666861640552  c
-1.49950870237841  5.94105862064523  -2.33511378661880  o
-4.28975164241458  2.79636893853844  -1.89780021824537  o
-5.97548945559546  4.09180634056121  -3.53473530697160  c
-0.49407361433606  1.52981042243869   6.78206904725926  h
-0.26705975758304 -1.04074195580475   4.70459745167015  h
 3.41941756318075  3.32853085012842   5.34767834789608  h
 3.98654522013337  0.05864936749771   5.64367310908710  h
-4.19568774076436 -7.96671331360302  -1.29341614415596  h
-7.94976175707503 -6.32935134859518   0.97553520123512  h
-7.80772569640485 -2.08920199190028   2.89825025450014  h
-0.46495309801509 -5.22696763036702  -1.86611980105814  h
-5.59536181339160  1.95975455932232   3.09878747371568  h
-1.95998683349725  4.27848644621981   3.56882119755099  h
 2.23800065671864  5.27242266322746   1.61972042392904  h
 2.95926958120001  4.01988720490566  -1.36945550013854  h
 7.25478060164250  3.45589712486777   2.30525177219080  h
 9.93242094107809  0.47388886623159   0.00173566128979  h
 7.89077469041643 -2.67237768933682  -2.69939844497726  h
 7.23467395591879 -3.81239372410935   0.35127402456475  h
 4.55449402318080  1.11513080250161  -3.64791109155268  h
 4.07015103498694 -1.73168377553480  -5.40196033910963  h
-0.26712277654782 -1.95140586854177  -4.37557960832886  h
 0.05545189987083  1.37175057705325  -4.42275805006182  h
-5.14071407753127  4.29108311566361  -5.41071122408092  h
-7.67625879042846  2.94441614204671  -3.62293184994236  h
-6.39533219999238  5.97233008503624  -2.79558706907835  h
$end