           1           2   1.00676451244364     
           3           4   1.41537870583403     
           4           5   1.46812516317182     
           5           6   1.34590800048821     
           6           7   1.33158386203128     
           3           8   1.44408538785334     
           5           8  0.105022425661466     
           7           8   1.41586372468756     
           6           9   1.13079639571439     
           1          10  0.977024399053157     
           9          10   1.01264213629245     
          10          11  0.933969230416126     
           7          12  0.991476180886359     
          11          12  0.948676879734220     
          11          13  0.985369345744576     
           2          14  0.969625172553127     
          13          14  0.966298577353402     
          12          15  0.958392777729970     
          14          15  0.966896142531772     
          14          16   1.00895330231224     
          16          17   1.91966354906458     
          17          18   1.02477799891923     
          15          19  0.915670382890295     
          18          19  0.934183548209844     
          19          20  0.937881446304660     
          12          21  0.967772128093650     
          20          21   1.00855695354293     
          19          22   1.03121084188014     
          15          23  0.962158948460413     
          11          24  0.954516033425159     
          24          25   1.70560836837197     
          24          26   1.14640815962564     
          25          26  0.169009409537010     
          26          27  0.945760014474952     
           1          28  0.973862641114899     
           1          29  0.971213885375512     
           2          30  0.974333997119855     
           2          31  0.974808286354733     
           3          32  0.971363131440695     
           4          33  0.970907018901650     
           5          34  0.968096077452131     
           8          35  0.952111747274639     
           9          36  0.941936967796483     
          10          37  0.967167354384110     
          13          38  0.972249254991388     
          13          39  0.968636520101630     
          16          40  0.962533459009420     
          17          41  0.961996667918297     
          18          42  0.963819657153784     
          18          43  0.949080296358568     
          20          44  0.967828730903721     
          20          45  0.972899492586649     
          21          46  0.971278313693819     
          21          47  0.971301096010014     
          27          48  0.976204550006541     
          27          49  0.979175046776721     
          27          50  0.976216132264581     
