   -0.00072743
   -0.02712188
   -0.05979628
   -0.05508202
   -0.03119675
    0.12283503
   -0.07631575
    0.01121579
   -0.48369742
    0.08528569
   -0.11262667
    0.01665102
   -0.10871980
    0.04110179
   -0.47678288
   -0.10996975
    0.03931493
    0.03745835
    0.05008322
    0.03555353
    0.03952254
    0.00395321
    0.05498406
    0.04627878
    0.32474636
    0.02722179
    0.02248967
    0.03720140
    0.03858461
    0.02542855
    0.04580771
    0.31010041
    0.04337224
    0.04249935
    0.04034661
