$coord
-0.11069336437638 -1.47304796486445  -0.59808856298358  c
 1.07065530726771  1.04713994313919  -1.67866200417262  c
-0.85651656756396  3.27735422679513  -1.42599531056501  c
-2.41990361911497  3.31710081820714   1.04086545904522  c
-3.41523542193235  0.64626188368665   1.71694848206340  c
-1.16131995527885 -1.15483252204068   2.13991513004830  c
-2.63629883642984 -2.00104956000338  -2.04575560978349  c
-4.67115940331014 -0.56457821437596  -0.57058456939389  c
 0.53105955361761 -0.23103408239731   4.00299415022479  o
 1.64766332008008 -3.77109810716165  -0.79916706513026  c
-7.11881855578734 -0.41467698601729  -1.18350773291011  c
 3.76402653009655  1.75037938418791  -0.84343838883072  c
 4.31458280548896  3.25488745987533   1.12211101459110  c
 1.24350475944622  0.67892099894233  -3.72812480769160  h
 3.65309802410139 -3.54641115381387   1.02643491467688  o
 5.85874158191819  0.85236295211970  -2.59059333315728  c
 0.15301815716200  5.08028682205994  -1.65691570186327  h
-2.18785458290666  3.15874935109291  -3.02300648518699  h
-1.30155299254790  4.04266171553130   2.63534622972134  h
-4.03612927091247  4.60836363725455   0.79682872688713  h
-4.68647683982799  0.74543203456305   3.36185155532544  h
-1.91472795432568 -3.02906484946581   2.72544663758935  h
-2.54111006723741 -1.42783196168970  -4.04474884324037  h
-3.06696087609347 -4.04228276853194  -2.03383126267307  h
 2.11809797710974 -1.15591780981470   3.75892404499587  h
 2.41261163507410 -3.94052584006518  -2.73904413438419  h
 0.53025959327091 -5.49673277169493  -0.41604439133184  h
-7.87368237101375 -1.31821142818843  -2.88126953048566  h
-8.46757060976904  0.61773738186103  -0.00833043086462  h
 6.26689431520936  3.79282761676726   1.52812391737733  h
 2.88106214279817  3.99607578599292   2.39839312904922  h
 4.61208747820077 -5.12752024879067   1.03780791164109  h
 5.86588836834354 -1.21765691827813  -2.79794985471181  h
 5.60435939245989  1.64999309459422  -4.50379513170790  h
 7.73102516913888  1.43199462683613  -1.89794853067005  h
$end
