           1           2  0.961521673219702     
           2           3  0.984652655587889     
           3           4   1.00974572261415     
           4           5  0.978806534597241     
           1           6  0.962581636893997     
           5           6  0.973574266140724     
           1           7  0.979549863160051     
           5           8  0.996445662676668     
           7           8   1.00428283786156     
           6           9  0.994373730522090     
           1          10  0.986238407921850     
           8          11   1.93681453796361     
           2          12  0.995317774134199     
          12          13   1.93257351373081     
           2          14  0.962426065257784     
          10          15  0.983140325033009     
          12          16   1.02203677003323     
           3          17  0.976345818795265     
           3          18  0.977071967070514     
           4          19  0.968363993095698     
           4          20  0.976059849904862     
           5          21  0.964661415880956     
           6          22  0.956319503616516     
           7          23  0.965106786208812     
           7          24  0.959310995625317     
           9          25  0.860268796567941     
          10          26  0.967764858069006     
          10          27  0.968238249215913     
          11          28  0.974654438945232     
          11          29  0.974571023223316     
          13          30  0.974742900991105     
          13          31  0.967937042298637     
          15          32  0.887813253658970     
          16          33  0.972386421331738     
          16          34  0.970525261248819     
          16          35  0.984743606319596     
