    0.01454898
   -0.06552347
   -0.05854558
   -0.06412634
   -0.01913488
    0.11422027
   -0.03069343
   -0.06033614
   -0.06242040
   -0.03489350
   -0.33580278
    0.14056495
    0.02859646
    0.02688565
    0.01296235
   -0.10568145
   -0.11297177
   -0.11165006
   -0.10682124
    0.03330658
    0.03080398
    0.03461321
    0.03099699
    0.03208393
    0.03283146
    0.03204334
    0.03015431
    0.02704248
    0.03771554
    0.03024116
    0.05564324
    0.03187386
    0.03437415
    0.04557708
    0.03657748
    0.04925533
    0.03326632
    0.04723935
    0.04014533
    0.03399296
    0.03800232
    0.03304199
