$coord
 1.81729060399713  2.90873726072056  -0.00873285471638  c
 4.24851660987724  1.94227671236763   1.24541936616199  c
 5.64878867632132 -0.10518033992720  -0.25150170739873  c
 4.81768653675042 -2.79856016404215   0.38805205148575  c
 2.21305767177171 -3.57957125005759  -0.59931613097710  c
 0.17267961895847 -1.72020471884544   0.25443262291951  c
 0.20432178355357  0.80342886282216  -1.17746954108454  c
-0.00259931526201  4.12046527464644   1.90393366340241  c
-2.58407647783749  4.06373524150312   0.60695046011778  c
-2.57587076751504  1.67717073223221  -1.05010277331564  c
-2.25868896600192 -2.71778648078794  -0.23298325421819  o
-4.04127423645540 -0.69855710874617  -0.11501340623293  c
 0.76596552898943  0.42880524335638  -3.12784303240184  h
-3.28048843581543  2.14751287770153  -2.93129960535532  h
 0.37213112569733 -1.39704762467752   2.30023799486535  h
 1.58352900465807 -6.24434367480846   0.31655265291548  c
-6.20513168857472 -1.36727221091764  -1.91118232400732  c
-5.07600308599661 -0.50427214120226   2.58526486650450  c
 2.50863003759973  4.83139599712347  -2.06026940562996  c
 5.50198396150445  3.56196079308383   1.50869189205857  h
 3.82865651363709  1.20444497636817   3.12592036608234  h
 5.44227791641608  0.22090983104127  -2.27554543283409  h
 7.66218623807767  0.03892171409635   0.18699293848032  h
 4.84624916906949 -3.02969699747671   2.44101103667054  h
 6.20574891734689 -4.11295583410389  -0.39418710064232  h
 2.24035335705210 -3.59336286873058  -2.66931333779767  h
 0.56845987721038  6.03066882294393   2.41810242353383  h
-0.05285628771614  2.98939824014172   3.62794827307335  h
-4.12626861091656  4.09735951299711   1.96260500463551  h
-2.79266755748781  5.72414846656911  -0.59658623412805  h
-0.26254512968178 -6.80206623286482  -0.38270787652323  h
 2.99198806954549 -7.58409864649812  -0.35192266020718  h
 1.54395159811503 -6.30224243987661   2.37119108929748  h
-5.47105480947374 -1.68656147109964  -3.80295661060691  h
-7.58304840682643  0.15483893173755  -1.96336074088404  h
-7.12554127912252 -3.09008878203512  -1.27777484038644  h
-6.65143344597841  0.80910934969761   2.67692612103696  h
-5.74079878355620 -2.36477565637341   3.15229861351731  h
-3.61909294256117  0.08577613431714   3.90526767126549  h
 3.83332121262681  4.01359596119207  -3.40204582642671  h
 0.84130137697413  5.43393167113010  -3.09547041647170  h
 3.38863423942542  6.49021220443631  -1.22150834742409  h
$end