           1           2  0.987421250129532     
           2           3   1.00517690269465     
           3           4   1.00774911373834     
           4           5  0.996741909850006     
           5           6  0.981334879813387     
           1           7  0.976320558110360     
           6           7  0.974026517013165     
           1           8  0.983606577786701     
           8           9   1.00706407595202     
           7          10  0.981279004266237     
           9          10  0.995714471064070     
           6          11  0.971062823430441     
          10          12  0.959631845980485     
          11          12  0.957206319695563     
           7          13  0.968324949122222     
          10          14  0.973919656638136     
           6          15  0.954875176678997     
           5          16   1.00628458416286     
          12          17  0.995555622526935     
          12          18  0.991065858517720     
           1          19  0.998892516780799     
           2          20  0.976426144447075     
           2          21  0.972540323288926     
           3          22  0.973760496895427     
           3          23  0.978136501668158     
           4          24  0.974753300666939     
           4          25  0.976198764797725     
           5          26  0.966453173508116     
           8          27  0.978290853245226     
           8          28  0.974189285062430     
           9          29  0.973558685913440     
           9          30  0.979460839400931     
          16          31  0.983657788463739     
          16          32  0.986724016499762     
          16          33  0.986945339915386     
          17          34  0.984978719688116     
          17          35  0.986066213722756     
          17          36  0.984173969288783     
          18          37  0.983619085416754     
          18          38  0.983230882282085     
          18          39  0.982099995484440     
          19          40  0.982964206920311     
          19          41  0.984428623610030     
          19          42  0.985065172214739     
