   -0.00786824
   -0.03239144
   -0.06178685
   -0.06161713
   -0.02771574
    0.11400797
   -0.06764332
    0.01796982
   -0.48399086
    0.07896874
   -0.11288914
    0.00801131
   -0.11057529
    0.05064520
   -0.47852342
   -0.11057468
    0.04107961
    0.04017357
    0.04422126
    0.04102230
    0.04555980
    0.01800429
    0.05021609
    0.04728500
    0.30396286
    0.02530607
    0.04447447
    0.03353669
    0.03436261
    0.02881028
    0.03808361
    0.31010832
    0.04357334
    0.04333742
    0.05285548
