$coord
 0.18266041516908 -1.26545843299685   0.16299964424859  c
-1.85477971734153  0.54774136580059   1.37820287580084  c
-0.73530612288792  3.24261261915599   1.77988130540767  c
 0.89406168505807  4.21746827133449  -0.44153227387807  c
 2.71568595786916  2.14357143431276  -1.43224552235881  c
 1.16073699102636 -0.12695157048608  -2.37887426077339  c
 2.64717392274490 -1.19651515632076   1.80741733112904  c
 4.20467394101856  0.99216958397278   0.74598368075109  c
 2.86917355122112 -1.77241907877639  -3.70285261000512  o
-0.82901889680164 -3.98108977703256  -0.11730938839141  c
 6.47018919810266  1.76027050401088   1.56012100113863  c
-4.45240517325621  0.56924343552674   0.07839141511115  c
-6.29763382913730 -0.95240851960440   0.93541793153390  c
-2.20062154093802 -0.24681800296965   3.27001566109281  h
-1.62489729350018 -5.09356465070204   2.22558445098389  o
-5.01330984679526  2.38801952682657  -2.07342255280186  c
-2.26508810891903  4.59238798618739   2.19470034949164  h
 0.44974043449362  3.20415176491971   3.49098036481957  h
-0.29666345058083  4.87426858072660  -2.01877061799191  h
 2.00452186021282  5.86276757095453   0.18895035606474  h
 3.93815466511656  2.92269804515970  -2.92524932126838  h
-0.38681979206729  0.44504617677736  -3.64789517092707  h
 3.70737863481257 -2.97935824113538   1.59885310277215  h
 2.24530016652255 -0.96588201862136   3.83704497615561  h
 1.87983300493536 -3.09211599576677  -4.53677678375607  h
 0.63930021778852 -5.16534657260294  -1.01555110843196  h
-2.50640812261030 -4.00974735181044  -1.34492227488025  h
 7.42134952858389  0.86209872806307   3.15862633962935  h
 7.46531896907062  3.32600331627873   0.65230951936481  h
-8.17925991711182 -0.95392924535355   0.08331811061918  h
-5.99142144482764 -2.25823666690393   2.50349549898105  h
-0.12950588705137 -5.30907024243140   3.28976655921724  h
-3.81006337732530  2.06349843871858  -3.73966185576306  h
-6.99101130993601  2.20884435560914  -2.68607521382657  h
-4.70984725225297  4.36778998850582  -1.49915058498007  h
$end
