           1           2  0.955999180990594     
           2           3  0.991151556384003     
           3           4   1.00843932815510     
           4           5  0.978552757530425     
           1           6  0.960359731868530     
           5           6  0.977959748781709     
           1           7  0.981272617591723     
           5           8  0.995185676091156     
           7           8   1.00520933299322     
           6           9  0.976587283874967     
           1          10  0.980456845303309     
           8          11   1.93754329842566     
           2          12  0.995907597518840     
          12          13   1.92797774451266     
           2          14  0.958704397255044     
          10          15  0.992522148289928     
          12          16   1.02604397302603     
           3          17  0.973308321668519     
           3          18  0.975596319412630     
           4          19  0.972158748873612     
           4          20  0.976198517736270     
           5          21  0.962825993343893     
           6          22  0.956212557362770     
           7          23  0.958400487118556     
           7          24  0.964573667645557     
           9          25  0.890495420382673     
          10          26  0.965040546909463     
          10          27  0.968654372321211     
          11          28  0.975161769272890     
          11          29  0.974932360521528     
          13          30  0.975326956741454     
          13          31  0.974282140792179     
          15          32  0.886633924410084     
          16          33  0.962657833735715     
          16          34  0.982945108386885     
          16          35  0.967335513761111     
