   -0.00786940
   -0.03237557
   -0.06177987
   -0.06163075
   -0.02771276
    0.11399762
   -0.06764759
    0.01796910
   -0.48400337
    0.07895539
   -0.11288721
    0.00800233
   -0.11060763
    0.05064872
   -0.47852330
   -0.11058300
    0.04106974
    0.04017498
    0.04425374
    0.04101530
    0.04554829
    0.01802364
    0.05021404
    0.04728965
    0.30396782
    0.02531502
    0.04448889
    0.03353123
    0.03435639
    0.02880502
    0.03811233
    0.31009773
    0.04357031
    0.04334269
    0.05287047
