$coord
 0.19049953490026 -1.26409922030583   0.12193303014176  c
-1.83194440239796  0.54770652578800   1.36892495626119  c
-0.72129217491243  3.25243661738749   1.75397950553724  c
 0.91744903005296  4.22584372058191  -0.45975027520837  c
 2.74980449776290  2.15004116584830  -1.42570892232051  c
 1.19366521148699 -0.10453955620462  -2.40384566681396  c
 2.65386649424148 -1.23826742727099   1.76772949825239  c
 4.20117535141177  0.99055890766378   0.77643356125627  c
 2.90371035134284 -1.74744694944847  -3.73173763292525  o
-0.85397217146757 -3.96248499191667  -0.19694153630051  c
 6.41836471972186  1.79888799217919   1.67960495709380  c
-4.45711570792730  0.56549069795308   0.12841423979663  c
-6.31793457877321 -0.85358636865565   1.11700145696197  c
-2.14047005312501 -0.24424966670315   3.26796196419750  h
-1.64221177346951 -5.10966080025182   2.13257615057715  o
-5.02133550789819  2.26665134167746  -2.11474535013417  c
-2.26017947439819  4.59725717762790   2.15130683653790  h
 0.45480088573413  3.22764830317344   3.47143248817694  h
-0.26550705486878  4.86781335492580  -2.04949395317047  h
 2.01659185531422  5.87869652557090   0.17046164423580  h
 3.99785176688788  2.92667624056746  -2.89831859671573  h
-0.33947281576176  0.49030212739824  -3.67951126126057  h
 3.72108626857123 -3.00798823766216   1.49011875206345  h
 2.25787660375802 -1.08002036352581   3.80510964287910  h
 1.91410953313467 -3.05840722672733  -4.57877829076815  h
 0.59002093689792 -5.14885505074067  -1.13137436189763  h
-2.54487041663169 -3.94752752427877  -1.40611831693602  h
 7.32924537873548  0.90443960914693   3.30345441697995  h
 7.40916355451861  3.40116707159117   0.83304515853563  h
-8.22072587447268 -0.85689075395279   0.31392677130281  h
-6.00078450732811 -2.08627684798696   2.74012536911602  h
-0.14306964916201 -5.33529790542578   3.19119012262842  h
-3.90286121562190  1.77194961412260  -3.79766574324262  h
-7.02804511632215  2.14228472900256  -2.64057297379682  h
-4.60621589521426  4.26156946080380  -1.68815155430505  h
$end
