           1           2  0.955991133378155     
           2           3  0.991202011838702     
           3           4   1.00844002346699     
           4           5  0.978553110246499     
           1           6  0.960368241228895     
           5           6  0.977938930592145     
           1           7  0.981278888361216     
           5           8  0.995195060660421     
           7           8   1.00519918300858     
           6           9  0.976576065612661     
           1          10  0.980455012281801     
           8          11   1.93755124796601     
           2          12  0.995892421092531     
          12          13   1.92797567687872     
           2          14  0.958694210551704     
          10          15  0.992509394475936     
          12          16   1.02603648313531     
           3          17  0.973293473755009     
           3          18  0.975584005656534     
           4          19  0.972136285458207     
           4          20  0.976199861599337     
           5          21  0.962834858336389     
           6          22  0.956232106268594     
           7          23  0.958405665352399     
           7          24  0.964564023272580     
           9          25  0.890506175563367     
          10          26  0.965048606623288     
          10          27  0.968639351372955     
          11          28  0.975161437525164     
          11          29  0.974931234802539     
          13          30  0.975326821467317     
          13          31  0.974276839155507     
          15          32  0.886644949236891     
          16          33  0.962624938612191     
          16          34  0.982934880641943     
          16          35  0.967365696290298     
