   -0.00935351
   -0.02749517
   -0.05953695
   -0.05571573
   -0.02840759
    0.11753225
   -0.07196151
    0.00982955
   -0.46980903
    0.08047390
   -0.11213105
    0.01070892
   -0.11169705
    0.04732839
   -0.47647174
   -0.11657772
    0.03901895
    0.03656943
    0.05067284
    0.03624132
    0.04101885
    0.00454196
    0.05294378
    0.04487180
    0.30776915
    0.01836619
    0.04581952
    0.03735377
    0.03822224
    0.02471486
    0.04539882
    0.31076791
    0.05869083
    0.04334210
    0.03695972
