$coord
 0.04045176257363 -1.43586281188805  -0.03288375478125  c
 1.22449477065768  0.92324258336285  -1.41643021077711  c
-0.75477579942967  3.10760342717258  -1.65005405087986  c
-2.51243047069057  3.46424072587999   0.65472685037780  c
-3.49785815064068  0.89249107274255   1.66116385521922  c
-1.24226690253203 -0.73792540647616   2.53599524471412  c
-2.36111508910732 -2.30848154215309  -1.52857120900903  c
-4.53621319396213 -0.70844198200311  -0.49047268824021  c
 0.20608830825364  0.55199593272787   4.39804411660784  o
 1.93062930907143 -3.62741631190070   0.29411060752188  c
-6.92355100717291 -0.72548954998871  -1.31899738877858  c
 3.83649851651655  1.79698085297655  -0.48283298761211  c
 4.23727153156601  3.39554190417784   1.44840548713566  c
 1.56371308441585  0.25857921622247  -3.36267312357142  h
 2.93226502748397 -4.59673896932180  -2.02963697331076  o
 6.04760241018595  0.89159918416647  -2.07566796020082  c
 0.23588854586796  4.88737758277938  -2.07079112633220  h
-1.94675282485520  2.71133193024062  -3.31158057668765  h
-1.54159470309485  4.46444817139950   2.19702586182244  h
-4.13468124197708  4.64592970203775   0.09668045428072  h
-4.89644034484753  1.20011364894560   3.17134364167548  h
-1.98650840796925 -2.52475344258158   3.35200319700667  h
-2.14026042510335 -2.10495674412004  -3.58825796004952  h
-2.74305331844800 -4.32864380024054  -1.15979611925167  h
 1.90394591790591 -0.17640910874052   4.46323466586496  h
 0.99978412031526 -5.15246672047858   1.38704901279563  h
 3.58885954746931 -3.01000066040588   1.39063776836380  h
-7.52032067521422 -1.91211716073865  -2.90124726340083  h
-8.37846385876346  0.45007939866699  -0.44346717703143  h
 6.15003389037844  4.01529620835903   1.92326495034129  h
 2.71859001697107  4.15171789972433   2.61058554206263  h
 1.53205575217030 -5.30939164851513  -3.00548963509990  h
 6.05486319995718 -1.17720498111643  -2.27898060371487  h
 5.90236288878107  1.66717136847697  -4.00912480525206  h
 7.87101021782076  1.49283370584149  -1.27984937158133  h
$end
