           1           2  0.961876350409113     
           2           3  0.985584337997208     
           3           4   1.00947126734691     
           4           5  0.978425111798344     
           1           6  0.958467134312384     
           5           6  0.974738879888586     
           1           7  0.980048913852866     
           5           8  0.996184501626599     
           7           8   1.00327903264707     
           6           9  0.990043762130246     
           1          10  0.979519177259146     
           8          11   1.93769314495354     
           2          12  0.994474772177040     
          12          13   1.93174194420089     
           2          14  0.961423338552594     
          10          15  0.993013056534069     
          12          16   1.02368769643863     
           3          17  0.976289915991892     
           3          18  0.977169084039200     
           4          19  0.968675435369316     
           4          20  0.976060737718979     
           5          21  0.964365750166249     
           6          22  0.956990490728614     
           7          23  0.964826612140750     
           7          24  0.959054255750806     
           9          25  0.884654770357182     
          10          26  0.966974683517594     
          10          27  0.967509502112727     
          11          28  0.974635974466906     
          11          29  0.974541410062635     
          13          30  0.974742807260850     
          13          31  0.968362757152887     
          15          32  0.885597818881854     
          16          33  0.969340463611387     
          16          34  0.968021755093198     
          16          35  0.984695410104234     
