   -0.06971158
   -0.06604352
   -0.05296073
   -0.03620956
   -0.06579441
    0.07163924
   -0.02377059
   -0.04624141
   -0.19839802
    0.05172941
   -0.00834784
    0.01277047
   -0.06581553
    0.02297351
    0.00666712
   -0.03784884
   -0.03889780
   -0.02060976
    0.28860684
   -0.02155929
   -0.05477780
   -0.72580909
    0.05197456
    0.36159816
   -0.46372376
   -0.26142312
    0.02699997
    0.04802308
    0.05095458
    0.05209877
    0.04070293
    0.02754611
    0.03106311
    0.02916011
    0.03162722
    0.17007240
    0.03835933
    0.08432471
    0.04800215
    0.05239242
    0.05540631
    0.05875745
    0.07545554
    0.07103743
    0.05393108
    0.06064328
    0.05442184
    0.08874034
    0.07057865
    0.06968451
