$coord
-0.68913068095541 -0.79431579824320  -5.25024829051855  c
 1.46312858842890  1.08270426226702  -4.66963215123392  c
-4.79897770387450  5.88683905995959   1.03991767905713  c
-6.81202617277190  4.97645107312047  -0.39677176372700  c
-6.65433595223571  2.60750015183353  -1.49546252660424  c
-4.49680600006958  1.09181421034442  -1.17016245413556  c
-2.47116518451739  1.95910487936569   0.31794324953935  c
-2.67879075791529  4.37289402568053   1.37660324046137  c
-4.39981808589185 -1.28269778913155  -2.26305363785994  n
-1.91375663290196 -2.21055704408587  -2.96661877290257  c
-0.12035395785545 -2.27236364562630  -0.63683373724356  c
-0.15058334488352  0.32651706096577   0.86536265579855  c
 2.56424279381222 -2.54375993733680  -1.77684780068883  c
 3.18372286300301  0.24054409780583  -2.42795882343391  c
 2.28476198548726  1.58226860546787  -0.07979908094361  c
 5.90549121259901  0.95092441773154  -2.86909679913696  c
 7.26648900930139  2.29266313881496  -1.21819385186197  c
 6.34800644469082  3.06691988233317   1.37218798381634  c
 4.22693558811025  1.32696859679764   2.08609643820700  n
 2.56743297878187  1.97745963842553   4.29822165794655  c
 0.31762618801231  0.20938316100197   3.81190183228952  c
 5.19207487138225 -1.02139449953413   2.50829151548043  o
 2.06743883504557  3.62018484645916  -0.37030842807502  h
-0.83758566558306 -4.54320084046704   0.94900640384709  c
 0.22665374058980 -6.57612415228654   0.86514869786683  o
-2.86019151598570 -4.08699159342494   2.41427863631949  o
-3.70596900946813 -6.17865913895165   3.95980494121672  c
 0.04182156579372 -2.23681553410536  -6.54002920706307  h
-2.19393735347356  0.18731347292524  -6.28053530462964  h
 2.62170036126626  1.28087941221745  -6.37615885280990  h
 0.69635081247141  2.96561618018202  -4.26929516790807  h
-4.87605631806761  7.75116012678542   1.89241882239730  h
-8.49237964113775  6.12200617871098  -0.68110544223902  h
-8.20186493048605  1.88944784944388  -2.64302665184525  h
-1.13953408813504  5.11131583096161   2.51373629921830  h
-5.71296161870205 -1.55338938998399  -3.62537097728219  h
-2.17075851565726 -4.18282487529425  -3.55851274522623  h
 3.88524627224032 -3.24745728428523  -0.37349702143414  h
 2.56490242386809 -3.78180733098710  -3.43316999377295  h
 6.74820720868180  0.40157937304039  -4.66492700309034  h
 9.19914885809325  2.82412236901969  -1.67166102147539  h
 5.69844236943083  5.04051695193363   1.41575081031972  h
 7.83063357856960  2.81713055793318   2.79049666604873  h
 3.60811422400633  1.56309487001248   6.02989523592762  h
 2.06237376643062  3.98436287007955   4.23039346508055  h
-1.36193532114246  0.79998530867482   4.85382973552516  h
 0.84078936753565 -1.68890785861668   4.42009774040140  h
-5.35353299178610 -5.47490974497407   4.97568239626596  h
-4.21474137374110 -7.78956680600280   2.77111024221101  h
-2.21743294816154 -6.73397709511461   5.28108049477602  h
$end
