           1           2   1.00845832309193     
           3           4   1.41413213508266     
           4           5   1.47091851634918     
           5           6   1.33641840558597     
           6           7   1.32340793104536     
           3           8   1.43887464152254     
           5           8  0.101332750646100     
           7           8   1.42259535081866     
           6           9   1.15472785880162     
           1          10  0.967778524402614     
           9          10   1.00600351408568     
          10          11  0.941547412042835     
           7          12  0.990520455902742     
          11          12  0.952962333338724     
          11          13  0.978837344283018     
           2          14  0.965365149779236     
          13          14  0.966617153455910     
          12          15  0.963815293184081     
          14          15  0.979533718606351     
          14          16   1.00408853021889     
          16          17   1.93013208572901     
          17          18   1.01437672148812     
          15          19  0.900505781482037     
          18          19  0.943306071563354     
          19          20  0.942205551392763     
          12          21  0.965510790817588     
          20          21   1.00470918406131     
          19          22   1.02064394824422     
          15          23  0.958380756868930     
          11          24  0.951596155892704     
          24          25   1.71081794420273     
          24          26   1.15481567835944     
          25          26  0.170207420717835     
          26          27  0.942264427551241     
           1          28  0.978562788016286     
           1          29  0.973016120130954     
           2          30  0.974450991372527     
           2          31  0.975974323420364     
           3          32  0.971605491718332     
           4          33  0.970934155723623     
           5          34  0.967143262367043     
           8          35  0.960297851422864     
           9          36  0.938757320210534     
          10          37  0.962173087398762     
          13          38  0.952403808622535     
          13          39  0.973555983003475     
          16          40  0.963341177695408     
          17          41  0.964478019526475     
          18          42  0.955342237991030     
          18          43  0.964404580170035     
          20          44  0.972507942974433     
          20          45  0.963708703133578     
          21          46  0.974426451446783     
          21          47  0.972548919878088     
          27          48  0.979210036619192     
          27          49  0.976681051922865     
          27          50  0.976729713332580     
