   -0.00864477
   -0.03693460
   -0.06154948
   -0.05966393
   -0.02938219
    0.11652262
   -0.06612859
    0.01721385
   -0.50492600
    0.07783434
   -0.11264620
    0.00773363
   -0.11022343
    0.04612934
   -0.47610682
   -0.11727238
    0.04214344
    0.04296287
    0.03842610
    0.04199187
    0.04447625
    0.01801185
    0.04887931
    0.04788214
    0.32030189
    0.05164889
    0.02976753
    0.03363746
    0.03401557
    0.03290996
    0.03437018
    0.31300050
    0.05128674
    0.04594874
    0.04638332
