           1           2  0.957181145221821     
           2           3  0.984692140687029     
           3           4   1.00874611470302     
           4           5  0.980125288488361     
           1           6  0.966454281651758     
           5           6  0.977180021144802     
           1           7  0.983164742926100     
           5           8  0.994424192901567     
           7           8   1.00500576919357     
           6           9  0.983366138692224     
           1          10  0.977499638989406     
           8          11   1.93844491753309     
           2          12  0.995845691369688     
          12          13   1.93010431225391     
           2          14  0.963720045049282     
          10          15  0.985074909082389     
          12          16   1.02384746866825     
           3          17  0.976030497948488     
           3          18  0.976422113950979     
           4          19  0.970244356229403     
           4          20  0.975478042401268     
           5          21  0.962645123797079     
           6          22  0.954522324028245     
           7          23  0.953320761459934     
           7          24  0.966009756840659     
           9          25  0.853003822602710     
          10          26  0.968780775837407     
          10          27  0.968909782438642     
          11          28  0.975087355308904     
          11          29  0.974986431229317     
          13          30  0.973929977476985     
          13          31  0.966478879921461     
          15          32  0.880785539716554     
          16          33  0.968758893397342     
          16          34  0.984086930101405     
          16          35  0.971493535413181     
