    0.00058750
   -0.03761622
   -0.06110342
   -0.05830753
   -0.03339849
    0.11373130
   -0.07033857
    0.01495680
   -0.48729934
    0.08426800
   -0.11353570
    0.00807269
   -0.11283794
    0.04701955
   -0.48730522
   -0.11122308
    0.04262281
    0.04312248
    0.03824517
    0.04170903
    0.03318753
    0.02483986
    0.06553278
    0.04891624
    0.30713103
    0.01900183
    0.04284619
    0.03348081
    0.03268163
    0.03433859
    0.02776953
    0.32389383
    0.05343020
    0.04532419
    0.04625591
