           1           2  0.958737086551038     
           2           3  0.982897480025627     
           3           4   1.00855781380151     
           4           5  0.978763398135982     
           1           6  0.969474178988393     
           5           6  0.976671515981734     
           1           7  0.982191792553905     
           5           8  0.993997392525022     
           7           8   1.01046892929782     
           6           9  0.967694581030776     
           1          10  0.977443971143875     
           8          11   1.93419902983401     
           2          12  0.998122590317164     
          12          13   1.92698507859470     
           2          14  0.960828778611240     
          10          15   1.00062747145119     
          12          16   1.02579582176929     
           3          17  0.975275955392959     
           3          18  0.976900723956000     
           4          19  0.970233819289892     
           4          20  0.975728221045790     
           5          21  0.961635654722299     
           6          22  0.954599974184279     
           7          23  0.952159059602504     
           7          24  0.964038241064554     
           9          25  0.883770409293864     
          10          26  0.966933584145243     
          10          27  0.971385491013393     
          11          28  0.975260309343037     
          11          29  0.975051272559261     
          13          30  0.975300995673454     
          13          31  0.975282738002212     
          15          32  0.860541624882224     
          16          33  0.970023848096038     
          16          34  0.962048605289684     
          16          35  0.981817060703005     
