$coord
          2.663607095105          2.378950375704          4.124557961624     c 
          4.834135962194          2.707870657333          2.198749832285     c 
          4.154002543070          1.813590670581         -0.525606488231     c 
          3.068618644923         -0.963534613184         -0.482189851625     c 
          0.660209031707         -0.862293705827          1.181198656513     c 
          1.412103181375         -0.252174051864          3.948290906556     c 
          2.371884174600         -1.816447703602         -3.183560324502     c 
          0.899123263569         -4.326846630498         -3.124743579711     c 
         -1.631989068517         -3.993883382872         -1.722242637849     c 
         -1.278015282160         -3.111267437570          1.064007332348     c 
         -0.971509176864          1.261024721035          0.219662007476     c 
         -3.805923844935         -1.769673313649          1.847643078864     c 
         -3.486918808987          0.837738816071          0.677706325317     c 
         -5.260424831125          2.620033870782         -0.068821453603     c 
         -4.388853450887          4.794812810664         -1.315713012734     c 
         -1.841571635685          5.156104603030         -1.826055044760     c 
         -0.078705808939          3.345963903452         -1.045746458703     c 
          2.422477387740          3.581468598824         -1.624469844944     o 
         -7.781018745409          2.178835783943          0.395087109251     o 
          6.554083652656          2.028017801283         -2.192811145044     c 
          5.083190245352         -2.801926281306          0.571066507407     c 
         -3.216212160346         -6.439954700872         -1.928506067714     c 
         -0.667913474720         -5.345660873810          2.829659838851     c 
          3.390963098582          2.672118588705          6.016335269894     h 
          1.242866186859          3.812514914725          3.795813492493     h 
          6.483609308776          1.678527504763          2.823783182010     h 
          5.363499423342          4.682503763682          2.086905080213     h 
         -0.257280171770         -0.271428049352          5.124202079193     h 
          2.677513761336         -1.687962964105          4.652614221653     h 
          1.229341767175         -0.385730105261         -4.091825666219     h 
          4.076834380676         -2.038463768071         -4.284364483491     h 
          0.514207374305         -4.938538264252         -5.039201775826     h 
          2.012610815549         -5.790562671188         -2.237252574508     h 
         -2.648903050142         -2.504030574097         -2.680353630196     h 
         -3.990595742662         -1.658219954499          3.886110405793     h 
         -5.449930854941         -2.749064870757          1.126454767853     h 
         -5.733632521656          6.200436859362         -1.928456003254     h 
         -1.210899141783          6.813185448466         -2.836607820156     h 
         -8.801885635489          3.567237047434         -0.256240099707     h 
          7.224268685370          3.962707084193         -2.145312584340     h 
          8.031779870369          0.802393390896         -1.490013891493     h 
          6.128869886713          1.535855290906         -4.131778056115     h 
          5.942720744777         -2.108565134058          2.283449713999     h 
          4.237122808880         -4.610713111575          0.984822360700     h 
          6.555500578314         -3.095539736063         -0.814871376014     h 
         -4.954642240440         -6.298185606300         -0.860168992305     h 
         -3.693243368189         -6.787207351891         -3.889110695909     h 
         -2.158928488174         -8.047922074506         -1.238004530347     h 
         -2.279625469260         -6.598477461755          2.942084173640     h 
          0.925795066562         -6.424404987311          2.143407010496     h 
         -0.249379892756         -4.690773325166          4.718025789906     h 
$end
