$coord
 0.17786222675187 -1.25327376139809   0.16502986223486  c
-1.87070490156632  0.56375283497907   1.36117595087599  c
-0.76444783248681  3.26721959828633   1.75446555601655  c
 0.88609639627577  4.23384758100749  -0.45255452786604  c
 2.72651443194858  2.16268633798704  -1.41515665428873  c
 1.18781576398455 -0.12663823420287  -2.37029069725897  c
 2.61538470807815 -1.16442685582855   1.85226846548471  c
 4.20141379217779  1.00298289822145   0.77377409445811  c
 2.70337357496240 -1.85881067024741  -3.81223347837218  o
-0.82689495849717 -3.96809834385822  -0.13150625111941  c
 6.49883730887893  1.70780430504007   1.55884670995259  c
-4.46658523089299  0.56518370012895   0.06076057521595  c
-6.31829628069061 -0.92211679998612   0.96344758095111  c
-2.21695703683662 -0.22028465242352   3.25740913887030  h
-1.60955244240917 -5.09546760272620   2.21282567361806  o
-5.01367873833594  2.31706711844901  -2.14774604476378  c
-2.30433752518294  4.61416797541987   2.14091214050004  h
 0.39986811256648  3.24677355448307   3.48040110110390  h
-0.28937940195217  4.86727973235770  -2.05082160027848  h
 1.97927998171594  5.89126272227308   0.17634918110403  h
 3.96321730910846  2.94696209983515  -2.89445101804949  h
-0.33623129794765  0.41839007888512  -3.66676150468438  h
 3.67242185999338 -2.95972065023616   1.72158308618304  h
 2.18003896591458 -0.88592576269991   3.86839403460708  h
 4.31359694705866 -2.11738215341661  -2.93411433520377  h
 0.62859753553941 -5.13458544446902  -1.06440703645999  h
-2.51335074775149 -3.98213548898287  -1.34459684942987  h
 7.44039858408873  0.78312325143577   3.14807407168999  h
 7.52688074734227  3.24851490370941   0.64550972994205  h
-8.19867800787461 -0.94850953451020   0.10993143343315  h
-6.01223389346787 -2.19009888655465   2.56154256687858  h
-0.10574115686916 -5.32519794738749   3.26346367605504  h
-4.66816119514431  4.30983769883136  -1.64980960323438  h
-3.83505434172064  1.90640160755396  -3.81263662910569  h
-7.00051751695568  2.15261197519168  -2.73491062626034  h
$end
