    0.01383479
   -0.06534278
   -0.05875110
   -0.06418448
   -0.01964393
    0.11203668
   -0.02827976
   -0.06744560
   -0.05851359
   -0.02941916
   -0.34059972
    0.14200693
    0.02640320
    0.02513067
    0.02009401
   -0.10563954
   -0.11389297
   -0.11411846
   -0.10604741
    0.03249960
    0.03388992
    0.03408952
    0.03089335
    0.03198572
    0.03257438
    0.02874315
    0.03537767
    0.03067196
    0.03644344
    0.02845559
    0.03488162
    0.05560223
    0.03113383
    0.04778317
    0.03925351
    0.03401224
    0.03631186
    0.04858868
    0.04610679
    0.03403198
    0.03546449
    0.03357748
