$coord
 1.86034207416750  3.00140714580104  -0.23521372045181  c
 4.36776602978348  2.03412469281724   0.85960574024733  c
 5.59556028735813 -0.11790733546708  -0.64380840261176  c
 4.78708319712531 -2.76116353886446   0.19879350655862  c
 2.08135221054870 -3.52166422556346  -0.48479112559513  c
 0.18124091262088 -1.59612402455993   0.54828887894217  c
 0.05824333905267  0.85824372675644  -0.99163280961326  c
 0.34788902524150  4.57990146331409   1.71836778108546  c
-2.21295432453964  3.27029499665887   2.07415235646735  c
-2.61333166624668  1.77190388454715  -0.36873208514204  c
-2.31262667746130 -2.59684101599938   0.50632502703728  o
-4.11940880246902 -0.70637882294048  -0.17835084353029  c
 0.25901158087753  0.38727568377430  -2.99143583393498  h
-3.39615405645413  2.99675781482005  -1.83148281361721  h
 0.67555903030551 -1.19402989387997   2.52759393248721  h
 1.51867885879380 -6.15248064306820   0.56201201412935  c
-5.24013657464408 -1.39559929794586  -2.76537235578834  c
-6.24063268752405 -0.66450718626900   1.78541934865972  c
 2.40479242820905  4.64193399634482  -2.56034493451555  c
 5.67198968092327  3.63412354656229   0.93331388926345  h
 4.08658151030728  1.39827250943622   2.80134143441873  h
 5.21486050486952  0.10614207408684  -2.65621596803146  h
 7.64214789537093  0.00949084370742  -0.39469169852488  h
 5.01888021753119 -2.90638247658610   2.24653707270353  h
 6.06577665057785 -4.13711344074726  -0.66052954332150  h
 1.88759571152981 -3.58659371233501  -2.54560058792866  h
 0.06729046353851  6.49007189548403   0.99883562073805  h
 1.35720600834392  4.73908669030704   3.50650485638004  h
-2.12253039615577  1.98505182161948   3.67898118956234  h
-3.72955829239357  4.61793855333638   2.42075048428124  h
 1.72215865937642 -6.16376841827764   2.60727615717450  h
-0.40781743364716 -6.68807000119864   0.10426151634562  h
 2.81311704847458 -7.53500468879139  -0.23743949921977  h
-6.00225818243096 -3.30126976592236  -2.68880456076047  h
-3.78934248767278 -1.33876167985963  -4.21834050652656  h
-6.74561062593841 -0.09090047233723  -3.26607742142132  h
-7.52172904774271  0.89569753259004   1.40843546031838  h
-7.28526232189567 -2.43036412711662   1.69645902922269  h
-5.48042877021879 -0.47029040136650   3.68090009740555  h
 3.47793694095364  3.60114523882696  -3.97041312009605  h
 0.64865686839651  5.26967354351734  -3.42430173590756  h
 3.49617445970049  6.30055218832767  -2.02405685468556  h
$end