           1           2  0.989284962301446     
           2           3   1.00470059686084     
           3           4   1.00786338972679     
           4           5  0.996678585097647     
           5           6  0.979169561878076     
           1           7  0.976376875502979     
           6           7  0.976895679067405     
           1           8  0.977927169844981     
           8           9   1.00464836885482     
           7          10  0.982163395651516     
           9          10  0.995201826277834     
           6          11  0.968045665115845     
          10          12  0.969542591346152     
          11          12  0.954435266535215     
           7          13  0.965364256848549     
          10          14  0.970100757671762     
           6          15  0.955922162365209     
           5          16   1.00663343682503     
          12          17  0.988573069058390     
          12          18  0.992763982262576     
           1          19   1.00063445124188     
           2          20  0.976373868885213     
           2          21  0.972294778706671     
           3          22  0.972991828509119     
           3          23  0.978159157649600     
           4          24  0.974741772474960     
           4          25  0.976005166602821     
           5          26  0.966755107659891     
           8          27  0.979942710238024     
           8          28  0.979553823948829     
           9          29  0.975412009217089     
           9          30  0.980773007401198     
          16          31  0.986945855225200     
          16          32  0.983332795086649     
          16          33  0.986734438984400     
          17          34  0.984671418923483     
          17          35  0.985092593686279     
          17          36  0.986232183317467     
          18          37  0.985792586487432     
          18          38  0.984150832998583     
          18          39  0.982259222294509     
          19          40  0.981489008283036     
          19          41  0.985460737457576     
          19          42  0.985090546193457     
