$coord
 0.02885357058492 -1.41393804346310  -0.01596180793445  c
 1.15933206991897  0.88128244148976  -1.44251422889794  c
-0.79832951170577  3.02628819459626  -1.67897235365652  c
-2.45825093441377  3.41597833589866   0.64968360743410  c
-3.45359969713376  0.87953403456417   1.62478498367568  c
-1.19878083203322 -0.71010070374012   2.52396233769959  c
-2.31940582105945 -2.34011534988841  -1.46814453747232  c
-4.44395235713676 -0.69477624902724  -0.52927649065874  c
 0.45136733079942  0.45322717940997   4.23599479191835  o
 1.98426942076840 -3.50761300444118   0.34837796428646  c
-6.77020674825350 -0.63619550806761  -1.42941927250096  c
 3.71226026743061  1.77555387865320  -0.50031797092091  c
 4.07906741007804  3.40004715494450   1.36328408849391  c
 1.50875915553720  0.17824995483190  -3.35951485580629  h
 2.78087645410280 -4.44157326904563  -2.02329445242812  o
 5.90909195605931  0.83224156618989  -2.03608732854505  c
 0.19220574213924  4.78157429851589  -2.11775209873665  h
-2.04067152331211  2.59890525379718  -3.27120366163972  h
-1.39433686584083  4.33098544455125   2.15851961038494  h
-4.04334889080154  4.64088770431101   0.15264275231681  h
-4.86408468807843  1.18471314893973   3.10534487231493  h
-1.93083855898922 -2.47292057181212   3.37836824782476  h
-2.07164066648297 -2.23219846581153  -3.50762322823746  h
-2.70338283689264 -4.31523718303891  -1.00030387028534  h
-0.50660127721785  0.95983046106032   5.69881502886678  h
 1.11999725829009 -5.03863790416090   1.45961292819481  h
 3.58176047396338 -2.74691022948545   1.43089683783113  h
-7.34056022212639 -1.79983203054816  -2.99861043296050  h
-8.19682418713407  0.57958801591564  -0.63704098211860  h
 5.95888920425644  3.99167370572436   1.88044849482482  h
 2.57432962707370  4.17482846191140   2.47678956986933  h
 3.93629611895547 -5.81758025520831  -1.74456865977115  h
 7.68800422158966  1.12173858082141  -1.04944365649623  h
 5.69227454804068 -1.15926569366676  -2.48688551805507  h
 5.98568912328932  1.86154676247823  -3.82158279990845  h
$end