$coord
 2.60970979183229  2.40579359698449   4.05336811270509  c
 4.78546280213719  2.69762793316929   2.18478073297260  c
 4.15549366839857  1.76881065685897  -0.50592929344222  c
 3.07600528665828 -0.98819555426038  -0.46244869009034  c
 0.66927453537084 -0.88222625575449   1.19435999312929  c
 1.42493612781490 -0.22152424525534   3.93190686871345  c
 2.34373770145864 -1.83034837568622  -3.14157566573047  c
 0.86497535489192 -4.29825145516031  -3.08908682014162  c
-1.64211351221982 -3.97765293905037  -1.69872418289112  c
-1.29895575213774 -3.09805702672702   1.07687360511707  c
-0.94022742035706  1.23843404342800   0.22312338535990  c
-3.79615550669043 -1.74001404318638   1.83119109999673  c
-3.47682418007103  0.83026343168430   0.68429492540225  c
-5.22763556332572  2.62615133452266  -0.07365121156796  c
-4.33623351446810  4.76892037641761  -1.32111167753210  c
-1.79478115355251  5.11684736776875  -1.84449519484066  c
-0.03901780572496  3.32068687363755  -1.06094084605263  c
 2.45110123196304  3.54857797583999  -1.64294683230826  o
-7.74522108163105  2.23981963017516   0.38023760272148  o
 6.54401568902695  2.00061805658559  -2.12718913362649  c
 5.06910793003292 -2.83706146547613   0.55132893521739  c
-3.19784073459522 -6.39986326000716  -1.95277650069556  c
-0.76282038655616 -5.31115909685816   2.84639185707358  c
 3.30799740730263  2.76112281640029   5.96434737373495  h
 1.16389040510681  3.82214822656320   3.65281867855309  h
 6.44440052866648  1.68892373817161   2.87441839242121  h
 5.29750267221575  4.69292317701237   2.04580680605899  h
-0.24577251661184 -0.23163762238514   5.13716372641615  h
 2.75071634690583 -1.61760288527204   4.66064399594489  h
 1.18948556231861 -0.37935311716435  -4.04654701359647  h
 4.04407615171195 -2.08349585142576  -4.28108169138969  h
 0.47234580734028 -4.88406277856841  -5.03009671850728  h
 1.98664234627366 -5.79044419887320  -2.21698954196198  h
-2.67343453114468 -2.46676066255248  -2.67082360087002  h
-3.99868741630215 -1.61961811680223   3.88168787862060  h
-5.46456006115370 -2.69924949827583   1.10361202414703  h
-5.67783014634333  6.18452727595046  -1.93857670325816  h
-1.16665594332443  6.76165529477298  -2.86990079198076  h
-8.69446353155441  3.64646569068397  -0.28225806173869  h
 7.19204933349516  3.94924511252857  -2.06707433038369  h
 8.03677148835522  0.78289414707686  -1.42808196774609  h
 6.13181170121005  1.53402023203570  -4.08130174552590  h
 6.08930406643961 -2.09109994570432   2.16410458369900  h
 4.17994161974481 -4.58905824388267   1.13422640770956  h
 6.43713163759853 -3.27883020680952  -0.91749695869419  h
-4.96376549733553 -6.27966378652744  -0.91139064376822  h
-3.65321534850744 -6.71424283389199  -3.93337164588898  h
-2.14736494143666 -8.03186058545237  -1.27958897236462  h
-2.43231238297347 -6.49855413831213   2.99810851225295  h
 0.78434946296059 -6.47438640651619   2.16011767145588  h
-0.29429095369172 -4.65642802206125   4.73370417771472  h
$end