           1           2   1.00803302477474     
           2           3  0.975844958462024     
           3           4  0.947337322700652     
           4           5  0.963011803748117     
           1           6   1.00675197980062     
           5           6  0.969127541264053     
           4           7  0.987119666044179     
           7           8   1.00706647054369     
           8           9  0.998168536649668     
           5          10  0.948569111207134     
           9          10  0.972293357187369     
           5          11  0.986911951455508     
          10          12  0.975197382209859     
          11          13   1.38876446191866     
          12          13   1.01203458698080     
          13          14   1.35722346617502     
          14          15   1.36592718179311     
          13          16  0.101910299665212     
          15          16   1.45273925257029     
          11          17   1.35181653991528     
          16          17   1.35140119684363     
           3          18  0.940413825366145     
          17          18   1.05875543818266     
          14          19   1.05079018550122     
           3          20  0.993778282498092     
           4          21  0.998074704031347     
           9          22   1.00769724640475     
          10          23   1.00657358122719     
           1          24  0.975846946106407     
           1          25  0.975579945375397     
           2          26  0.970588768828608     
           2          27  0.974356084936801     
           6          28  0.972217272629132     
           6          29  0.970833845627841     
           7          30  0.973084794169465     
           7          31  0.971947834877746     
           8          32  0.975026556080162     
           8          33  0.972235445312744     
           9          34  0.964401273135650     
          12          35  0.957688848640868     
          12          36  0.965733566148173     
          15          37  0.966544833236513     
          16          38  0.969331578739278     
          19          39  0.892769457120588     
          20          40  0.983281784213805     
          20          41  0.983272200424699     
          20          42  0.981611662512112     
          21          43  0.977426190187642     
          21          44  0.975981147212823     
          21          45  0.982606504330133     
          22          46  0.981943705296467     
          22          47  0.985979571657472     
          22          48  0.985653178080629     
          23          49  0.981880615294516     
          23          50  0.978058093789644     
          23          51  0.981184408456996     
