! r2scan-3c
! DEFGRID2
! scfconv6
! miniprint nopop noautostart
%MaxCore 2500
%pal
    nprocs 12
end
*xyz 0 1
C    1.7145595790   0.9612358696   2.3078927154
C    2.1141250496   1.7400356218   1.0685953265
C    2.6241306313   0.7948626799  -0.0296310521
C    1.6962205817  -0.4897740925  -0.1507253247
C    0.3031603629  -0.3312007378   0.5421146452
C    0.4946773688   0.0766069542   2.0316165699
C    1.4357549280  -0.8372834989  -1.6280348234
C    0.5913024440  -2.0988441139  -1.7906609635
C   -0.7400791262  -2.0130077272  -1.0423645359
C   -0.5593598809  -1.6642094376   0.4595757889
C   -0.7637126434   0.6634023909  -0.0147935590
C   -1.9066605040  -1.1700935049   1.0108461374
C   -2.0082675784   0.1986298919   0.4392970911
C   -3.2061142105   0.8686309135   0.2867738249
C   -3.1964519973   2.0877386326  -0.3755648349
C   -2.0074314038   2.5380434777  -0.8924510686
C   -0.7914231216   1.8521486458  -0.7510523539
O    0.2065580968   2.4681035374  -1.4264021364
O   -4.3521709988   0.2970903113   0.7791042623
O    2.6325273042   1.5592049423  -1.2383264773
C    4.1098757916   0.5016357378   0.2441512800
C    2.4657943700  -1.6641023207   0.4768236902
C   -1.5373656656  -3.2947493505  -1.2900069408
C   -0.1736162756  -2.9084329847   1.2725452179
H    2.5607942271   0.3629632536   2.6501662407
H    1.4762710899   1.6597061319   3.1118585244
H    2.8988676063   2.4607194319   1.3034633522
H    1.2550385432   2.3050729393   0.7149398807
H   -0.3963073877   0.6183542415   2.3486901019
H    0.5671396534  -0.8111717662   2.6577159726
H    0.9069920662  -0.0160916079  -2.1148699420
H    2.3864194925  -0.9904750219  -2.1495713426
H    0.3803098144  -2.2335457087  -2.8549352403
H    1.1506571487  -2.9789989563  -1.4709082355
H   -1.3058288868  -1.1883178913  -1.4883656917
H   -1.9003285760  -1.1549217978   2.1023385688
H   -2.7508566945  -1.7842490716   0.7004726367
H   -4.1071072658   2.6552863002  -0.5094583787
H   -1.9663256764   3.4586252890  -1.4531738044
H    1.0819587624   2.0476843308  -1.3232366703
H   -5.0966156729   0.8756370210   0.5792397731
H    3.0986896152   1.0696161150  -1.9242679591
H    4.5396639561  -0.1358265792  -0.5264690140
H    4.6355465722   1.4552807692   0.2119806186
H    4.2843977475   0.0535474649   1.2149132468
H    2.6663322099  -1.4998051038   1.5289444063
H    1.9170892711  -2.5840088486   0.3834101592
H    3.4095171304  -1.8150608427  -0.0384591883
H   -2.4853940669  -3.2827947053  -0.7605267076
H   -1.7504129622  -3.3866199348  -2.3531942512
H   -0.9837198628  -4.1788669496  -0.9841737593
H    0.3897069583  -3.6383442431   0.6987723335
H    0.3904634426  -2.6684865878   2.1684938383
H   -1.0893409708  -3.4042963811   1.5904896891
*
