   -0.00962426
   -0.02955743
   -0.06406735
   -0.05522781
   -0.03736504
    0.11570758
   -0.07677706
    0.01034340
   -0.49400581
    0.08141222
   -0.11235275
    0.01974030
   -0.11900076
    0.04702062
   -0.49061026
   -0.11802638
    0.04110467
    0.04113167
    0.03830871
    0.03799790
    0.03816132
    0.02932563
    0.05650310
    0.04881260
    0.32407319
    0.04557798
    0.01945330
    0.03763757
    0.03834544
    0.03145231
    0.03450192
    0.31841623
    0.06859383
    0.04255195
    0.04044145
