$coord
-0.11913602218036 -1.48857706962834  -0.61128477704865  c
 1.07661041186551  1.02871878725926  -1.71885436565662  c
-0.88009642524971  3.23989026636225  -1.55650339563868  c
-2.41264661083412  3.36421095021477   0.92950723230502  c
-3.39961304265792  0.71883673832051   1.69656063598099  c
-1.15593903371619 -1.11395308245964   2.12222003815819  c
-2.66228980129125 -1.98964855725014  -2.03653832716299  c
-4.68475258332551 -0.54681592144111  -0.54533027060381  c
 0.64906134127490 -0.45071510026783   4.02798904116214  o
 1.59714879875173 -3.84176486173797  -0.76718534869589  c
-7.14804132529557 -0.45269628878578  -1.10102487912190  c
 3.72695310331862  1.79806798286686  -0.79280375730015  c
 4.14757519867750  3.60215063524939   0.95283449214185  c
 1.33177290227561  0.62029570506217  -3.75090830339328  h
 3.69429801841200 -3.85272967365987   0.94093945310816  o
 5.94905205138060  0.62460276999661  -2.17617748696924  c
 0.09172104837634  5.04649194704734  -1.89195556165410  h
-2.22994627092855  3.02358039580110  -3.12515028182778  h
-1.28799051252885  4.15534555875957   2.49520686307421  h
-4.02786570472642  4.65256328097877   0.67118300057328  h
-4.64211155075398  0.85920349083622   3.35912559044553  h
-1.93011432715501 -2.94045391618935   2.77389284840612  h
-2.57802008064060 -1.41349471764991  -4.03477171207561  h
-3.09963580487430 -4.02848446448823  -2.02519413226624  h
 1.71594822210733  0.93890598264537   3.41963582781614  h
 2.38355019424079 -4.04183176852384  -2.68770552848946  h
 0.39322342608874 -5.52307723812981  -0.42288172579458  h
-7.92397427119508 -1.40712336124864  -2.76100338518308  h
-8.48727358858460  0.58384431467724   0.08067856415777  h
 6.06931509721169  4.15155690605995   1.46598193817854  h
 2.64453000913294  4.65844913821704   1.89109184272038  h
 3.10653847279589 -3.13217885402429   2.54885708139017  h
 6.05606344467566 -1.42243224898002  -1.85843754352242  h
 5.75985917246925  0.93726382595950  -4.22950164064680  h
 7.74790794059174  1.46645884186950  -1.56068518909429  h
$end
