           1           2  0.958878133152241     
           2           3  0.987415289669081     
           3           4   1.00877529730655     
           4           5  0.980564440181628     
           1           6  0.960443283446066     
           5           6  0.965949441594907     
           1           7  0.980686868097555     
           5           8  0.994931321244926     
           7           8   1.00429237379055     
           6           9  0.989977471050637     
           1          10  0.981179259659707     
           8          11   1.93746640521229     
           2          12  0.996668470891734     
          12          13   1.91279167749510     
           2          14  0.957515986687674     
          10          15  0.995649993452890     
          12          16   1.02678971848266     
           3          17  0.975167095811816     
           3          18  0.976308461395158     
           4          19  0.966250917873863     
           4          20  0.975425989060758     
           5          21  0.965141143403563     
           6          22  0.961384679956396     
           7          23  0.963905998440934     
           7          24  0.958251318526954     
           9          25  0.848836384481897     
          10          26  0.969878881180806     
          10          27  0.964866392710042     
          11          28  0.974574574101649     
          11          29  0.974534742076339     
          13          30  0.974088882496893     
          13          31  0.962025437555190     
          15          32  0.862038188021301     
          16          33  0.959612753286857     
          16          34  0.972510704381068     
          16          35  0.983673012196868     
