$coord
-1.91179488931335 -2.88022917288945  -0.33986163420056  c
-4.71382978726868 -2.14782989551072  -0.09291473708353  c
-5.37571154906364  0.49078787060987   0.88049641368733  c
-4.59980531307864  2.59025623318988  -0.95607215938009  c
-1.95839698914448  3.68593878245516  -0.47966808411614  c
-0.11016892663648  1.65360189999884   0.41051842732410  c
-0.09555964576777 -0.78156846829505  -1.16108160085366  c
-0.73107018405079 -3.78139799419265   2.15643133073548  c
 2.14081233820643 -3.42082475813357   1.85911605954155  c
 2.54956435877462 -1.78861079297355  -0.52354900610558  c
 2.38922357653917  2.62112936863597   0.27820463567130  o
 4.14358310219709  0.64330972259554  -0.27388299907416  c
-0.29831139213295 -0.31098295633639  -3.16019051062814  h
 3.32994587157095 -2.94614706012393  -2.03968642911400  h
-0.50701370144096  1.19887291706450   2.39707881863234  h
-2.03709641319426  5.82182355755528   1.46033661941257  c
 5.40731835480424  1.24255840622367  -2.81741497807952  c
 6.17475692455258  0.57187483851930   1.78579629440867  c
-1.77607555455767 -5.04700636695693  -2.26689111230089  c
-5.59111395264727 -2.34177382474769  -1.95366484242782  h
-5.60556395303621 -3.54707972537868   1.14004635561718  h
-7.42877296685305  0.54224117141533   1.10745367862309  h
-4.56187964603302  0.81918143857924   2.74246392746685  h
-5.95587084449379  4.14104080488557  -0.83579580295988  h
-4.70686870499657  1.84222815635939  -2.87593405595287  h
-1.21878736044474  4.45830272171573  -2.25137918674082  h
-1.21684608032291 -5.74620630988633   2.53793466313408  h
-1.44697325217488 -2.65457899258631   3.72571050481137  h
 2.91877071282874 -2.52257609716389   3.53426367233775  h
 3.09004333242104 -5.23600934777950   1.64221576719019  h
-2.89973083224272  5.17642034098898   3.21183111126058  h
-0.12527262222057  6.45303743197192   1.86292414000943  h
-3.12559952668001  7.41173423839273   0.74408634378163  h
 4.02963080042723  1.17110798179566  -4.33966088579746  h
 6.91242371164978 -0.10071288658202  -3.20503461147283  h
 6.19747012167757  3.13715770450149  -2.75134759442229  h
 7.29643970591890 -1.14131041458743   1.62736917621540  h
 7.40559216474620  2.20328597318807   1.58098742317482  h
 5.32371350427792  0.66419717254072   3.65154884174521  h
-2.25844548102675 -4.37650128445203  -4.15036649446648  h
 0.10287721277920 -5.86852740326456  -2.33429362639412  h
-3.10589401708938 -6.52875319729989  -1.75099364167031  h
$end