*************************************************
******************* ORCA 6.1.1 ******************
*************************************************
$Calculation_Status
   &GeometryIndex 1
   &version [&Type "String"] "6.1.1"
   &progName [&Type "String"] "LeanSCF"
   &Status [&Type "String"] "NORMAL TERMINATION"
$End
$Geometry
   &GeometryIndex 1
   &NAtoms [&Type "Integer"] 35
   &NCorelessECP [&Type "Integer"] 0
   &NGhostAtoms [&Type "Integer"] 0
   &CartesianCoordinates [&Type "Coordinates", &Dim(35,4), &Units "Bohr"] 
              C      0.226430675246   -1.096833438395    0.842909564327
              C     -1.794256296960    1.014410845895    1.409685047654
              C     -0.702913181947    3.716629990959    0.870872329480
              C      1.083647240104    3.918921616753   -1.432480388819
              C      2.934808914747    1.646566985943   -1.560512566013
              C      1.337903717498   -0.769705777217   -1.853794867038
              C      2.610278097459   -0.567983315203    2.521794708028
              C      4.243083508667    1.242759364699    0.972963571606
              O      2.833942943457   -2.978637159117   -2.396257224444
              C     -0.841365589101   -3.781957051645    1.315538822876
              C      6.425484518170    2.289773631583    1.699788773197
              C     -4.435635231798    0.641629995726    0.290314461565
              C     -6.399320614315    0.272970165068    1.860242648323
              H     -2.078655879632    0.916380444006    3.472056815528
              O     -2.242434001858   -4.798037820368   -0.767415563691
              C     -4.880814818343    0.810199049535   -2.535878142430
              H     -2.270674869691    5.071387215676    0.671803514634
              H      0.353773218808    4.316823088127    2.561037577287
              H      0.002673065804    3.999165765280   -3.212863798239
              H      2.161739661417    5.696131700538   -1.309943946616
              H      4.277001773510    1.919509223504   -3.131442690481
              H     -0.116589190223   -0.532131146775   -3.320880678980
              H      3.652245285485   -2.337150132700    2.872209737609
              H      2.110433590645    0.210529956039    4.386737985291
              H      3.717448637328   -2.689912375994   -3.996763917884
              H     -2.157716842659   -3.739658817993    2.927092742668
              H      0.720987631394   -5.067054191381    1.831314433804
              H      7.232023983222    1.943723283934    3.569292219837
              H      7.490878462310    3.544365735111    0.452314850575
              H     -8.329433875771    0.068957303012    1.155303643866
              H     -6.153348936854    0.143532165234    3.906255134345
              H     -1.004036347686   -5.108123713196   -2.109563248739
              H     -6.915262258282    0.868438921012   -2.959321142214
              H     -4.011725729118    2.509029327936   -3.367528891739
              H     -4.084406888844   -0.843293460679   -3.512774277017
$End
$SCF_Energy
   &GeometryIndex 1
   &Method [&Type "String"] "SCF"
   &totalEnergy [&Type "ArrayOfDoubles", &Dim (1,1)] "Total energy of each state"
                                                         0

0                                     -6.5776935913118427e+02
   &Mult [&Type "ArrayOfIntegers", &Dim (1,1)] "Multiplicity of each state"
                                                         0

0                                                        1
$End
$DFT_Energy
   &GeometryIndex 1
   &nAlphaEl [&Type "Integer"] 57
   &nBetaEl [&Type "Integer"] 57
   &nTotalEl [&Type "Integer"] 114
   &finalEn [&Type "Double"]      -6.5776935913118427e+02  "No Van der Waals correction"
   &eExchange [&Type "Double"]      -9.1091477749221738e+01
   &eCorr [&Type "Double"]      -4.0402835924721971e+00
   &eXC [&Type "Double"]      -9.5131761341693931e+01
   &eCNL [&Type "Double"]       0.0000000000000000e+00
$End
$Solvation_Details
   &GeometryIndex 1
   &Solvent [&Type "String"] "CHLOROFORM"
   &Epsilon [&Type "Double"]       4.8029999999999999e+00
   &Refrac [&Type "Double"]       1.4459000000000000e+00
   &RSolv [&Type "Double"]       1.3000000000000000e+00
   &SurfaceType [&Type "String"] "GAUSSIAN VDW"
   &CPCMDielEnergy [&Type "Double"]      -1.3175187000000000e-02
   &NPoints [&Type "Integer"] 2589
   &SurfaceArea [&Type "Double"]       9.1420794607400001e+02
$End
$SCF_Timings
   &GeometryIndex 1
   &TOTAL [&Type "Double"]       1.4687017000000001e+01
   &PREP [&Type "Double"]       5.0891599999999992e-01
   &FOCK [&Type "Double"]       1.0935499999999999e+01
   &DENS [&Type "Double"]       1.8888200000000133e-01
   &ETOT [&Type "Double"]       1.0966799999999943e-01
   &POP [&Type "Double"]       9.9999999925159955e-07
   &TRAFO [&Type "Double"]       3.7610100000000024e-01
   &DIIS [&Type "Double"]       1.5801690000000008e+00
   &SOSCF [&Type "Double"]       7.3876400000000242e-01
   &XC [&Type "Double"]       3.7548749999999984e+00
   &FOCKSTART [&Type "Double"]       2.8526000000002050e-02
   &SOLV [&Type "Double"]       4.5749610000000001e+00
   &SOLV_INIT [&Type "Double"]       2.6331499999999997e-01
   &INT_PREP [&Type "Double"]       4.0000000014472903e-06
   &INT_BF [&Type "Double"]       1.1094820000000338e+00
   &INT_DENS [&Type "Double"]       9.0443799999996277e-01
   &INT_DENSIO [&Type "Double"]       1.9672383909000011e+04
   &INT_FUNC [&Type "Double"]       3.3561199999999258e-01
   &INT_POT [&Type "Double"]       8.2442000000000470e-01
   &INT_POTIO [&Type "Double"]       1.2191000000015384e-02
   &INT_SUM [&Type "Double"]       9.4699999999958706e-04
   &SPLITRIJ [&Type "Double"]       3.1528000000000018e+00
$End
$Single_Point_Data
   &GeometryIndex 1
   &FinalEnergy [&Type "Double"]      -6.5776935913118427e+02  "Final single point energy"
   &Converged [&Type "Boolean"] true
$End
$Calculation_Info
   &GeometryIndex 1
   &Mult [&Type "Integer"] 1
   &Charge [&Type "Integer"] 0
   &NumOfAtoms [&Type "Integer"] 35
   &NumOfElectrons [&Type "Integer"] 114
   &NumOfBasisFuncts [&Type "Integer"] 605
   &NumOfAuxCBasisFuncts [&Type "Integer"] 0
   &NumOfAuxJBasisFuncts [&Type "Integer"] 955
   &NumOfAuxJKBasisFuncts [&Type "Integer"] 0
   &NumOfCABSBasisFuncts [&Type "Integer"] 0
$End
$SCF_Dipole_Moment
   &GeometryIndex 1
   &dipoleMagnitude [&Type "Double", &Units "a.u."]       1.2845308965492790e+00
   &dipoleElecContrib [&Type "ArrayOfDoubles", &Dim (3,1)] "Electronic contribution"
                                                         0

0                                      3.5406952837550913e+00
1                                     -4.6456910794093602e+00
2                                     -9.4138570501432017e-01
   &dipoleNucContrib [&Type "ArrayOfDoubles", &Dim (3,1)] "Nuclear contribution"
                                                         0

0                                     -2.7589083709742805e+00
1                                      5.4075138845788002e+00
2                                      2.6429275665485807e-01
   &dipoleTotal [&Type "ArrayOfDoubles", &Dim (3,1)] "Total"
                                                         0

0                                      7.8178691278081081e-01
1                                      7.6182280516944001e-01
2                                     -6.7709294835946210e-01
   &doAtomicDipole [&Type "Boolean"] false
   &Method [&Type "String"] "SCF"
   &Level [&Type "String"] "Relaxed density"
   &Mult [&Type "Integer"] 1
   &State [&Type "Integer"] -1
   &Irrep [&Type "Integer"] 0
$End
$SCF_Spin_Spin_Coupling
   &GeometryIndex 1
   &numOfNucPairs [&Type "Integer"] 187 "Number of nuclei pairs to calculate"
   &numOfNucPairsDSO [&Type "Integer"] 0 "number of nuclear pairs to calculate DSO"
   &numOfNucPairsPSO [&Type "Integer"] 0 "number of nuclear pairs to calculate PSO"
   &numOfNucPairsFC [&Type "Integer"] 187 "number of nuclear pairs to calculate FC"
   &numOfNucPairsSD [&Type "Integer"] 0 "number of nuclear pairs to calculate SD"
   &numOfNucPairsSD_FC [&Type "Integer"] 0 "number of nuclear pairs to calculate SD/FC"
   &pairsInfo [&Type "ArrayOfIntegers", &Dim (187,4)] "Pairs Info: Col1->Index of A. Col2->Atom. Num. of A.  Col3->Index of B. Col4->Atom. Num. of B."
                                                         0                           1                           2                           3

0                                                       13                           1                          16                           1
1                                                       13                           1                          17                           1
2                                                       13                           1                          18                           1
3                                                       13                           1                          19                           1
4                                                       13                           1                          20                           1
5                                                       13                           1                          21                           1
6                                                       13                           1                          22                           1
7                                                       13                           1                          23                           1
8                                                       13                           1                          24                           1
9                                                       13                           1                          25                           1
10                                                      13                           1                          26                           1
11                                                      13                           1                          27                           1
12                                                      13                           1                          28                           1
13                                                      13                           1                          29                           1
14                                                      13                           1                          30                           1
15                                                      13                           1                          31                           1
16                                                      13                           1                          32                           1
17                                                      13                           1                          33                           1
18                                                      13                           1                          34                           1
19                                                      16                           1                          17                           1
20                                                      16                           1                          18                           1
21                                                      16                           1                          19                           1
22                                                      16                           1                          20                           1
23                                                      16                           1                          21                           1
24                                                      16                           1                          22                           1
25                                                      16                           1                          23                           1
26                                                      16                           1                          24                           1
27                                                      16                           1                          25                           1
28                                                      16                           1                          26                           1
29                                                      16                           1                          27                           1
30                                                      16                           1                          28                           1
31                                                      16                           1                          29                           1
32                                                      16                           1                          30                           1
33                                                      16                           1                          31                           1
34                                                      16                           1                          32                           1
35                                                      16                           1                          33                           1
36                                                      16                           1                          34                           1
37                                                      17                           1                          18                           1
38                                                      17                           1                          19                           1
39                                                      17                           1                          20                           1
40                                                      17                           1                          21                           1
41                                                      17                           1                          22                           1
42                                                      17                           1                          23                           1
43                                                      17                           1                          24                           1
44                                                      17                           1                          25                           1
45                                                      17                           1                          26                           1
46                                                      17                           1                          27                           1
47                                                      17                           1                          28                           1
48                                                      17                           1                          29                           1
49                                                      17                           1                          30                           1
50                                                      17                           1                          31                           1
51                                                      17                           1                          32                           1
52                                                      17                           1                          33                           1
53                                                      17                           1                          34                           1
54                                                      18                           1                          19                           1
55                                                      18                           1                          20                           1
56                                                      18                           1                          21                           1
57                                                      18                           1                          22                           1
58                                                      18                           1                          23                           1
59                                                      18                           1                          24                           1
60                                                      18                           1                          25                           1
61                                                      18                           1                          26                           1
62                                                      18                           1                          27                           1
63                                                      18                           1                          28                           1
64                                                      18                           1                          29                           1
65                                                      18                           1                          30                           1
66                                                      18                           1                          31                           1
67                                                      18                           1                          32                           1
68                                                      18                           1                          33                           1
69                                                      18                           1                          34                           1
70                                                      19                           1                          20                           1
71                                                      19                           1                          21                           1
72                                                      19                           1                          22                           1
73                                                      19                           1                          23                           1
74                                                      19                           1                          24                           1
75                                                      19                           1                          25                           1
76                                                      19                           1                          26                           1
77                                                      19                           1                          27                           1
78                                                      19                           1                          28                           1
79                                                      19                           1                          29                           1
80                                                      19                           1                          30                           1
81                                                      19                           1                          31                           1
82                                                      19                           1                          32                           1
83                                                      19                           1                          33                           1
84                                                      19                           1                          34                           1
85                                                      20                           1                          21                           1
86                                                      20                           1                          22                           1
87                                                      20                           1                          23                           1
88                                                      20                           1                          24                           1
89                                                      20                           1                          25                           1
90                                                      20                           1                          26                           1
91                                                      20                           1                          27                           1
92                                                      20                           1                          28                           1
93                                                      20                           1                          29                           1
94                                                      20                           1                          30                           1
95                                                      20                           1                          31                           1
96                                                      20                           1                          32                           1
97                                                      20                           1                          33                           1
98                                                      20                           1                          34                           1
99                                                      21                           1                          22                           1
100                                                     21                           1                          23                           1
101                                                     21                           1                          24                           1
102                                                     21                           1                          25                           1
103                                                     21                           1                          26                           1
104                                                     21                           1                          27                           1
105                                                     21                           1                          28                           1
106                                                     21                           1                          29                           1
107                                                     21                           1                          30                           1
108                                                     21                           1                          31                           1
109                                                     21                           1                          32                           1
110                                                     21                           1                          33                           1
111                                                     21                           1                          34                           1
112                                                     22                           1                          23                           1
113                                                     22                           1                          24                           1
114                                                     22                           1                          25                           1
115                                                     22                           1                          26                           1
116                                                     22                           1                          27                           1
117                                                     22                           1                          28                           1
118                                                     22                           1                          29                           1
119                                                     22                           1                          30                           1
120                                                     22                           1                          31                           1
121                                                     22                           1                          32                           1
122                                                     22                           1                          33                           1
123                                                     22                           1                          34                           1
124                                                     23                           1                          24                           1
125                                                     23                           1                          25                           1
126                                                     23                           1                          26                           1
127                                                     23                           1                          27                           1
128                                                     23                           1                          28                           1
129                                                     23                           1                          29                           1
130                                                     23                           1                          30                           1
131                                                     23                           1                          31                           1
132                                                     23                           1                          32                           1
133                                                     23                           1                          33                           1
134                                                     23                           1                          34                           1
135                                                     24                           1                          25                           1
136                                                     24                           1                          26                           1
137                                                     24                           1                          27                           1
138                                                     24                           1                          28                           1
139                                                     24                           1                          29                           1
140                                                     24                           1                          30                           1
141                                                     24                           1                          31                           1
142                                                     24                           1                          32                           1
143                                                     24                           1                          33                           1
144                                                     24                           1                          34                           1
145                                                     25                           1                          26                           1
146                                                     25                           1                          27                           1
147                                                     25                           1                          28                           1
148                                                     25                           1                          29                           1
149                                                     25                           1                          30                           1
150                                                     25                           1                          31                           1
151                                                     25                           1                          32                           1
152                                                     25                           1                          33                           1
153                                                     25                           1                          34                           1
154                                                     26                           1                          27                           1
155                                                     26                           1                          28                           1
156                                                     26                           1                          29                           1
157                                                     26                           1                          30                           1
158                                                     26                           1                          31                           1
159                                                     26                           1                          32                           1
160                                                     26                           1                          33                           1
161                                                     26                           1                          34                           1
162                                                     27                           1                          28                           1
163                                                     27                           1                          30                           1
164                                                     27                           1                          31                           1
165                                                     27                           1                          33                           1
166                                                     27                           1                          34                           1
167                                                     28                           1                          30                           1
168                                                     28                           1                          31                           1
169                                                     28                           1                          32                           1
170                                                     28                           1                          33                           1
171                                                     28                           1                          34                           1
172                                                     29                           1                          30                           1
173                                                     29                           1                          31                           1
174                                                     29                           1                          32                           1
175                                                     29                           1                          33                           1
176                                                     29                           1                          34                           1
177                                                     30                           1                          31                           1
178                                                     30                           1                          32                           1
179                                                     30                           1                          33                           1
180                                                     30                           1                          34                           1
181                                                     31                           1                          32                           1
182                                                     31                           1                          33                           1
183                                                     31                           1                          34                           1
184                                                     32                           1                          33                           1
185                                                     32                           1                          34                           1
186                                                     33                           1                          34                           1
   &pairsDistances [&Type "ArrayOfDoubles", &Dim (187,1)] "The distances of each pair"
                                                         0

0                                      2.6534093006408592e+00
1                                      2.2643391673259976e+00
2                                      4.0482457337801918e+00
3                                      4.2233018580807675e+00
4                                      4.8789695884544448e+00
5                                      3.8193212900677018e+00
6                                      3.5017182070667126e+00
7                                      2.2995375428899552e+00
8                                      5.3544643209011440e+00
9                                      2.4810420270942046e+00
10                                     3.6019646723958911e+00
11                                     4.9571689351548933e+00
12                                     5.4892063684163208e+00
13                                     3.5560431521761799e+00
14                                     2.2066718870170496e+00
15                                     4.3830422811183594e+00
16                                     4.2584031901581119e+00
17                                     3.8544020501818337e+00
18                                     3.9567225938603992e+00
19                                     1.7571791267627976e+00
20                                     2.4484618163551080e+00
21                                     2.5904793045490586e+00
22                                     4.3402560410418607e+00
23                                     3.8152550171873338e+00
24                                     5.1525992204940971e+00
25                                     3.9819585544554652e+00
26                                     5.7456782513653826e+00
27                                     4.8132913191148505e+00
28                                     5.6272840744224517e+00
29                                     5.5115529398323835e+00
30                                     5.2297031850859073e+00
31                                     4.1656243012503715e+00
32                                     3.7351286641983741e+00
33                                     5.6243053082593111e+00
34                                     3.8314049776316277e+00
35                                     2.6937740880709566e+00
36                                     3.9523466911553506e+00
37                                     3.0656727159560906e+00
38                                     2.3757483029219197e+00
39                                     3.8721588134296892e+00
40                                     4.0415616231755287e+00
41                                     3.9334673338981121e+00
42                                     2.5532830969926326e+00
43                                     5.3813293171249912e+00
44                                     4.4698555834815590e+00
45                                     4.9845149062462824e+00
46                                     3.8871483903371753e+00
47                                     3.9593515829353167e+00
48                                     5.1691306332961018e+00
49                                     4.1522241657543564e+00
50                                     5.6124670699274493e+00
51                                     5.1633322932436778e+00
52                                     4.0117635700150869e+00
53                                     4.8272865228532025e+00
54                                     1.7679877774287933e+00
55                                     2.5157624690604505e+00
56                                     2.3993703921178220e+00
57                                     5.0340412961911163e+00
58                                     4.6299335508056370e+00
59                                     4.0701200941596110e+00
60                                     5.3511239954628760e+00
61                                     5.5033425783082830e+00
62                                     5.3571449783758069e+00
63                                     4.4183475894106410e+00
64                                     5.3953095619331295e+00
65                                     5.3821347148715537e+00
66                                     4.8837482616962573e+00
67                                     4.0204780755719227e+00
68                                     2.2674379249069405e+00
69                                     3.3569852718519844e+00
70                                     2.4851656340603840e+00
71                                     3.6672365004854961e+00
72                                     4.8570752381756774e+00
73                                     4.1850739501740293e+00
74                                     4.7320683900249758e+00
75                                     5.9316097888883990e+00
76                                     5.9820304077220294e+00
77                                     4.2200114838851119e+00
78                                     3.1810273491527079e+00
79                                     6.4335253022828818e+00
80                                     5.9677674981568272e+00
81                                     5.9727550466298505e+00
82                                     5.5100289750943938e+00
83                                     3.8343609510444989e+00
84                                     4.9253547707455727e+00
85                                     2.6643464856329060e+00
86                                     3.9085141813185906e+00
87                                     4.2379684100425470e+00
88                                     2.4994114585261826e+00
89                                     5.5535285696070531e+00
90                                     4.9098481327362729e+00
91                                     3.8753909402744484e+00
92                                     2.6885368811967063e+00
93                                     7.1139005889347073e+00
94                                     6.7244141186303645e+00
95                                     4.6831802022265840e+00
96                                     5.9494475655324246e+00
97                                     4.3990598485166297e+00
98                                     4.6643195462031990e+00
99                                     3.9535089447055984e+00
100                                    4.2636895455266135e+00
101                                    2.3554440234353176e+00
102                                    3.8702939975282291e+00
103                                    3.6590672169986727e+00
104                                    5.4893420028790283e+00
105                                    4.9846244646797437e+00
106                                    4.9598431012545623e+00
107                                    4.9959059782727024e+00
108                                    2.5485561310739597e+00
109                                    3.6782299357253474e+00
110                                    2.6151700855405124e+00
111                                    2.1085718064744365e+00
112                                    1.7679313141606321e+00
113                                    3.6398580893956352e+00
114                                    3.1629441301181598e+00
115                                    2.1900592307823095e+00
116                                    2.9759628026776426e+00
117                                    3.9310147108304365e+00
118                                    6.5305217715407773e+00
119                                    5.3802702058928062e+00
120                                    3.8950216053608018e+00
121                                    6.6084629741251915e+00
122                                    5.8247063252012161e+00
123                                    5.3667913641000036e+00
124                                    4.7707656304898585e+00
125                                    3.1729309950732851e+00
126                                    3.1888643612200296e+00
127                                    2.8937268217353265e+00
128                                    3.9438201443411351e+00
129                                    5.7836198611260929e+00
130                                    4.3805343683323272e+00
131                                    4.7387199874676940e+00
132                                    6.1680504614355209e+00
133                                    5.3677610938333409e+00
134                                    5.3415160601758389e+00
135                                    4.8372507465757213e+00
136                                    3.6889413094821761e+00
137                                    5.0499152462088084e+00
138                                    4.5181724617440047e+00
139                                    7.0854939163810347e+00
140                                    6.8572620098287898e+00
141                                    2.9794929223332134e+00
142                                    5.9586550272799119e+00
143                                    4.9405166510652734e+00
144                                    4.2503570373825985e+00
145                                    1.7748865493283292e+00
146                                    5.8180738273932127e+00
147                                    6.5300752818553001e+00
148                                    3.9506147745258779e+00
149                                    2.9936189844853294e+00
150                                    2.8285785756119526e+00
151                                    4.6890795707034378e+00
152                                    4.7949912823327780e+00
153                                    3.8732357164878035e+00
154                                    5.1459636745616066e+00
155                                    5.8423084635696103e+00
156                                    5.5183246316124750e+00
157                                    4.6948514940089927e+00
158                                    2.2765638538381530e+00
159                                    5.7115010754295676e+00
160                                    5.4693373766022146e+00
161                                    4.4112960947865636e+00
162                                    1.8592586667953692e+00
163                                    7.1492299175299792e+00
164                                    6.4769784734299529e+00
165                                    6.9975750820978275e+00
166                                    7.2167187779324422e+00
167                                    7.6623016714485361e+00
168                                    6.5582195681364484e+00
169                                    7.9612021956900287e+00
170                                    6.4371320095479723e+00
171                                    6.8785041147403865e+00
172                                    1.8565480182346654e+00
173                                    5.0514385038986473e+00
174                                    2.3409252632936925e+00
175                                    3.5519014901176984e+00
176                                    3.3736201674461834e+00
177                                    5.0281687777857185e+00
178                                    3.6754829300936391e+00
179                                    4.2032149869349329e+00
180                                    4.1090991319126644e+00
181                                    4.4709675059157235e+00
182                                    4.3845036089014631e+00
183                                    2.8812938960742636e+00
184                                    1.7779641390966456e+00
185                                    1.7749206447094295e+00
186                                    1.7760535903014472e+00
   &pairsTotalSSCIso [&Type "ArrayOfDoubles", &Dim (187,1)] "The Spin-Spin coupling constant for each pair"
                                                         0

0                                      5.7907009065251080e-01
1                                      8.5982450777471104e+00
2                                     -5.5513349403304624e-01
3                                      6.5858065398228460e-01
4                                      1.8828855055317220e-01
5                                     -2.8330580449943327e-01
6                                     -2.2440460519731259e-01
7                                     -4.6473389169757146e-01
8                                      9.2868490082613131e-01
9                                     -3.3294504490685239e-01
10                                    -1.6632110972053477e-01
11                                     1.0509447919311850e-02
12                                     4.0239048992903523e-02
13                                     7.1284635421042553e-01
14                                    -5.8226719394338255e-01
15                                     2.7756660547062294e-02
16                                     1.2947146175799444e+00
17                                    -2.3561852581693790e-01
18                                    -5.3825397814397657e-01
19                                    -1.5406263859688654e+01
20                                     6.1840703683974922e+00
21                                     1.0887998178406515e+00
22                                     3.5853832434132232e-01
23                                     1.0710478687907599e-01
24                                    -4.6731976866326200e-02
25                                    -4.3248091042352665e-02
26                                     8.0348413708900002e-03
27                                     2.4008963986330314e-01
28                                     6.4320114172116805e-01
29                                    -3.4089942340357537e-03
30                                     2.7508931575346014e-02
31                                     1.5675739040227271e-01
32                                     4.9521113893684146e-02
33                                    -8.3202707392140991e-03
34                                     1.0416606116818590e-01
35                                    -3.6542584740990237e-02
36                                     1.0518285641699332e-01
37                                     1.3706552958142918e+01
38                                     6.7429575979714516e+00
39                                    -5.1829904073417943e-01
40                                    -6.1843714327601360e-03
41                                     3.8082811463145094e-01
42                                    -8.1118087319132864e-02
43                                    -2.6426631955310796e-03
44                                     9.7019932633306549e-03
45                                    -8.1970356119083279e-02
46                                    -3.8116819801441021e-02
47                                    -1.4352054179454128e-02
48                                    -2.0621209831462005e-02
49                                    -1.8144636486058943e-01
50                                     1.2043613529930048e-02
51                                     3.7661201435964145e-02
52                                    -1.0395240874538381e-01
53                                     2.0683975717447547e-01
54                                    -1.3626047836410070e+01
55                                     2.3647044210903241e+00
56                                    -2.4772783106868138e-01
57                                    -4.4207957358379280e-01
58                                    -4.6533847032039777e-02
59                                     5.9959655348171000e-02
60                                    -8.9407469988058378e-03
61                                    -3.4035249766638711e-03
62                                     9.0119763416583690e-02
63                                    -8.5710636920196925e-02
64                                    -4.9968564327423755e-02
65                                    -4.8404948302155318e-02
66                                    -5.0079859575342576e-04
67                                     1.5794156407797116e-01
68                                    -4.7262807192994727e-01
69                                    -4.9441818434511290e-03
70                                     4.7542639666619415e+00
71                                    -8.0875363612891174e-02
72                                     1.5465973011433556e-01
73                                     8.3294074309885280e-02
74                                     2.5815285599476990e-04
75                                    -3.0254635151428476e-02
76                                    -1.1489584237077266e-02
77                                     1.1752517906584876e-01
78                                     7.8837900571571709e-02
79                                    -5.8144869103805646e-02
80                                    -7.6074030483162441e-02
81                                     3.0413333583548950e-03
82                                     1.4208813631644807e-01
83                                    -9.0855866274677469e-02
84                                    -6.5004888550223308e-02
85                                     8.1209957358252804e-01
86                                     2.5430127882142883e-01
87                                    -1.3997558531726491e+00
88                                     2.8189482587408451e-03
89                                     7.5070273234091855e-01
90                                    -7.5793001923900566e-02
91                                    -1.1586468908181058e+00
92                                    -1.0734729117247674e+00
93                                    -1.4226614396148980e-02
94                                    -9.0090279592049370e-03
95                                     5.2140925268037673e-03
96                                     7.0588505774446930e-03
97                                     9.0728767371020848e-03
98                                     3.7922574324567174e-03
99                                    -6.6856673943090039e-01
100                                    9.8620190635653637e-01
101                                    6.6933972441670919e-01
102                                   -3.6956890029368933e-01
103                                   -6.0573846261240863e-02
104                                    8.6103211660468304e-01
105                                    2.5286524103274549e-01
106                                   -2.6292302190857750e-02
107                                   -2.0846263194390702e-02
108                                    3.1480746967562236e-02
109                                   -7.0844973168222483e-02
110                                   -9.9939777980121870e-03
111                                   -7.3232355189542919e-01
112                                   -1.8522480936960058e+01
113                                    2.8212341029605473e-02
114                                   -2.5378134793157586e-01
115                                   -5.9461960393211444e-01
116                                   -2.7273291529719215e+00
117                                   -3.2040255724493569e+00
118                                    1.0249240284874797e-01
119                                   -2.8597455975977647e-02
120                                    8.0219165165630636e-03
121                                   -6.6914487526088876e-03
122                                   -2.4680806942443771e-04
123                                   -7.6162515029182809e-02
124                                   -1.8531536478421543e-01
125                                    9.4016809998178599e-05
126                                   -2.1399836490580795e-01
127                                   -2.0520905646739704e+00
128                                   -2.3948846109719817e+00
129                                    1.2994175334176846e-02
130                                   -1.5520565411383754e-03
131                                    6.3376212699947504e-02
132                                    4.5375893219572680e-03
133                                   -1.9428128986359695e-02
134                                   -2.1480063831165148e-02
135                                   -9.6506716132598272e-02
136                                    1.7484726212469751e-01
137                                    1.2907519602748746e-04
138                                   -3.0635074178829583e-03
139                                    9.1555247246819550e-03
140                                   -5.3791803162405935e-03
141                                   -5.2086194957135942e-02
142                                   -1.1187213465852615e-02
143                                   -7.6287826842315852e-03
144                                   -1.0842687332954723e-02
145                                   -1.2403925870868381e+01
146                                   -1.9837323950258272e-02
147                                   -4.8119707725205269e-02
148                                    3.9121393252587802e-02
149                                    2.3574812994961600e-02
150                                    1.4386027224406906e+01
151                                   -9.0591900328917778e-03
152                                    7.6822631745128850e-03
153                                   -2.4800799661201297e-03
154                                   -1.5600737115834222e-02
155                                   -3.2555765532670169e-03
156                                    1.3585768425195627e-02
157                                    1.6432170832621489e-02
158                                    3.3766153039026445e+00
159                                    1.5674219407424143e-02
160                                    5.3663599007288079e-02
161                                    5.8025760723311427e-02
162                                    3.4290261196280025e-01
163                                   -4.7771015735195558e-04
164                                   -2.8041596438430679e-03
165                                    3.1346794401563155e-03
166                                   -5.7821369439289326e-03
167                                   -3.0141243308309550e-03
168                                   -1.7823316685772174e-02
169                                    1.1415114325845271e-02
170                                    3.1783075568353821e-03
171                                   -6.0580640715886024e-03
172                                    1.8540020889183126e+00
173                                   -8.3748500040906678e-04
174                                   -4.9821515906805403e-01
175                                   -1.5770185602817108e+00
176                                   -2.5951346295104134e+00
177                                   -4.2652286123419933e-03
178                                    5.7282662669100648e-01
179                                   -6.3764597311697790e-01
180                                   -2.4167253554790902e+00
181                                    2.4680415591809266e-03
182                                   -8.4021055466292661e-03
183                                    1.0779905622631070e-03
184                                   -1.2924903131709929e+01
185                                   -1.4527275528250154e+01
186                                   -1.6877249127401718e+01
   &Method [&Type "String"] "SCF"
   &Level [&Type "String"] "Relaxed density"
   &Mult [&Type "Integer"] 1
   &State [&Type "Integer"] -1
   &Irrep [&Type "Integer"] 0
$End
$Calculation_Timings
   &GeometryIndex 1
   &GTOINT [&Type "Double"]       1.6852009999999999e+00
   &SCF [&Type "Double"]       1.6727757000000000e+01
   &PROPINT [&Type "Double"]       1.1081390000000013e+00
   &RESPONSE [&Type "Double"]       8.7974560000000004e+00
   &PROP [&Type "Double"]       7.6182299999999969e-01
   &SUM [&Type "Double"]       2.9080376000000001e+01
$End
