   -0.00948631
   -0.03353164
   -0.06169269
   -0.05831412
   -0.03736982
    0.11309970
   -0.07318086
    0.01035423
   -0.48055055
    0.08504727
   -0.11265387
    0.00783089
   -0.11131176
    0.04700457
   -0.48886803
   -0.11602186
    0.04091237
    0.04207925
    0.03892588
    0.04142811
    0.04114161
    0.04564955
    0.04576746
    0.05302009
    0.30684201
    0.01847144
    0.04593816
    0.03455304
    0.03597430
    0.03358977
    0.03667463
    0.31171684
    0.04449877
    0.05060866
    0.05185292
