$coord
 0.27303358966851 -1.12787556524651   0.72487158170386  c
-1.73139721274082  0.92030778249765   1.35987232573543  c
-0.63870623202399  3.60547731918449   1.02883060234337  c
 1.07008380346358  3.95583996209812  -1.27243147876204  c
 2.89261685241877  1.72538271034762  -1.53167580737987  c
 1.36245172460688 -0.70257349882712  -1.94990987743701  c
 2.61206480519053 -0.66698180927543   2.40432345808903  c
 4.17679575241259  1.23081939654081   0.96290718199080  c
 2.86623599489408 -2.70092190098357  -2.83211418969174  o
-0.77688917854094 -3.80841350395336   1.10291621546031  c
 6.30779519732866  2.26753435239728   1.74291873648951  c
-4.25945933696986  0.60599548342980   0.04911021766621  c
-4.74008579002135  1.22050291674931  -2.33245170844991  c
-2.12453449776600  0.69861907910192   3.38504785180000  h
-2.49404086625158 -4.61667815911200  -0.74241394560923  o
-6.34904729125833 -0.32899420834766   1.73652444525441  c
-2.20104375399179  4.95029000074154   0.94033894197744  h
 0.46879167563907  4.05995608556126   2.70960448255994  h
-0.03606349010351  4.12982108740665  -3.00192428031568  h
 2.14314503276529  5.70385253094784  -1.04273215621166  h
 4.23377733323657  2.06456692799892  -3.06334899805597  h
-0.10936419999404 -0.50188190750645  -3.37614439128621  h
 3.67430201791611 -2.42048171061312   2.67037089864632  h
 2.10903962622832  0.01555542025247   4.28300947206397  h
 4.26630112971339 -2.92676516669920  -1.68938370412458  h
-1.62795981106077 -3.92869371087953   3.00401262705042  h
 0.77108049547972 -5.17546320018664   1.01798451489993  h
 7.10746466564197  1.83886675744777   3.56522415205919  h
 7.33516071012477  3.59334501818863   0.59151192774097  h
-6.60572528260271  0.99025438933118  -3.11691917479149  h
-3.34878683580556  1.97781181123591  -3.60026191186091  h
-3.69794410821732 -3.28317653078875  -1.06291112969103  h
-8.07641415545617 -0.65204161241776   0.67189933094403  h
-5.82512109600708 -2.07519316527184   2.69071638817783  h
-6.73845734000002  1.07773551411618   3.19171385491365  h
$end