           1           2  0.959218917991242     
           2           3  0.983169824695999     
           3           4   1.00903267337224     
           4           5  0.978925996334636     
           1           6  0.960395401678358     
           5           6  0.971593904126879     
           1           7  0.980876493345769     
           5           8  0.994959419974261     
           7           8   1.00538551660197     
           6           9  0.986838815137839     
           1          10  0.979818219739046     
           8          11   1.93606296689700     
           2          12  0.996592115528622     
          12          13   1.91103103994329     
           2          14  0.963224349402355     
          10          15  0.997803869698069     
          12          16   1.02201368422255     
           3          17  0.976206176040317     
           3          18  0.976455606051957     
           4          19  0.970285970933193     
           4          20  0.975380818912741     
           5          21  0.963253730213722     
           6          22  0.957652961467098     
           7          23  0.957814581406718     
           7          24  0.963237000178826     
           9          25  0.885648213299983     
          10          26  0.964981068991402     
          10          27  0.969124595067655     
          11          28  0.974986420285082     
          11          29  0.974766450708489     
          13          30  0.974050881236461     
          13          31  0.967002195791380     
          15          32  0.862053240264681     
          16          33  0.984104746648420     
          16          34  0.970474848751279     
          16          35  0.967592340827426     
