*************************************************
******************* ORCA 6.1.1 ******************
*************************************************
$Calculation_Status
   &GeometryIndex 1
   &version [&Type "String"] "6.1.1"
   &progName [&Type "String"] "LeanSCF"
   &Status [&Type "String"] "NORMAL TERMINATION"
$End
$Geometry
   &GeometryIndex 1
   &NAtoms [&Type "Integer"] 35
   &NCorelessECP [&Type "Integer"] 0
   &NGhostAtoms [&Type "Integer"] 0
   &CartesianCoordinates [&Type "Coordinates", &Dim(35,4), &Units "Bohr"] 
              C     -0.015362488355   -1.069458981081    0.546965516013
              C     -1.943150445393    1.096582284721    1.282141387343
              C     -0.650521659476    3.747642631796    1.183636527567
              C      1.150780945302    4.147792168244   -1.077644000640
              C      2.839341977193    1.793174475992   -1.505933833507
              C      1.153845007727   -0.508635010878   -2.102459185977
              C      2.361318807010   -0.878882416146    2.293262323974
              C      4.109462438464    0.995963305550    0.958782346333
              O      2.740390545274   -2.494096729978   -3.043553454568
              C     -1.374541955306   -3.633094819175    0.756019746363
              C      6.352119142468    1.802067458392    1.799648840054
              C     -4.497278808635    1.004531430421   -0.099322820363
              C     -4.911560624369    1.857988127188   -2.454571122919
              H     -2.386027934114    0.749650991535    3.291247422759
              O      0.388982144301   -5.673650734213    0.320111043792
              C     -6.682139264198   -0.018803668495    1.458200768092
              H     -2.115017634065    5.224326040574    1.209447392597
              H      0.447453008720    3.990745779631    2.935546094834
              H      0.089314681658    4.548036006750   -2.825298025406
              H      2.346024028110    5.814609353991   -0.716416127629
              H      4.207575090683    2.161412423400   -3.029925621232
              H     -0.317567692002   -0.065331082968   -3.512353900069
              H      3.288437793250   -2.732481776275    2.462695039695
              H      1.867230743505   -0.275085162431    4.224240759312
              H      2.131968064015   -4.096899304611   -2.323379859366
              H     -2.927301383740   -3.721508868885   -0.634175332264
              H     -2.210010799893   -3.820891450891    2.662938560274
              H      7.131252499750    1.175426902829    3.607416547913
              H      7.505345814040    3.121840917539    0.706880444269
              H     -6.798156769746    1.783169583647   -3.290693666861
              H     -3.440856533579    2.677980589437   -3.638302319529
              H     -0.578528230994   -7.232429395618    0.085734880468
              H     -8.456297100126   -0.044735792526    0.376671639620
              H     -6.311239186452   -1.952274725170    2.138634874196
              H     -6.974641481928    1.155539320683    3.157327271081
$End
$SCF_Energy
   &GeometryIndex 1
   &Method [&Type "String"] "SCF"
   &totalEnergy [&Type "ArrayOfDoubles", &Dim (1,1)] "Total energy of each state"
                                                         0

0                                     -6.5777041725587810e+02
   &Mult [&Type "ArrayOfIntegers", &Dim (1,1)] "Multiplicity of each state"
                                                         0

0                                                        1
$End
$DFT_Energy
   &GeometryIndex 1
   &nAlphaEl [&Type "Integer"] 57
   &nBetaEl [&Type "Integer"] 57
   &nTotalEl [&Type "Integer"] 114
   &finalEn [&Type "Double"]      -6.5777041725587810e+02  "No Van der Waals correction"
   &eExchange [&Type "Double"]      -9.1094549636694609e+01
   &eCorr [&Type "Double"]      -4.0418365591732552e+00
   &eXC [&Type "Double"]      -9.5136386195867857e+01
   &eCNL [&Type "Double"]       0.0000000000000000e+00
$End
$Solvation_Details
   &GeometryIndex 1
   &Solvent [&Type "String"] "CHLOROFORM"
   &Epsilon [&Type "Double"]       4.8029999999999999e+00
   &Refrac [&Type "Double"]       1.4459000000000000e+00
   &RSolv [&Type "Double"]       1.3000000000000000e+00
   &SurfaceType [&Type "String"] "GAUSSIAN VDW"
   &CPCMDielEnergy [&Type "Double"]      -1.4159623000000000e-02
   &NPoints [&Type "Integer"] 2591
   &SurfaceArea [&Type "Double"]       9.0985681681000005e+02
$End
$SCF_Timings
   &GeometryIndex 1
   &TOTAL [&Type "Double"]       1.4887025000000000e+01
   &PREP [&Type "Double"]       5.2085099999999995e-01
   &FOCK [&Type "Double"]       1.1129023000000000e+01
   &DENS [&Type "Double"]       2.3640299999999925e-01
   &ETOT [&Type "Double"]       1.0543899999999495e-01
   &TRAFO [&Type "Double"]       3.7332899999999958e-01
   &DIIS [&Type "Double"]       1.5380949999999998e+00
   &SOSCF [&Type "Double"]       7.3750800000000272e-01
   &XC [&Type "Double"]       3.7777340000000010e+00
   &FOCKSTART [&Type "Double"]       2.7198000000001166e-02
   &SOLV [&Type "Double"]       4.5713699999999999e+00
   &SOLV_INIT [&Type "Double"]       2.6422999999999996e-01
   &SOLV_FINAL [&Type "Double"]       1.0000000010279564e-06
   &INT_BF [&Type "Double"]       1.0628120000000074e+00
   &INT_DENS [&Type "Double"]       8.9256399999998681e-01
   &INT_DENSIO [&Type "Double"]       2.0111002891000015e+04
   &INT_FUNC [&Type "Double"]       3.3580199999996019e-01
   &INT_POT [&Type "Double"]       8.2172599999999196e-01
   &INT_POTIO [&Type "Double"]       1.2476000000017473e-02
   &INT_SUM [&Type "Double"]       1.0929999999984563e-03
   &SPLITRIJ [&Type "Double"]       3.2515149999999990e+00
$End
$Single_Point_Data
   &GeometryIndex 1
   &FinalEnergy [&Type "Double"]      -6.5777041725587810e+02  "Final single point energy"
   &Converged [&Type "Boolean"] true
$End
$Calculation_Info
   &GeometryIndex 1
   &Mult [&Type "Integer"] 1
   &Charge [&Type "Integer"] 0
   &NumOfAtoms [&Type "Integer"] 35
   &NumOfElectrons [&Type "Integer"] 114
   &NumOfBasisFuncts [&Type "Integer"] 605
   &NumOfAuxCBasisFuncts [&Type "Integer"] 0
   &NumOfAuxJBasisFuncts [&Type "Integer"] 955
   &NumOfAuxJKBasisFuncts [&Type "Integer"] 0
   &NumOfCABSBasisFuncts [&Type "Integer"] 0
$End
$SCF_Dipole_Moment
   &GeometryIndex 1
   &dipoleMagnitude [&Type "Double", &Units "a.u."]       1.9370908695179365e+00
   &dipoleElecContrib [&Type "ArrayOfDoubles", &Dim (3,1)] "Electronic contribution"
                                                         0

0                                      5.5226182355927094e+00
1                                     -4.5022318245006439e+00
2                                     -2.5732021004687669e+00
   &dipoleNucContrib [&Type "ArrayOfDoubles", &Dim (3,1)] "Nuclear contribution"
                                                         0

0                                     -7.2102259285901056e+00
1                                      4.0407686377180676e+00
2                                      3.4046785213913511e+00
   &dipoleTotal [&Type "ArrayOfDoubles", &Dim (3,1)] "Total"
                                                         0

0                                     -1.6876076929973962e+00
1                                     -4.6146318678257625e-01
2                                      8.3147642092258423e-01
   &doAtomicDipole [&Type "Boolean"] false
   &Method [&Type "String"] "SCF"
   &Level [&Type "String"] "Relaxed density"
   &Mult [&Type "Integer"] 1
   &State [&Type "Integer"] -1
   &Irrep [&Type "Integer"] 0
$End
$SCF_Spin_Spin_Coupling
   &GeometryIndex 1
   &numOfNucPairs [&Type "Integer"] 187 "Number of nuclei pairs to calculate"
   &numOfNucPairsDSO [&Type "Integer"] 0 "number of nuclear pairs to calculate DSO"
   &numOfNucPairsPSO [&Type "Integer"] 0 "number of nuclear pairs to calculate PSO"
   &numOfNucPairsFC [&Type "Integer"] 187 "number of nuclear pairs to calculate FC"
   &numOfNucPairsSD [&Type "Integer"] 0 "number of nuclear pairs to calculate SD"
   &numOfNucPairsSD_FC [&Type "Integer"] 0 "number of nuclear pairs to calculate SD/FC"
   &pairsInfo [&Type "ArrayOfIntegers", &Dim (187,4)] "Pairs Info: Col1->Index of A. Col2->Atom. Num. of A.  Col3->Index of B. Col4->Atom. Num. of B."
                                                         0                           1                           2                           3

0                                                       13                           1                          16                           1
1                                                       13                           1                          17                           1
2                                                       13                           1                          18                           1
3                                                       13                           1                          19                           1
4                                                       13                           1                          20                           1
5                                                       13                           1                          21                           1
6                                                       13                           1                          22                           1
7                                                       13                           1                          23                           1
8                                                       13                           1                          24                           1
9                                                       13                           1                          25                           1
10                                                      13                           1                          26                           1
11                                                      13                           1                          27                           1
12                                                      13                           1                          28                           1
13                                                      13                           1                          29                           1
14                                                      13                           1                          30                           1
15                                                      13                           1                          31                           1
16                                                      13                           1                          32                           1
17                                                      13                           1                          33                           1
18                                                      13                           1                          34                           1
19                                                      16                           1                          17                           1
20                                                      16                           1                          18                           1
21                                                      16                           1                          19                           1
22                                                      16                           1                          20                           1
23                                                      16                           1                          21                           1
24                                                      16                           1                          22                           1
25                                                      16                           1                          23                           1
26                                                      16                           1                          24                           1
27                                                      16                           1                          25                           1
28                                                      16                           1                          26                           1
29                                                      16                           1                          27                           1
30                                                      16                           1                          28                           1
31                                                      16                           1                          29                           1
32                                                      16                           1                          30                           1
33                                                      16                           1                          31                           1
34                                                      16                           1                          32                           1
35                                                      16                           1                          33                           1
36                                                      16                           1                          34                           1
37                                                      17                           1                          18                           1
38                                                      17                           1                          19                           1
39                                                      17                           1                          20                           1
40                                                      17                           1                          21                           1
41                                                      17                           1                          22                           1
42                                                      17                           1                          23                           1
43                                                      17                           1                          24                           1
44                                                      17                           1                          25                           1
45                                                      17                           1                          26                           1
46                                                      17                           1                          27                           1
47                                                      17                           1                          28                           1
48                                                      17                           1                          29                           1
49                                                      17                           1                          30                           1
50                                                      17                           1                          31                           1
51                                                      17                           1                          32                           1
52                                                      17                           1                          33                           1
53                                                      17                           1                          34                           1
54                                                      18                           1                          19                           1
55                                                      18                           1                          20                           1
56                                                      18                           1                          21                           1
57                                                      18                           1                          22                           1
58                                                      18                           1                          23                           1
59                                                      18                           1                          24                           1
60                                                      18                           1                          25                           1
61                                                      18                           1                          26                           1
62                                                      18                           1                          27                           1
63                                                      18                           1                          28                           1
64                                                      18                           1                          29                           1
65                                                      18                           1                          30                           1
66                                                      18                           1                          31                           1
67                                                      18                           1                          32                           1
68                                                      18                           1                          33                           1
69                                                      18                           1                          34                           1
70                                                      19                           1                          20                           1
71                                                      19                           1                          21                           1
72                                                      19                           1                          22                           1
73                                                      19                           1                          23                           1
74                                                      19                           1                          24                           1
75                                                      19                           1                          25                           1
76                                                      19                           1                          26                           1
77                                                      19                           1                          27                           1
78                                                      19                           1                          28                           1
79                                                      19                           1                          29                           1
80                                                      19                           1                          30                           1
81                                                      19                           1                          31                           1
82                                                      19                           1                          32                           1
83                                                      19                           1                          33                           1
84                                                      19                           1                          34                           1
85                                                      20                           1                          21                           1
86                                                      20                           1                          22                           1
87                                                      20                           1                          23                           1
88                                                      20                           1                          24                           1
89                                                      20                           1                          25                           1
90                                                      20                           1                          26                           1
91                                                      20                           1                          27                           1
92                                                      20                           1                          28                           1
93                                                      20                           1                          29                           1
94                                                      20                           1                          30                           1
95                                                      20                           1                          31                           1
96                                                      20                           1                          32                           1
97                                                      20                           1                          33                           1
98                                                      20                           1                          34                           1
99                                                      21                           1                          22                           1
100                                                     21                           1                          23                           1
101                                                     21                           1                          24                           1
102                                                     21                           1                          25                           1
103                                                     21                           1                          26                           1
104                                                     21                           1                          27                           1
105                                                     21                           1                          28                           1
106                                                     21                           1                          29                           1
107                                                     21                           1                          30                           1
108                                                     21                           1                          31                           1
109                                                     21                           1                          32                           1
110                                                     21                           1                          33                           1
111                                                     21                           1                          34                           1
112                                                     22                           1                          23                           1
113                                                     22                           1                          24                           1
114                                                     22                           1                          25                           1
115                                                     22                           1                          26                           1
116                                                     22                           1                          27                           1
117                                                     22                           1                          28                           1
118                                                     22                           1                          29                           1
119                                                     22                           1                          30                           1
120                                                     22                           1                          31                           1
121                                                     22                           1                          32                           1
122                                                     22                           1                          33                           1
123                                                     22                           1                          34                           1
124                                                     23                           1                          24                           1
125                                                     23                           1                          25                           1
126                                                     23                           1                          26                           1
127                                                     23                           1                          27                           1
128                                                     23                           1                          28                           1
129                                                     23                           1                          29                           1
130                                                     23                           1                          30                           1
131                                                     23                           1                          31                           1
132                                                     23                           1                          32                           1
133                                                     23                           1                          33                           1
134                                                     23                           1                          34                           1
135                                                     24                           1                          25                           1
136                                                     24                           1                          26                           1
137                                                     24                           1                          27                           1
138                                                     24                           1                          28                           1
139                                                     24                           1                          29                           1
140                                                     24                           1                          30                           1
141                                                     24                           1                          31                           1
142                                                     24                           1                          32                           1
143                                                     24                           1                          33                           1
144                                                     24                           1                          34                           1
145                                                     25                           1                          26                           1
146                                                     25                           1                          27                           1
147                                                     25                           1                          28                           1
148                                                     25                           1                          29                           1
149                                                     25                           1                          30                           1
150                                                     25                           1                          31                           1
151                                                     25                           1                          32                           1
152                                                     25                           1                          33                           1
153                                                     25                           1                          34                           1
154                                                     26                           1                          27                           1
155                                                     26                           1                          28                           1
156                                                     26                           1                          29                           1
157                                                     26                           1                          30                           1
158                                                     26                           1                          31                           1
159                                                     26                           1                          32                           1
160                                                     26                           1                          33                           1
161                                                     26                           1                          34                           1
162                                                     27                           1                          28                           1
163                                                     27                           1                          30                           1
164                                                     27                           1                          31                           1
165                                                     27                           1                          33                           1
166                                                     27                           1                          34                           1
167                                                     28                           1                          29                           1
168                                                     28                           1                          30                           1
169                                                     28                           1                          31                           1
170                                                     28                           1                          33                           1
171                                                     28                           1                          34                           1
172                                                     29                           1                          30                           1
173                                                     29                           1                          31                           1
174                                                     29                           1                          32                           1
175                                                     29                           1                          33                           1
176                                                     29                           1                          34                           1
177                                                     30                           1                          31                           1
178                                                     30                           1                          32                           1
179                                                     30                           1                          33                           1
180                                                     30                           1                          34                           1
181                                                     31                           1                          32                           1
182                                                     31                           1                          33                           1
183                                                     31                           1                          34                           1
184                                                     32                           1                          33                           1
185                                                     32                           1                          34                           1
186                                                     33                           1                          34                           1
   &pairsDistances [&Type "ArrayOfDoubles", &Dim (187,1)] "The distances of each pair"
                                                         0

0                                      2.6155519530328708e+00
1                                      2.2858883194233304e+00
2                                      4.0289530821190862e+00
3                                      4.2369711253406042e+00
4                                      4.8909802813856276e+00
5                                      3.7876564098608054e+00
6                                      3.5502746556061080e+00
7                                      2.3671895359760509e+00
8                                      4.5957868271762496e+00
9                                      3.1615046166061358e+00
10                                     2.4431494656237880e+00
11                                     5.0441407686603519e+00
12                                     5.5537270876420299e+00
13                                     4.2286851708034252e+00
14                                     3.8470046803547437e+00
15                                     4.6512230272348543e+00
16                                     3.5880388383475483e+00
17                                     2.5943827625739533e+00
18                                     2.4387006474254025e+00
19                                     1.7604503961692510e+00
20                                     2.4591440362304917e+00
21                                     2.5901739148305238e+00
22                                     4.3421207572118927e+00
23                                     3.8708401718564134e+00
24                                     5.1327120664121129e+00
25                                     3.9312846823258307e+00
26                                     5.7337760220197707e+00
27                                     4.8524918639799983e+00
28                                     4.8481880371164632e+00
29                                     5.4901300577085461e+00
30                                     5.2178163491833081e+00
31                                     3.8895287782580370e+00
32                                     2.9814053000658998e+00
33                                     6.6683527500528958e+00
34                                     4.3850994515026027e+00
35                                     4.4266318174937860e+00
36                                     3.5087763229119178e+00
37                                     3.0685963999421415e+00
38                                     2.3823484058331124e+00
39                                     3.8550779864402487e+00
40                                     4.0513148539248922e+00
41                                     3.8704735634562217e+00
42                                     2.4749328030010069e+00
43                                     5.1822606934379438e+00
44                                     4.8387389270902448e+00
45                                     4.3687770729853002e+00
46                                     3.8543070120779803e+00
47                                     3.9435525790649741e+00
48                                     5.1885903609519222e+00
49                                     4.1009624406435883e+00
50                                     6.1515279408971271e+00
51                                     5.3473014149338987e+00
52                                     4.7812114100268923e+00
53                                     4.2060457658301926e+00
54                                     1.7665587012950497e+00
55                                     2.5211233686725540e+00
56                                     2.4775868332047186e+00
57                                     5.0536616923918141e+00
58                                     4.6168848019532946e+00
59                                     4.7081684962730597e+00
60                                     4.8002633709697662e+00
61                                     5.4339719342169506e+00
62                                     5.3534114182075720e+00
63                                     4.4118222980987092e+00
64                                     3.9351128151403114e+00
65                                     2.1573427512664369e+00
66                                     6.4311795010744559e+00
67                                     5.4062553230583159e+00
68                                     5.4958501227460266e+00
69                                     5.2171697677197519e+00
70                                     2.4912697631961507e+00
71                                     3.7225534220556202e+00
72                                     4.8513648779722223e+00
73                                     4.1574511186468861e+00
74                                     5.3146401795222458e+00
75                                     5.7666301780234024e+00
76                                     5.9168630308529098e+00
77                                     4.2040774427141239e+00
78                                     3.1704461852412771e+00
79                                     5.4609307005409438e+00
80                                     3.8109520856128110e+00
81                                     7.0882427264927328e+00
82                                     6.5287881859242001e+00
83                                     6.3374137614428934e+00
84                                     5.8828615501036277e+00
85                                     2.6810041859621676e+00
86                                     3.9231948967681629e+00
87                                     4.2346300370770704e+00
88                                     3.5091199511542550e+00
89                                     5.0550923727827355e+00
90                                     5.5344466015371783e+00
91                                     3.8732868332841965e+00
92                                     2.6858771820541154e+00
93                                     5.8290545254775976e+00
94                                     4.0693510963419088e+00
95                                     5.8175420643263651e+00
96                                     7.0371745953856149e+00
97                                     6.5729240004118807e+00
98                                     6.7837101590732960e+00
99                                     3.9535656957249605e+00
100                                    4.2555928989110674e+00
101                                    2.5744037186968356e+00
102                                    2.8231620335963572e+00
103                                    3.9536235399180661e+00
104                                    5.4921235682785028e+00
105                                    4.9966765813063470e+00
106                                    3.5680878508090363e+00
107                                    2.2008018298364678e+00
108                                    4.2460211541397799e+00
109                                    4.7732799175247154e+00
110                                    4.4720430062579730e+00
111                                    5.0283476150179380e+00
112                                    1.7679327371935096e+00
113                                    2.7037574180046020e+00
114                                    3.7119506425257458e+00
115                                    2.9680034885923958e+00
116                                    2.9628897209817020e+00
117                                    3.9294139869270897e+00
118                                    6.5931313429693255e+00
119                                    5.5947490005484184e+00
120                                    3.3823032785773024e+00
121                                    6.4705687048153484e+00
122                                    5.0995645400181431e+00
123                                    5.8192657398505601e+00
124                                    4.0143483803883591e+00
125                                    4.0463749544006911e+00
126                                    2.9763245204370037e+00
127                                    2.9077978181997732e+00
128                                    3.9493524227951333e+00
129                                    6.1666651184468817e+00
130                                    5.2576883887038317e+00
131                                    4.4750250581977031e+00
132                                    5.8313329764376363e+00
133                                    4.5536947791360776e+00
134                                    4.7732750793773793e+00
135                                    2.8295168794651930e+00
136                                    3.5018711952940467e+00
137                                    4.9631240791212941e+00
138                                    5.0248399684170222e+00
139                                    5.6811562990303770e+00
140                                    4.6940253351130750e+00
141                                    2.5368610182041098e+00
142                                    6.1671662802562670e+00
143                                    5.1793647061127936e+00
144                                    6.2737433997910905e+00
145                                    1.7863428914472337e+00
146                                    6.3312594951584718e+00
147                                    6.6404886221486219e+00
148                                    3.8284826688664961e+00
149                                    3.7508916378580821e+00
150                                    2.2675455775705178e+00
151                                    3.5541751196716898e+00
152                                    2.4972287336631918e+00
153                                    3.9081108264577100e+00
154                                    5.6280785171689081e+00
155                                    6.4031721450904273e+00
156                                    4.9613663883788428e+00
157                                    4.8342577050351068e+00
158                                    2.4216611488854527e+00
159                                    4.0475124842091041e+00
160                                    2.4010127603643494e+00
161                                    3.6551932260663511e+00
162                                    1.8590307147115515e+00
163                                    6.8287976020711945e+00
164                                    6.3177422457495656e+00
165                                    7.3447131479314640e+00
166                                    7.4683239083973936e+00
167                                    7.8910032658129978e+00
168                                    6.2365946585712129e+00
169                                    6.9591481848867014e+00
170                                    7.8256451664564795e+00
171                                    7.8407753866629815e+00
172                                    1.8478049316154106e+00
173                                    6.0651436024948939e+00
174                                    2.3391928614821307e+00
175                                    3.4969061886448101e+00
176                                    3.4295435815603637e+00
177                                    5.8035470823354425e+00
178                                    3.6924226355974645e+00
179                                    4.2019257560226366e+00
180                                    4.1325333380244169e+00
181                                    5.6452773861309558e+00
182                                    4.2649978107100432e+00
183                                    5.8138001360768952e+00
184                                    1.7823527900255602e+00
185                                    1.7841992150509589e+00
186                                    1.7659258675046769e+00
   &pairsTotalSSCIso [&Type "ArrayOfDoubles", &Dim (187,1)] "The Spin-Spin coupling constant for each pair"
                                                         0

0                                      7.5803431276181121e-01
1                                      7.7671387129091602e+00
2                                     -5.8722611528085455e-01
3                                      8.5989516283400902e-01
4                                      1.9253490641285320e-01
5                                     -3.4004547592246254e-01
6                                     -3.1940002020453184e-01
7                                     -4.5059779605111300e-01
8                                      1.2180236995586725e-01
9                                     -2.1488638590610279e-01
10                                    -2.6945194650035864e-01
11                                     1.2708551713615693e-02
12                                     3.1095817622478102e-02
13                                     1.3407521967602867e+00
14                                    -3.2845254634549553e-01
15                                     1.1866006040189107e-02
16                                     9.7429634307268043e-01
17                                    -4.6004294978262222e-01
18                                    -4.1616936791268710e-01
19                                    -1.4721784399358583e+01
20                                     5.8973194956026349e+00
21                                     1.1754802900906571e+00
22                                     5.2046697320965551e-01
23                                     8.1888577155572989e-02
24                                    -3.7472486610660001e-02
25                                    -5.9338437728999008e-02
26                                     2.3770674113003546e-02
27                                    -3.1027657338399510e-02
28                                     3.4375282289868844e-02
29                                    -5.3383912368503541e-03
30                                     1.6737910224684658e-02
31                                     1.5341021566024077e-01
32                                     3.6664354761111580e-02
33                                     3.2217246371895503e-01
34                                     6.9721359579067471e-02
35                                    -3.0372913955392385e-02
36                                     7.8131411493836261e-02
37                                     1.3803204971898760e+01
38                                     6.5417618742245001e+00
39                                    -5.3528571503095912e-01
40                                    -1.9107082428590342e-03
41                                     4.3233240621846020e-01
42                                    -1.1475930888100924e-01
43                                    -5.1008602288910307e-03
44                                     1.3939615889120754e-01
45                                     6.4801797623981167e-02
46                                    -3.6095888765169955e-02
47                                    -1.8613166088750209e-02
48                                    -1.8910828843062957e-01
49                                    -2.3725545623901748e-01
50                                    -2.8388840651090659e-02
51                                     5.7290264623927958e-02
52                                    -1.5161207209474825e-01
53                                    -1.5026853065067286e-01
54                                    -1.3801405888042229e+01
55                                     2.3947217080575909e+00
56                                    -2.5181641952461475e-01
57                                    -4.2198586836106361e-01
58                                    -7.3675147258137466e-02
59                                     1.6339360551740284e-01
60                                     2.5761540468023925e-03
61                                     1.4817165758772354e-02
62                                     1.0739862479091306e-01
63                                    -6.6820311717430386e-02
64                                     6.5493435363325095e-02
65                                    -5.0724816830754293e-01
66                                     5.3850072787537263e-05
67                                    -5.5351216009940658e-03
68                                    -3.5972017101564155e-02
69                                    -2.2117892137981855e-02
70                                     4.5890072361034946e+00
71                                    -1.9585338925083262e-01
72                                     1.3527799712755756e-01
73                                     5.7098782932288268e-02
74                                     6.6240683608339768e-01
75                                    -6.6267574078616130e-03
76                                    -2.5812185127278856e-02
77                                     1.2634582080371348e-01
78                                     8.2437832342028741e-02
79                                     6.6741521692059880e-02
80                                    -5.0473686174938782e-02
81                                    -4.6215752317290224e-03
82                                     5.6695752711340565e-02
83                                    -3.7206859934447883e-03
84                                    -6.4403467645152562e-02
85                                     8.7368301505112811e-01
86                                     4.5955881902330986e-01
87                                    -1.3426874210777442e+00
88                                     1.1811522744073762e-01
89                                    -1.0472517516424390e-02
90                                     6.8209468320575573e-01
91                                    -1.1222001600663858e+00
92                                    -1.0352845091940885e+00
93                                     2.0890798098522297e-02
94                                     1.7505273708466901e-02
95                                     4.2144779547641075e-03
96                                    -1.0419113407007550e-02
97                                     1.9014219509167676e-03
98                                    -5.3152293183934317e-03
99                                    -6.1785579777430044e-01
100                                    1.1291711978092120e+00
101                                   -7.8136205220075944e-02
102                                   -2.1570229893354922e-01
103                                   -5.0314485533972209e-01
104                                    8.5443285522100576e-01
105                                    2.4721474375561514e-01
106                                    4.2476421525273103e-02
107                                   -5.3009701315917557e-01
108                                    1.0156901994015883e-02
109                                   -1.8953382254292058e-03
110                                    3.2931046701578211e-02
111                                    3.6864130641203398e-02
112                                   -1.8728355837631128e+01
113                                   -4.4822241466117720e-02
114                                   -1.6468135308865975e-01
115                                   -2.5317672112374978e-01
116                                   -2.6231546752567318e+00
117                                   -3.0781317709873095e+00
118                                   -4.2779760196503022e-02
119                                   -5.4979013079518059e-02
120                                   -9.0358450133357249e-02
121                                    1.0425473732190021e-01
122                                   -6.8775142532358197e-02
123                                   -2.9508144794411703e-02
124                                    6.4526245926920280e-03
125                                   -5.5788034161130506e-01
126                                   -2.1242360256686357e-01
127                                   -2.0651104210259015e+00
128                                   -2.4217859108095956e+00
129                                    1.8178308262507431e-03
130                                   -2.6366060191774593e-02
131                                    8.4938102220341885e-02
132                                    2.5602681545149861e-02
133                                   -1.6802544216134835e-02
134                                   -5.2832434192773116e-03
135                                    5.2553679294753380e-02
136                                    5.7004218143071897e-02
137                                   -8.3426751999837803e-03
138                                   -1.9628133576949765e-02
139                                    5.0994966977528366e-03
140                                    5.3749379293369518e-03
141                                   -3.0845910734009185e-01
142                                   -2.5863603966768088e-03
143                                   -1.2036572676637856e-03
144                                   -3.0629292789598620e-03
145                                   -9.0521244334961430e+00
146                                    3.4840881163377052e-02
147                                    2.7578057445610293e-01
148                                   -1.7558504360068929e-02
149                                   -1.4335930340613302e-02
150                                    2.8307451985769436e+00
151                                   -1.4432380029227934e-02
152                                   -3.7839074519984028e-02
153                                    9.6964167653551564e-02
154                                   -1.0425738571894678e-02
155                                   -8.1301854647830192e-03
156                                   -3.9208054283923356e-02
157                                   -3.6021580445903631e-02
158                                   -3.1397671250034044e-02
159                                    6.4420874964301572e-02
160                                   -3.1728363862986209e-01
161                                   -5.1384419292794400e-02
162                                    3.9658754259636575e-01
163                                    7.5071950530913537e-03
164                                   -2.8669643199223570e-02
165                                    2.0853167137087963e-03
166                                   -1.2376934452694882e-03
167                                    1.0503432807280944e-02
168                                    4.3900595541987598e-03
169                                   -3.9206305120593789e-02
170                                   -3.1698001114356070e-04
171                                   -1.4878641834770744e-03
172                                    1.4910247278885128e-01
173                                   -1.6710257206434546e-02
174                                   -4.7747482287874937e-01
175                                   -2.0838034108586347e+00
176                                   -2.4043897620972379e+00
177                                   -1.4839569442994078e-02
178                                    3.9109617130270397e-01
179                                   -1.5719651537642367e+00
180                                   -1.9991591734265541e+00
181                                   -1.1570161760359358e-02
182                                   -2.8208238365238034e-03
183                                   -6.2591241546315944e-03
184                                   -1.2746668122622539e+01
185                                   -1.2868972420734789e+01
186                                   -1.8376044435364868e+01
   &Method [&Type "String"] "SCF"
   &Level [&Type "String"] "Relaxed density"
   &Mult [&Type "Integer"] 1
   &State [&Type "Integer"] -1
   &Irrep [&Type "Integer"] 0
$End
$Calculation_Timings
   &GeometryIndex 1
   &GTOINT [&Type "Double"]       1.7071440000000000e+00
   &SCF [&Type "Double"]       1.6905228000000001e+01
   &PROPINT [&Type "Double"]       1.1371380000000002e+00
   &RESPONSE [&Type "Double"]       8.6100069999999995e+00
   &PROP [&Type "Double"]       7.2669600000000045e-01
   &SUM [&Type "Double"]       2.9086213000000001e+01
$End
