$coord
-0.14219346332910 -1.48900692813730  -0.54476159287927  c
 1.01373212958434  0.94728971352586  -1.69647598819186  c
-0.87079860263930  3.16678832272133  -1.50464006904585  c
-2.36099608110132  3.28936693814937   0.96484681616117  c
-3.40370355748978  0.67983667747995   1.65580473654678  c
-1.17671383733929 -1.10912985152343   2.14956889878116  c
-2.62629424411604 -2.07870604066125  -1.95213571592032  c
-4.61087133384054 -0.52685167062846  -0.62063624619090  c
 0.64776838096636 -0.27019724530270   3.89052576828346  o
 1.67977068111938 -3.73748602797139  -0.63652480078182  c
-6.98904470794829 -0.26311679054302  -1.32560721844360  c
 3.64969139932293  1.66063501258373  -0.81816827174365  c
 4.15516971340477  3.06122433078511   1.19052569800266  c
 1.21576340085666  0.52452260188713  -3.71760186083828  h
 3.83743989396088 -3.44671338244272   0.87312150803888  o
 5.74174650067230  0.83113009296667  -2.54717682266285  c
 0.15992989133611  4.93298495034376  -1.77205788173062  h
-2.23031443645445  3.00224933380728  -3.04928446494697  h
-1.16996113006478  3.95767050710359   2.50762413014705  h
-3.92092905696558  4.62217815465473   0.74389826066317  h
-4.69438258642084  0.82376215209283   3.26392317596816  h
-1.93350673133590 -2.94587892839577   2.79987802257033  h
-2.51939012152849 -1.64924395174729  -3.96327608599132  h
-3.08230763515846 -4.08681940811818  -1.77418115759615  h
-0.17500268744141  0.08139352835219   5.47474023481080  h
 2.32905053911815 -4.05664255076678  -2.57634447234387  h
 0.63589167809013 -5.44116908257333  -0.03268564981871  h
-7.71570539504239 -1.16246130104724  -3.00017677611226  h
-8.30392241029498  0.86463680157483  -0.25858634336643  h
 6.07284956797590  3.55878078388073   1.65992114435135  h
 2.73667701990875  3.72883145856127   2.47589084654865  h
 3.37595487122000 -2.41790189959240   2.31289294648642  h
 7.54519069300948  1.58265962557159  -1.91560937387410  h
 5.87607019407172 -1.21853512225816  -2.57775327979998  h
 5.39045903750918  1.48693695672146  -4.46865509345348  h
$end