$coord
 0.03521526196566 -1.42059430478535  -0.03789011770672  c
 1.17406729801039  0.88653250998096  -1.44777739281325  c
-0.80288127650484  3.02057335098807  -1.67985829071228  c
-2.46678546256226  3.40761619064604   0.64709848779475  c
-3.44107637703158  0.87020266673420   1.63937456263776  c
-1.16673489891654 -0.70972196501903   2.51211712824307  c
-2.32737471147077 -2.32321318191962  -1.48583799348519  c
-4.45299078907139 -0.70577283199164  -0.50192542071816  c
 0.50760247226049  0.47540873988409   4.18598753826792  o
 1.96304120917218 -3.55612891703593   0.30525165737104  c
-6.79288306737315 -0.66478535924590  -1.36637937163720  c
 3.71477436776066  1.82185728478246  -0.49746726463654  c
 4.01804649298466  3.52345224719577   1.30817699372110  c
 1.51574438038337  0.22826223590971  -3.38836727233547  h
 2.73084602598501 -4.68877094113430  -1.97256869032281  o
 5.98817259512730  0.84872355336572  -1.90881588253034  c
 0.17352039949669  4.78138687812438  -2.12849131007345  h
-2.04519096226711  2.57838567494712  -3.26823621676807  h
-1.41753792996915  4.34287432463366   2.15317335577882  h
-4.06143886804731  4.61426678297132   0.13707620838048  h
-4.83322244444681  1.17464787648921   3.13620037113606  h
-1.87733948187637 -2.47043728554525   3.38280990886497  h
-2.11432435210769 -2.17678483894186  -3.52891890437917  h
-2.69144516823907 -4.30971517369860  -1.05377250069778  h
-0.39772366355975  0.88294104862987   5.71126857631199  h
 1.10008856912591 -5.08298473623685   1.39864628384678  h
 3.58155318007811 -2.83619057857717   1.38613879832672  h
-7.37704624459806 -1.82826651071209  -2.93051253499098  h
-8.21827726801340  0.53315301511716  -0.54558743380966  h
 5.87585638138720  4.16239661570307   1.84472202868305  h
 2.47855812524384  4.30897283428549   2.36354197512857  h
 3.46872239655966 -3.40477354536640  -3.03300760621926  h
 6.35845403440529 -1.13206878663863  -1.48808829107168  h
 5.71807862392428  1.03451346838401  -3.94369535520572  h
 7.66452115665520  1.91406396756500  -1.38298244282554  h
$end