$coord
 0.22437804766699 -1.32894494777960  -0.49325118530619  c
 1.18333691885024  1.13289539819933  -1.77947931281423  c
-0.90876048307358  3.15572116339943  -1.73607522636288  c
-2.34246563250626  3.33749257430017   0.76352429952234  c
-3.13847090220916  0.70508553463138   1.66882607507207  c
-0.76699784328602 -0.86411636079536   2.20935478952265  c
-2.23393662153981 -2.18387180645366  -1.79975708193133  c
-4.30881859521708 -0.75164930174600  -0.47748858096153  c
 0.87382161282898  0.30122638312065   3.93546005763030  o
 2.24088481795844 -3.41932740604806  -0.60725031864683  c
-6.72436773362684 -0.75123484342168  -1.09978516169119  c
 3.74133226692304  2.08394637101578  -0.88681203524588  c
 5.83501153137442  1.16741910430691  -1.91742240584270  c
 1.47103172359673  0.61390778542538  -3.76799837180335  h
 1.38119527232588 -5.79986942751009   0.20619226924351  o
 3.91183441323762  4.16272803039075   1.03142566288700  c
-0.09987862106360  4.98854195810450  -2.22061918333971  h
-2.27481461715986  2.69655845948715  -3.21315799833327  h
-1.19089672966472  4.20736017671862   2.22889480445811  h
-4.02316039839373  4.50202837511396   0.48842786459521  h
-4.36924205328610  0.86238528605985   3.31537048615284  h
-1.38314598312594 -2.69810509298439   3.00557074743689  h
-2.21002447010007 -1.84055790982916  -3.83064916067240  h
-2.48153267151730 -4.21680363667729  -1.52189567211394  h
 2.47385756038609 -0.56585612619424   3.89587760249494  h
 3.92000259359922 -2.84534927872955   0.47667723385258  h
 2.81586542741206 -3.70527605226511  -2.56877268822465  h
-7.42147424948178 -1.81473088794608  -2.68882302243985  h
-8.10036826977631  0.31286643238166  -0.04477815601696  h
 7.67884876553012  1.81595359139391  -1.34839754455142  h
 5.80996012622563 -0.25986778403758  -3.36758306341976  h
 0.87598062379348 -5.69583792371517   1.95296362628979  h
 5.87623453089169  4.49646316625648   1.53478609589346  h
 3.14778446277190  5.91186263678863   0.26170566382603  h
 2.85901865442100  3.70341475744715   2.73090131596993  h
$end