$coord
         -0.121071625608         -1.543813789531         -0.522313770439     c 
          1.049546391311          0.881501645792         -1.799647505830     c 
         -0.842029189998          3.155268157792         -1.752168382861     c 
         -2.447895248377          3.382323423168          0.680865204032     c 
         -3.423203611023          0.781020630603          1.594241088702     c 
         -1.090838709893         -0.897433461321          2.204648673488     c 
         -2.673745899253         -2.149345126422         -1.904820524981     c 
         -4.694654159181         -0.635267179648         -0.558540571076     c 
          0.720898121542          0.245806515393          3.822311277697     o 
          1.694432219171         -3.809196646496         -0.462312166250     c 
         -7.110033740307         -0.521859859954         -1.169328505728     c 
          3.703821266993          1.586976572096         -0.963848507589     c 
          4.168596169451          3.076429316154          0.992704052512     c 
          1.255552388621          0.347701014601         -3.803359245447     h 
          3.732208130026         -3.424936034088          1.213968868766     o 
          5.864109549221          0.466615936229         -2.391908938417     c 
          0.231882364138          4.903182816672         -2.046005087409     h 
         -2.115583613709          3.031485647372         -3.381818502558     h 
         -1.340612773314          4.266827167150          2.187644044264     h 
         -4.059896750860          4.646521804255          0.360626399553     h 
         -4.694050570131          0.946777436933          3.229911971083     h 
         -1.703898288266         -2.666195645282          3.114884695346     h 
         -2.584459959604         -1.643899314748         -3.906157775943     h 
         -3.102350106282         -4.168746655505         -1.801524508444     h 
         -0.105817450287          0.789496330976          5.394811812206     h 
          2.452166874474         -4.195198617556         -2.348283196827     h 
          0.687766654593         -5.513684831798          0.146595984111     h 
         -7.842235739312         -1.571814393336         -2.737932904186     h 
         -8.402139264834          0.627350864823         -0.115911389316     h 
          6.067249271250          3.505586398036          1.560793909774     h 
          2.695911171423          3.871208219162          2.133526896826     h 
          3.149628595335         -2.185899186209          2.473953657417     h 
          5.294202314923         -0.160332342501         -4.269880796845     h 
          7.386821535560          1.835422740399         -2.627482857825     h 
          6.622850465073         -1.164438175961         -1.385635395030     h 
$end
