   46
          2          1          2
          1          3          3
          1          4          4
          1          5          5
          1          6          6
          1          7          7
          2          8          9
          2         10         11
          1         12         12
          1         13         13
          1         14         14
          1         15         15
          1         16         16
          1         17         17
          1         18         18
          2         19         20
          1         21         21
          1         22         22
          1         23         23
          1         24         24
          2         25         26
          1         27         27
          1         28         28
          1         29         29
          1         30         30
          1         31         31
          1         32         32
          1         33         33
          2         34         35
          1         36         36
          1         37         37
          1         38         38
          2         39         40
          1         41         41
          1         42         42
          1         43         43
          2         44         45
          1         46         46
          1         47         47
          1         48         48
          1         49         49
          1         50         50
          1         51         51
          1         52         52
          1         53         53
          1         54         54
