   75
   1  3
   2  2
   3  3
   4  3
   5  1
   6  3
   7  3
   8  3
   9  3
   10  2
   11  1
   12  3
   13  3
   14  2
   15  3
   16  2
   17  1
   18  3
   19  2
   20  3
   21  6
   22  3
   23  1
   24  3
   25  3
   26  3
   27  3
   28  3
   29  3
   30  3
   31  3
   32  3
   33  3
   34  3
   35  3
   36  3
   37  3
   38  3
   39  3
   40  3
   41  2
   42  3
   43  2
   44  2
   45  3
   46  1
   47  3
   48  3
   49  3
   50  3
   51  1
   52  1
   53  3
   54  3
   55  3
   56  3
   57  3
   58  3
   59  3
   60  1
   61  2
   62  3
   63  1
   64  3
   65  1
   66  3
   67  2
   68  3
   69  3
   70  1
   71  2
   72  2
   73  2
   74  2
   75  3
