           2           1  0.964142519972445     
           3           2  0.983705779640434     
           4           1  3.676933608033767E-003
           4           3   1.01003799294314     
           5           1  4.782602430493301E-003
           5           2  2.713235039788804E-003
           5           4  0.978181018589579     
           6           1  0.965344837292701     
           6           2  2.004278102031626E-003
           6           3  2.158154251071024E-003
           6           5  0.976659411699214     
           7           1  0.982693906910842     
           7           2  3.316437027271559E-003
           7           5  4.814742388504304E-003
           7           6  7.181203343687408E-003
           8           1  2.509109960323509E-003
           8           4  4.389916707024135E-003
           8           5  0.999649849413690     
           8           6  6.653055901163205E-003
           8           7   1.00103024768895     
           9           1  2.148366319386732E-002
           9           4  3.979039363489787E-003
           9           5  1.000495583781577E-002
           9           6  0.991316591955801     
           9           7  1.039158486599933E-002
           9           8  9.074659525639978E-003
          10           1  0.995609798413976     
          10           2  2.592059951690517E-003
          10           3  9.769175866426115E-003
          10           5  8.727163947559883E-003
          10           6  2.819114507278351E-003
          10           7  5.225751537170010E-003
          10           8  7.730136286815899E-003
          11           1  7.125600913847386E-003
          11           4  2.711249421673454E-002
          11           5  6.755235648348507E-003
          11           6  1.034564477548219E-002
          11           7  8.486928112320529E-003
          11           8   1.93708760889366     
          12           1  3.487424385791488E-003
          12           2  0.999250024272800     
          12           3  3.056533896856250E-003
          12           7  9.776430470781994E-003
          13           1  2.213215159901021E-002
          13           2  6.128285452753817E-003
          13           3  1.298916196630757E-002
          13           4  6.176077132666011E-003
          13           9  4.416524855854816E-003
          13          12   1.93001155837323     
          14           2  0.969530653184668     
          14           4  8.459564850705622E-003
          14           6  8.310928996267359E-003
          14          13  7.326245540247822E-003
          15           1  6.232540912374597E-003
          15           7  1.154469992641113E-002
          15           9  1.109496940014829E-002
          15          10  0.988241893659921     
          16           1  2.175214679766911E-003
          16           2  6.135115200078483E-003
          16           3  6.254985021666585E-003
          16          10  2.968299322728897E-003
          16          12   1.02096744178043     
          16          13  9.220989047388911E-003
          17           1  7.691501910696696E-003
          17           3  0.976236527391567     
          17           5  1.051108393771631E-002
          18           3  0.976708105354249     
          18          12  7.270375208489542E-003
          19           4  0.968554626261445     
          19           8  9.089542411912248E-003
          19           9  1.408991547126716E-002
          19          18  9.656513272682138E-003
          20           2  1.023086170355409E-002
          20           4  0.976259545538207     
          20           6  9.911153690908279E-003
          21           1  8.874689471784712E-003
          21           3  9.740048671088686E-003
          21           5  0.969472759790249     
          21           7  6.556024022666104E-003
          21          11  3.079746495781498E-003
          22           2  8.791227719373440E-003
          22           4  9.299915049286464E-003
          22           6  0.961972098107196     
          22           9  2.204289086667817E-002
          23           5  4.022632874012066E-003
          23           6  6.414919150032460E-003
          23           7  0.965194447825310     
          23          11  9.873456249745650E-003
          24           2  7.079235132030346E-003
          24           7  0.959305424493671     
          24          11  1.757075092997290E-002
          24          23  3.269807511104036E-003
          25           5  8.337313938657867E-003
          25           9  0.964646561470806     
          25          12  2.489920215569752E-003
          25          13  3.518759208562270E-003
          25          15  4.958487712596177E-002
          26           6  9.327070391334878E-003
          26          10  0.971045347656932     
          26          15  1.697392060380667E-002
          27           2  8.921273868127506E-003
          27          10  0.969728115147802     
          27          15  1.783834894067392E-002
          27          26  2.185600649956386E-003
          28           5  1.751153804220463E-002
          28          11  0.974897395249241     
          29           7  1.753668753682225E-002
          29          11  0.974994338638268     
          30           2  1.685584056308113E-002
          30          13  0.973828521687345     
          31           9  1.975585634426666E-002
          31          13  0.969183002646485     
          31          16  1.732113531154554E-002
          31          19  2.851668805276126E-003
          32           1  9.004610190141583E-003
          32          15  0.981772833732067     
          33           2  9.088277589521037E-003
          33          16  0.977878287087306     
          34          13  1.815579583082784E-002
          34          15  5.160130938311152E-003
          34          16  0.969091106951501     
          35          13  1.996096215328729E-002
          35          16  0.967632808254596     
