   -0.00772729
   -0.03318471
   -0.06224087
   -0.05821936
   -0.03574775
    0.10625497
   -0.06945223
    0.00888315
   -0.48650038
    0.08097502
   -0.11265443
    0.01274517
   -0.11315082
    0.05145692
   -0.47878440
   -0.11710076
    0.04076172
    0.03989025
    0.03901125
    0.04119880
    0.04139248
    0.04602064
    0.04347877
    0.05098656
    0.30918724
    0.02803771
    0.04813851
    0.03435018
    0.03526339
    0.02909707
    0.03088702
    0.30875237
    0.03951771
    0.06170108
    0.04677503
