           1           2  0.959089214536171     
           2           3  0.986241825589285     
           3           4   1.00848538649911     
           4           5  0.978065636371661     
           1           6  0.959498345341899     
           5           6  0.973666569484976     
           1           7  0.981676923956078     
           5           8  0.995053338969633     
           7           8   1.00423038714327     
           6           9  0.983108776315432     
           1          10  0.980129116433466     
           8          11   1.93638139641869     
           2          12  0.996187519808711     
          12          13   1.92756930653297     
           2          14  0.961977829363874     
          10          15  0.990584940340419     
          12          16   1.02546948333367     
           3          17  0.976236728738271     
           3          18  0.977079528930722     
           4          19  0.969868869717932     
           4          20  0.975688695949379     
           5          21  0.962988067469411     
           6          22  0.957656109270759     
           7          23  0.958325175471550     
           7          24  0.963278998782434     
           9          25  0.884715557006060     
          10          26  0.966550850997573     
          10          27  0.968918730059971     
          11          28  0.974987052406097     
          11          29  0.974756880817939     
          13          30  0.974435168034911     
          13          31  0.967243105576512     
          15          32  0.887680183842144     
          16          33  0.984442456709305     
          16          34  0.968654591150161     
          16          35  0.967237634920398     
