   -0.00826921
   -0.03394413
   -0.06240460
   -0.05910602
   -0.02946668
    0.11817159
   -0.07164468
    0.01871442
   -0.48677573
    0.08016240
   -0.11305088
    0.00778406
   -0.11190075
    0.04660427
   -0.49101818
   -0.11556642
    0.04140561
    0.04315553
    0.03725603
    0.04234395
    0.04529346
    0.02004710
    0.05317794
    0.05010975
    0.31312790
    0.02424966
    0.04751341
    0.03441753
    0.03477467
    0.03234320
    0.03595738
    0.31185979
    0.04881043
    0.05173074
    0.04413645
