           1           2  0.958728935981514     
           2           3  0.983857590874059     
           3           4   1.00854385621353     
           4           5  0.979144072029066     
           1           6  0.961075403526515     
           5           6  0.979020233321394     
           1           7  0.981419322526482     
           5           8  0.994980002616812     
           7           8   1.00641094488648     
           6           9  0.981424398878669     
           1          10  0.978763530241453     
           8          11   1.93713446497622     
           2          12  0.997406609394491     
          12          13   1.91497046059286     
           2          14  0.963133350303962     
          10          15  0.991786917144964     
          12          16   1.02259745299101     
           3          17  0.976326526192100     
           3          18  0.976737461760927     
           4          19  0.970491071175236     
           4          20  0.975605118166697     
           5          21  0.962695792087092     
           6          22  0.956554451993003     
           7          23  0.957690380631265     
           7          24  0.965423598427020     
           9          25  0.882133351682398     
          10          26  0.964990270568780     
          10          27  0.968404926547254     
          11          28  0.975124077647710     
          11          29  0.974946530876771     
          13          30  0.974051783413478     
          13          31  0.966761182224266     
          15          32  0.869740647106570     
          16          33  0.969215732465211     
          16          34  0.967500401698358     
          16          35  0.984071225790560     
