$coord
 0.16670864999705 -1.21962282348261   0.74071841794494  c
-1.85303692813692  0.76407411269293   1.49621411737958  c
-0.69690336387139  3.44224321601774   1.45398782730237  c
 0.76854948380160  3.96081959490706  -0.97209432970233  c
 2.66562139876363  1.82413303131068  -1.43091821214539  c
 1.19454959275297 -0.61359378569779  -1.92935440456200  c
 2.55913672677888 -0.78404360436212   2.36383721573389  c
 4.04642230376644  1.22211097484940   0.98726565631678  c
 2.76475373731158 -2.54291374924526  -2.92023642900918  o
-0.83430264436561 -3.95872422198162   1.04929923795654  c
 6.19443418122585  2.24066142114993   1.74445581099612  c
-4.34368541417294  0.70991686759215   0.07631512220428  c
-4.97266886922117 -0.83855949019075  -1.78318023617319  c
-2.34384605476419  0.35628088379182   3.47607091634017  h
-1.25979555233669 -5.27903926864697  -1.20992042077805  o
-6.26309983248092  2.59435243226326   1.02264269754706  c
-2.17643503891974  4.85256326372933   1.68207398949212  h
 0.58716624305608  3.65862542048763   3.05308197598766  h
-0.52089454353297  4.08213214844413  -2.57820629515130  h
 1.76571948897226  5.75889829182466  -0.80313068407066  h
 3.93554667719569  2.29418697049122  -2.98903874053333  h
-0.29499443655624 -0.35599768187576  -3.32741740818852  h
 3.67725440809562 -2.51983219933397   2.48886441884461  h
 2.10269761615621 -0.23554355513947   4.29717127750247  h
 4.28172072590059 -2.61564360821117  -1.91318742755034  h
-2.65196922203657 -3.93602833852739   2.02997863842231  h
 0.50022805321652 -5.03798978819316   2.22891466170024  h
 7.06364459774705  1.72576028367461   3.51182286014751  h
 7.16184909210576  3.64378154920668   0.63321649013521  h
-6.83094875008556 -0.73370155076864  -2.61350751395539  h
-3.77260521078063 -2.29256521357747  -2.52572558426650  h
 0.21589366094460 -5.05594746533494  -2.27569450047799  h
-6.08674153110615  2.88563483708345   3.05082804634755  h
-6.03247988355024  4.41461589784301   0.08610997049988  h
-8.16503060313091  1.93004235784620   0.62123557169775  h
$end