   -0.00696828
   -0.03339478
   -0.06263577
   -0.05924340
   -0.02792980
    0.11088045
   -0.06805484
    0.01782618
   -0.48317775
    0.08052323
   -0.11288699
    0.01251304
   -0.11407276
    0.05193476
   -0.47778702
   -0.11754582
    0.04105515
    0.04115373
    0.03780982
    0.04229822
    0.04598236
    0.02233729
    0.05063856
    0.04782431
    0.30432054
    0.02567783
    0.04446931
    0.03409921
    0.03423928
    0.02863658
    0.03037634
    0.31045702
    0.06226765
    0.04700891
    0.03936742
