$coord
 0.17590284837902 -1.20515427825833   0.20457803417226  c
-1.82279486953336  0.75877555563500   1.23222737422764  c
-0.64984501117734  3.45966494835736   1.42232634055855  c
 1.07629758242525  4.20928533231822  -0.81100671277298  c
 2.85226423431403  2.00495184269378  -1.57071723119059  c
 1.23535592223335 -0.27081140669563  -2.38867647584016  c
 2.60488357631643 -1.10491052047024   1.89187389109536  c
 4.23409170378341  0.98695315313628   0.74373316235816  c
 2.90462979193384 -2.06221350279058  -3.56827941969350  o
-0.92195049252477 -3.89724343007953   0.05553126772752  c
 6.47059216018801  1.78781943471795   1.60551670879289  c
-4.39067065697752  0.69661201741528  -0.11787539101138  c
-4.89819421524702  1.83032178134337  -2.33402075508884  c
-2.20880247301711  0.15653058233775   3.18862733003364  h
-1.82473242045488 -4.85086278632914   2.43039086033227  o
-6.47951726687322 -0.65585677816878   1.31190082587150  c
-2.17351684725891  4.85739722705140   1.65087592185252  h
 0.47988563355897  3.54994057561778   3.16959797677651  h
-0.04431261717758  4.77925527161015  -2.47256314788088  h
 2.21850782977969  5.86605055768920  -0.27388633157553  h
 4.14890624966433  2.61570225508109  -3.07938405812316  h
-0.28251679808088  0.26248420642305  -3.70919045674158  h
 3.62517438472791 -2.92115593923110   1.79463669963084  h
 2.17432415213193 -0.75650201298295   3.89888049863498  h
 1.87994436482258 -3.37159053261750  -4.37479929658436  h
 0.52733142303365 -5.18039109318971  -0.73002341058209  h
-2.56148680466618 -3.94395263498859  -1.22568377294695  h
 7.33801929167884  0.99029703406368   3.30233564907038  h
 7.53020243240504  3.27367937514942   0.63794117205558  h
-6.79132766536180  1.74816845880227  -3.15531758708306  h
-3.50674882914967  2.90465713805791  -3.40615438701035  h
-0.38005432350339 -4.99309110156522   3.57553526734566  h
-5.92228836548588 -2.58906992779401   1.83636952114195  h
-6.88421015701742  0.34180499231500   3.10080036882103  h
-8.24121422798190 -0.74120433742892   0.21260627441668  h
$end
