           1           2  0.958455660827502     
           2           3  0.986198135699183     
           3           4   1.00825541456415     
           4           5  0.978938682791608     
           1           6  0.959939703165227     
           5           6  0.978378451233597     
           1           7  0.981981455604563     
           5           8  0.995070098241141     
           7           8   1.00536107377230     
           6           9  0.976821081851948     
           1          10  0.979565747167082     
           8          11   1.93776035744009     
           2          12  0.996424429490567     
          12          13   1.92659906835465     
           2          14  0.961829464663487     
          10          15  0.991599313439588     
          12          16   1.02569746410240     
           3          17  0.976279913322631     
           3          18  0.976993420430780     
           4          19  0.970048864967388     
           4          20  0.975687000615667     
           5          21  0.962521079662305     
           6          22  0.958628995654592     
           7          23  0.958375437093270     
           7          24  0.965018215989974     
           9          25  0.891078307839992     
          10          26  0.965836477343071     
          10          27  0.969783936943852     
          11          28  0.975136055056321     
          11          29  0.974949050098871     
          13          30  0.974394709987831     
          13          31  0.967001243066379     
          15          32  0.886533254585630     
          16          33  0.968225508480528     
          16          34  0.966885315182963     
          16          35  0.984401001576792     
