$coord
-1.59382285441230  3.05486066142804   0.88898934027105  c
-3.48193181971519  2.43993601588633  -1.25190499466374  c
-2.76391884912839  0.33333148979841  -3.08744274027110  c
-3.64710172279801 -2.25251148436800  -2.17092978540304  c
-3.04762840307898 -2.72290296057091   0.61636405692346  c
-0.34971187773883 -1.92836956850049   1.30094144271324  c
 0.14731933618475  0.89966211885283   1.87208173391614  c
 0.34742335722891  5.04889076613341   0.00865881619165  c
 2.54590874840253  3.54968225449791  -1.08679461077292  c
 2.82081275988823  1.34826683408505   0.76781290313989  c
 1.36511518605530 -2.63900883965102  -0.62238535647255  o
 3.64340137731729 -1.25629126083923  -0.28672618593664  c
 0.20589176121559  1.09746176458487   3.92742844097278  h
 4.13188281356946  1.91408313071072   2.25874380774380  h
 0.15785754037714 -2.96859593936602   3.04018826427365  h
-3.43960647454085 -5.51793069547153   1.23131450195109  c
 5.01156526665661 -1.17533424939545  -2.82862269938802  c
 5.35481202717002 -2.58941505750993   1.64887525729850  c
-3.14468647221799  4.13277253990406   3.08854659959879  c
-5.31029370282614  1.95993619129373  -0.42277514902190  h
-3.77211809286473  4.18593204286977  -2.31609866900393  h
-3.63042968586575  0.70945416380397  -4.92455838281574  h
-0.73251000644797  0.27400745057864  -3.35976538379073  h
-2.72268886102597 -3.70940948555720  -3.29832852285933  h
-5.68740819599815 -2.43342285690952  -2.43931041846202  h
-4.32519906101420 -1.61077248341965   1.80220963747195  h
 1.00717307388426  6.12330902250568   1.64320766118981  h
-0.44923581478313  6.37999595338847  -1.34455520882910  h
 2.07311160605540  2.90242559927208  -2.97832639051958  h
 4.27072112655535  4.66941977031000  -1.20881614155321  h
-2.04923818152904 -6.65102326259253   0.22980457235872  h
-3.23761065963291 -5.86236345490430   3.24863818610672  h
-5.31903571591121 -6.11868153430206   0.65436025591801  h
 3.72771840118063 -0.63257901181378  -4.33412429646420  h
 6.57500705953445  0.15273100233789  -2.75367749785565  h
 5.73732781605616 -3.04574983143992  -3.26778472340217  h
 4.51553848317578 -2.54929090690050   3.52391325079736  h
 5.62080643596511 -4.55037729752430   1.09510267981170  h
 7.18545116329886 -1.66151558678573   1.72470275400645  h
-1.92252952184374  4.79182878470801   4.60581572421477  h
-4.27645184594170  5.72332135404201   2.44115011389933  h
-4.41069492438050  2.70629018677276   3.85789509135363  h
$end