$coord
-1.59553278273453  3.05949956017595   0.89308245474448  c
-4.35715512007916  2.36015100011336   0.35129790087640  c
-4.94937502161879  0.88400801407853  -2.06131578893754  c
-3.33384246945617 -1.47097653962544  -2.47296352604284  c
-2.79248813800774 -2.88938223750058  -0.01915580073293  c
-0.32408451827104 -1.98981236506165   1.21114353183980  c
 0.14678753229311  0.87038572790548   1.77918461569414  c
-0.24149987003067  4.29853670289388  -1.38205160171963  c
 2.07303786251692  2.67929178092321  -1.96695551775962  c
 2.72666567797418  1.37274441595900   0.52450961058693  c
 1.72490370937236 -2.80603220614878  -0.31821179654883  o
 3.86663739318886 -1.28190131551796   0.21512307541715  c
 0.30690803520124  1.01575690101893   3.83290355008288  h
 3.92985811249694  2.58212249592150   1.68309865228762  h
-0.19516725062525 -2.98846332686498   3.04088815873723  h
-2.59627631065309 -5.73446627786164  -0.49016557472607  c
 5.74033035635450 -1.55842425480843  -1.96274708936343  c
 5.16777692115197 -2.11644992021100   2.67529839221071  c
-1.67136343755277  4.99037000130155   3.06813501935268  c
-5.06707724394454  1.31492719559672   1.98220704359494  h
-5.43538213325229  4.12200764246490   0.26369949458580  h
-6.93551192775896  0.32350637186974  -1.94582875233099  h
-4.77423548229007  2.11559619259218  -3.70763768552293  h
-1.53486147404504 -0.97847377487104  -3.33791742082694  h
-4.31788921032146 -2.71548204122514  -3.79272919965482  h
-4.33298527594735 -2.57825666353350   1.32334238017045  h
 0.35212687894113  6.20551314245431  -0.87097808145677  h
-1.47657151544886  4.45819090454219  -3.01756082613277  h
 1.59452251171525  1.25696017569962  -3.37510329864485  h
 3.64380539282606  3.79575965196393  -2.69210174904602  h
-2.19279396939794 -6.73084799096003   1.26218061782052  h
-4.36287215236816 -6.45209743363116  -1.25830559191492  h
-1.07827161259941 -6.11785704641558  -1.81667586342735  h
 4.80511780029335 -1.30783950091832  -3.77035765386393  h
 7.24242894690717 -0.17074163943229  -1.77927367565184  h
 6.55675032832003 -3.44248601237671  -1.92435951240357  h
 6.92947717184807 -1.08850955764081   2.91626104352851  h
 3.97294637582394 -1.76386487320233   4.30772634239827  h
 5.57630740629188 -4.12835732633686   2.58632629694533  h
-2.66443046803703  6.69350291562132   2.48209049655974  h
-2.64896844069530  4.21115493820780   4.70194601265934  h
 0.23178709443043  5.51793009132609   3.63861503892454  h
$end