$coord
 3.21486617771396  1.82958679224711   4.35799087356794  c
 3.96304722825225  3.30244375884472   2.01480042337818  c
 4.95033313014987  1.51791861857202  -0.05061635565539  c
 3.20758912964320 -0.91785365451592  -0.28798406701424  c
 0.57096808934280 -0.63005540559440   1.01622109976946  c
 0.92367828913330  0.14015539332485   3.83306540096813  c
 2.72207652173118 -1.57063291529066  -3.08172753175679  c
 1.13023438111166 -3.95597982790962  -3.39701352865140  c
-1.38817949996358 -3.80768420742997  -1.98558831751212  c
-1.04618317632964 -3.15386889145681   0.85454260762185  c
-1.45304284991121  1.23747899870988  -0.03923281800763  c
-3.59835088682127 -2.23695368400548   1.90678913954449  c
-3.80827987291526  0.36570138036553   0.83816319610293  c
-6.06027093559002  1.65719455149945   0.58069956642867  c
-6.04104473537797  3.95559529509926  -0.69073804527071  c
-3.80464372804507  4.77700656836564  -1.70154278367348  c
-1.50683509082037  3.47184799185487  -1.44242367095434  c
 0.37354856428855  4.61908175959659  -2.74135106926335  o
-8.30273809587750  0.75727529364431   1.50967875239471  o
 4.97634845379272  2.95762357248603  -2.33621347154148  o
 7.75647103340517  0.97794108167428   0.48951711993044  c
 4.67040012545293 -3.13254139516174   0.89592665867022  c
-2.87645240215991 -6.23943953466850  -2.46737710727727  c
-0.30640560370071 -5.50757389251500   2.38314783568115  c
 4.82044744060369  0.71132037550033   5.00979444663431  h
 2.75069209359382  3.14805963278502   5.87407412417547  h
 5.43184201254749  4.67885983329699   2.45974209122115  h
 2.33218044431173  4.35333532066369   1.33774778906996  h
-0.76620681148880  1.15475336159378   4.43177825823359  h
 1.07273455896044 -1.53685669621015   5.01660868962757  h
 1.72399016379584 -0.01911949342488  -4.00251807521778  h
 4.52075713062377 -1.85729743587335  -4.06327105087842  h
 0.73252110480950 -4.20397511730208  -5.40884651112634  h
 2.18970377812170 -5.61983240497963  -2.79834082069617  h
-2.46333965865530 -2.25159584780953  -2.82561842696672  h
-3.56642497965945 -2.24199922762709   3.97346157261342  h
-5.14829559676359 -3.45562269846189   1.29458029632952  h
-7.76863400711269  5.01054074615749  -0.90609261950816  h
-3.72315938909290  6.50759226505600  -2.77521869042811  h
 2.03446432082158  3.84589781450197  -2.52610346902035  h
-8.00832325079612 -0.82773603429637   2.35600620011863  h
 5.88566213094590  2.04366472590674  -3.62076039569824  h
 8.58813650940476 -0.21806589734637  -0.96290742179704  h
 8.73942482924498  2.78602810603533   0.44070355147140  h
 8.07731590536221  0.12913651726135   2.32466022042498  h
 5.03096960209086 -2.83127389670286   2.88910405110662  h
 3.65235921942466 -4.88001649623269   0.69873638139452  h
 6.46382209424559 -3.39622286988612  -0.06478611230554  h
-4.67845464029986 -6.24124980669210  -1.48418716351295  h
-3.26344550082475 -6.40934759946623  -4.47948338251140  h
-1.82182133085319 -7.90419306644780  -1.88745028501021  h
 0.77056391446586 -6.87243578648345   1.29435836405876  h
 0.75336031288129 -5.05288491187020   4.07975062978726  h
-2.02870109058697 -6.46553104028817   2.97715272811032  h
$end