! r2scan-3c
! DEFGRID2
! scfconv6
! miniprint nopop noautostart
%MaxCore 2500
%pal
    nprocs 12
end
*xyz 0 1
C    1.7012339166   0.9681756354   2.3061494546
C    2.0971542780   1.7475779767   1.0661864681
C    2.6196034777   0.8032479406  -0.0267850219
C    1.6973830686  -0.4857072367  -0.1523946053
C    0.3021433009  -0.3334109621   0.5377610470
C    0.4887895006   0.0741670401   2.0283708572
C    1.4404608610  -0.8311431451  -1.6307799793
C    0.5980942772  -2.0934143708  -1.7976221437
C   -0.7345929557  -2.0149397080  -1.0507280874
C   -0.5536162951  -1.6689555428   0.4522044735
C   -0.7689171623   0.6548456848  -0.0207611132
C   -1.9041652853  -1.1837449109   1.0090293582
C   -2.0152549206   0.1935208364   0.4435368622
C   -3.2069572696   0.8769495903   0.3072929768
C   -3.1967832026   2.0932108848  -0.3655228321
C   -2.0133307556   2.5278830112  -0.9004176641
C   -0.7973827903   1.8372228362  -0.7632977348
O    0.1976733873   2.4443128014  -1.4506605123
O   -4.3936197865   0.4007328276   0.7988875912
O    2.6333701941   1.5651069923  -1.2362709284
C    4.1045477061   0.5175041338   0.2590413041
C    2.4714693111  -1.6576695178   0.4741039702
C   -1.5221530588  -3.3017692091  -1.3056797353
C   -0.1621428627  -2.9144825900   1.2611075243
H    2.5508709308   0.3764145322   2.6510690513
H    1.4556035695   1.6658814155   3.1084261603
H    2.8744070050   2.4759459957   1.3016394588
H    1.2341367423   2.3036858421   0.7079056436
H   -0.4054591833   0.6110691629   2.3451960570
H    0.5676666817  -0.8132695397   2.6546749934
H    0.9122963061  -0.0101176002  -2.1180413507
H    2.3922816485  -0.9828394765  -2.1501904409
H    0.3876334750  -2.2246478263  -2.8622383097
H    1.1587413375  -2.9738872365  -1.4808181900
H   -1.3035432095  -1.1914932103  -1.4952528776
H   -1.8872708228  -1.1864148976   2.1026653117
H   -2.7243607036  -1.8286367807   0.6850623902
H   -4.1109840746   2.6514639760  -0.4794835650
H   -1.9702111004   3.4436695230  -1.4685824856
H    1.0765921545   2.0351614780  -1.3367563876
H   -4.2378221600  -0.4380190458   1.2467447893
H    3.1145582694   1.0814607992  -1.9160238867
H    4.5446461229  -0.1153955033  -0.5095486636
H    4.6247044540   1.4743025820   0.2332102761
H    4.2743315005   0.0683361020   1.2301572112
H    2.6622744610  -1.4982456233   1.5288480231
H    1.9327452641  -2.5823935175   0.3697553693
H    3.4205073461  -1.7972037451  -0.0342833342
H   -2.4757315768  -3.3027271638  -0.7853980233
H   -1.7269409873  -3.3916806849  -2.3704405216
H   -0.9640663302  -4.1827188395  -0.9987956771
H    0.4077648629  -3.6367364000   0.6849449487
H    0.3986611090  -2.6738715435   2.1589110585
H   -1.0735423844  -3.4214116814   1.5754413764
*
