   -0.01007919
   -0.02637417
   -0.05840089
   -0.05708964
   -0.03022404
    0.12375617
   -0.07597161
    0.01051435
   -0.48335283
    0.07761901
   -0.11229102
    0.01784100
   -0.12038973
    0.04094500
   -0.49082056
   -0.11996518
    0.03948350
    0.03781751
    0.05505982
    0.03495217
    0.03919153
    0.00594165
    0.05373114
    0.04709092
    0.32113741
    0.02614043
    0.04299938
    0.03695556
    0.03870211
    0.03004272
    0.02618937
    0.31295135
    0.07539243
    0.03854957
    0.05195476
