$coord
-0.13370663306121 -1.52142933417726  -0.62998467431768  c
 1.03567007372137  0.99456327654682  -1.75186387836782  c
-0.85392245727867  3.24574715315913  -1.46710731270524  c
-2.32170745516368  3.29407281391886   1.05670077034820  c
-3.37389202143084  0.63859002433358   1.72393039680255  c
-1.18010865282546 -1.23975368899971   2.10930039502916  c
-2.67866368130492 -2.03621803819313  -2.04553960346846  c
-4.67186412403180 -0.53767023634412  -0.56569914305089  c
 0.54770355722065 -0.47366544526573   4.02005571415000  o
 1.67808113841442 -3.79085232312886  -0.84723357820807  c
-7.11405595036833 -0.31116888384242  -1.17452200327437  c
 3.75056968194403  1.68930246381685  -0.97896190525475  c
 5.69497998563994  0.93315263564290  -2.44285728381380  c
 1.17198984626253  0.59648577176527  -3.79442723341407  h
 3.69209459081822 -3.75697264298347   0.99273533066913  o
 4.24537523279615  3.37219095002928   1.28884099919240  c
 0.14051623551848  5.05071473902038  -1.75614778897780  h
-2.23556045398141  3.11975962266576  -3.01883324000465  h
-1.12002301864104  3.96079352537423   2.61743049094269  h
-3.90613529113912  4.63680644318280   0.89614090062451  h
-4.63189427333369  0.75606136352142   3.37744679350917  h
-2.00327635403627 -3.09991368959632   2.63459205430412  h
-2.60382390474249 -1.50251588275826  -4.05571517831176  h
-3.13401434899183 -4.07151830275431  -1.98659500010978  h
 2.01574524481173 -1.59847883475171   3.82279803954204  h
 2.44841402850998 -3.93704844571923  -2.78474158542968  h
 0.61711779760814 -5.54167106718073  -0.46756690780159  h
-7.89857787114090 -1.18796711635974  -2.87253643121723  h
-8.42527236336241  0.76846927382176   0.00008328263476  h
 7.64788818038253  1.42886919587425  -1.99044550054550  h
 5.40389978315766 -0.18036704473300  -4.15826423221484  h
 4.91547308951444 -2.48262819078658   0.42475785999832  h
 3.35433786797830  2.62546129616192   3.00399458299807  h
 6.28560131862677  3.59108313211609   1.61867443839645  h
 3.45497779111206  5.27536143401360   0.97546775120364  h
$end
