           1           2  0.957526042040012     
           2           3  0.987832754660718     
           3           4   1.00979167649928     
           4           5  0.978931828605799     
           1           6  0.959288435421183     
           5           6  0.976005273254487     
           1           7  0.980218331603543     
           5           8  0.994998610765737     
           7           8   1.00360541382793     
           6           9  0.989739764999824     
           1          10  0.978886925955989     
           8          11   1.93766422986156     
           2          12  0.997615731385570     
          12          13   1.89599333840677     
           2          14  0.959474330067044     
          10          15  0.991181487145826     
          12          16   1.03132005456029     
           3          17  0.973665766136533     
           3          18  0.975556491232885     
           4          19  0.970253910027909     
           4          20  0.976413033225138     
           5          21  0.964878239950596     
           6          22  0.958184116423264     
           7          23  0.965058052403667     
           7          24  0.958986248188871     
           9          25  0.861694362408269     
          10          26  0.968833176545818     
          10          27  0.970215355061311     
          11          28  0.974597585503024     
          11          29  0.974493486746600     
          13          30  0.975481163826323     
          13          31  0.974604947021941     
          15          32  0.857344093720027     
          16          33  0.956854241008981     
          16          34  0.983274529236263     
          16          35  0.962134069219748     
