   -0.05431997
   -0.07816002
    0.13448191
    0.01359075
    0.00800213
   -0.06460834
   -0.05978787
   -0.06011433
   -0.02320141
    0.01327261
   -0.04427029
   -0.05985460
   -0.04229013
    0.12074456
   -0.05980941
   -0.06360137
    0.13262771
   -0.44227393
   -0.40715815
   -0.45370245
   -0.11442545
   -0.12366443
   -0.10356642
   -0.10411827
    0.02615109
    0.03089195
    0.02357291
    0.05994838
    0.03788598
    0.03530158
    0.04749117
    0.03703561
    0.03022017
    0.03015384
    0.03789523
    0.03120306
    0.02475627
    0.04800976
    0.05128777
    0.33291430
    0.29465251
    0.29749170
    0.04561265
    0.04507841
    0.02997683
    0.03432454
    0.05939615
    0.03851890
    0.03310157
    0.03121697
    0.03321596
    0.03712839
    0.03565962
    0.03611392
