$coord
-3.20351613451691 -1.85415120382399   4.34254508880021  c
-3.94454674466641 -3.32145796107626   1.98989934178527  c
-4.93269249273811 -1.52004134207059  -0.06865672966906  c
-3.19950580611045  0.91134738548056  -0.29241494659999  c
-0.56560824590508  0.62877725928280   1.01645201919973  c
-0.91972055218286 -0.14997615089946   3.83075611614754  c
-2.71504233143548  1.56715256246581  -3.08392845476805  c
-1.15650799044263  3.97202768943648  -3.39148406963275  c
 1.36578225692094  3.83227142327686  -1.98451801556302  c
 1.04164570334028  3.15953938319284   0.85397068654533  c
 1.46144882188110 -1.23438670379051  -0.03381523190945  c
 3.60763911673914  2.25163598181298   1.88219652890745  c
 3.82059959581441 -0.34913097536094   0.81112955857744  c
 6.07019863597861 -1.64576085409525   0.54722996618346  c
 6.03835012746355 -3.96406600927518  -0.68667540489872  c
 3.79083499242180 -4.80819283313148  -1.65715664605002  c
 1.50196503151314 -3.49567825938289  -1.39107635713938  c
-0.43111304587579 -4.68295205941016  -2.58070247218494  o
 8.32139771254447 -0.73503933324627   1.44246334613229  o
-4.93557448570615 -2.74857813105453  -2.48156516838159  o
-7.74274083479968 -0.99856410564424   0.48170899173314  c
-4.67089042604557  3.11970656164463   0.89158111231328  c
 2.83952969194859  6.27560877781442  -2.45520701138095  c
 0.29914593619701  5.50092558675076   2.40030750566865  c
-4.81589636517670 -0.74582541470427   4.99417261139025  h
-2.73665482677616 -3.17676011873522   5.85509755640664  h
-5.41218265441521 -4.70130693014940   2.45129217877246  h
-2.30485614385349 -4.36914792697265   1.32623090157534  h
 0.77516422595115 -1.15449586051993   4.43376331915235  h
-1.08494306788663  1.52213135308713   5.01855370271439  h
-1.69376638171016  0.03206061326511  -3.99952770853514  h
-4.51709531514697  1.78063869513007  -4.06333899239078  h
-0.76200784986461  4.23197346757351  -5.40193396212340  h
-2.22745972281687  5.62515123644714  -2.78546299666560  h
 2.44793364619743  2.28716846926873  -2.83641744473387  h
 3.59273051100003  2.24801387118283   3.94942516317716  h
 5.14649622581412  3.48003870398798   1.26219186603734  h
 7.76505667788946 -5.02006068219861  -0.90435843239372  h
 3.69917756193913 -6.56040192226821  -2.69461376406329  h
-1.98213141883410 -3.67488457229257  -2.62931304683049  h
 8.03777973812343  0.86852761009509   2.25717531975289  h
-5.96573229902127 -4.24686942178518  -2.36343076323431  h
-8.05839413265903 -0.09128542315501   2.28910086333140  h
-8.57448190437963  0.13689374530751  -1.01379700633887  h
-8.73404583381092 -2.80625399706803   0.50888363079553  h
-5.03481989733963  2.81911662883440   2.88499793399465  h
-3.65808093180938  4.86968335208032   0.69569708365537  h
-6.45920458077235  3.36940244260047  -0.08005547602166  h
 1.77317189361192  7.93074677306379  -1.86920523835037  h
 4.64230298785856  6.28803092273573  -1.47285616724346  h
 3.22399193124724  6.45594479885957  -4.46684750918735  h
-0.75499369520119  5.03336256908654   4.09685013713102  h
 2.01955833140829  6.46167395808803   2.99549009752900  h
-0.78601892676627  6.86741154404369   1.32234547499509  h
$end