           1           2   1.00902205428119     
           2           3  0.981802052673392     
           3           4  0.944644390080426     
           4           5  0.968060669292727     
           1           6   1.00274326694756     
           5           6  0.972703682797923     
           4           7  0.987614565993717     
           7           8   1.00578086255966     
           8           9  0.997165993993285     
           5          10  0.946940967653080     
           9          10  0.973247321265028     
           5          11  0.969475882867495     
          10          12  0.979836262759404     
          11          13   1.34802910063347     
          12          13   1.01052439168466     
          13          14   1.39251422974177     
          11          15  0.101410936517140     
          14          15   1.33752513302950     
          13          16  0.102391768198157     
          15          16   1.49319304927382     
          11          17   1.37714253117362     
          16          17   1.32550445391158     
          17          18   1.08434567092729     
          14          19   1.04850557162028     
           3          20  0.951777380950919     
           3          21  0.994999879027310     
           4          22  0.998032873845824     
           9          23   1.00743531284521     
          10          24   1.00192086850696     
           1          25  0.973832476171082     
           1          26  0.977940821173318     
           2          27  0.974035318575896     
           2          28  0.964814771617956     
           6          29  0.976434398633667     
           6          30  0.965048448686112     
           7          31  0.969533294679233     
           7          32  0.974517274423640     
           8          33  0.974788801402165     
           8          34  0.970335324883799     
           9          35  0.962083539654071     
          12          36  0.960416190986026     
          12          37  0.959428193648613     
          15          38  0.967734974242900     
          16          39  0.967178933706598     
          18          40  0.791490969972134     
          19          41  0.888249572307383     
          20          42  0.889332985924486     
          21          43  0.980242428623132     
          21          44  0.981930361767850     
          21          45  0.980186923205844     
          22          46  0.980003898914194     
          22          47  0.964237421450432     
          22          48  0.979835110777327     
          23          49  0.984209541876303     
          23          50  0.980943338263540     
          23          51  0.985812079389262     
          24          52  0.973764498167152     
          24          53  0.981335140830879     
          24          54  0.972202801958736     
