   -0.00962977
   -0.02953916
   -0.06407375
   -0.05523016
   -0.03736065
    0.11571798
   -0.07678248
    0.01032928
   -0.49399164
    0.08135273
   -0.11235720
    0.01970872
   -0.11901814
    0.04697817
   -0.49069348
   -0.11810461
    0.04112210
    0.04112821
    0.03831244
    0.03799264
    0.03815561
    0.02932760
    0.05652664
    0.04882200
    0.32407280
    0.04566203
    0.01949677
    0.03764005
    0.03835631
    0.03144847
    0.03451541
    0.31843387
    0.06879785
    0.04244231
    0.04044105
