           1           2  0.958868875264572     
           2           3  0.987446678244170     
           3           4   1.00877879676466     
           4           5  0.980567385673373     
           1           6  0.960435042139882     
           5           6  0.965922980505167     
           1           7  0.980694952168089     
           5           8  0.994954540173985     
           7           8   1.00428645583145     
           6           9  0.989959517371586     
           1          10  0.981194083787795     
           8          11   1.93746930171443     
           2          12  0.996688017507353     
          12          13   1.91273834614086     
           2          14  0.957466282856312     
          10          15  0.995592499943219     
          12          16   1.02677340550984     
           3          17  0.975153354972104     
           3          18  0.976309917883419     
           4          19  0.966249540631818     
           4          20  0.975428143955457     
           5          21  0.965146594733262     
           6          22  0.961388666009228     
           7          23  0.963865414683223     
           7          24  0.958270666578104     
           9          25  0.848832127906128     
          10          26  0.969914501013795     
          10          27  0.964878581479519     
          11          28  0.974576330605483     
          11          29  0.974535063123583     
          13          30  0.974103707363401     
          13          31  0.962058462920784     
          15          32  0.861956978959013     
          16          33  0.959375623894488     
          16          34  0.972719820279620     
          16          35  0.983621639749763     
