    0.00167681
   -0.03385557
   -0.06214497
   -0.05863903
   -0.03414514
    0.11172992
   -0.06790578
    0.01584733
   -0.48766461
    0.08123710
   -0.11334976
    0.00949635
   -0.11022401
    0.04397935
   -0.48286539
   -0.11500294
    0.04159132
    0.04280356
    0.03713119
    0.04230839
    0.03432452
    0.02047600
    0.06066670
    0.05073597
    0.30866409
    0.05698905
    0.02108868
    0.03396374
    0.03299027
    0.03160443
    0.03286095
    0.31091678
    0.04662781
    0.04505064
    0.05103622
