$coord
 0.15501032789198 -1.19668246757768   0.19775542891716  c
-1.83564957776678  0.78481929409396   1.22843152083568  c
-0.63353005858486  3.47378987335781   1.44074360364306  c
 1.09856739657889  4.22946813105271  -0.78495067032063  c
 2.84682038169480  2.01110889438736  -1.56237171472353  c
 1.19541753725689 -0.25243820248553  -2.38339174249794  c
 2.58449702306202 -1.11555089025535   1.88460409979357  c
 4.23141612576967  0.96023316099634   0.73582700207508  c
 2.68720185034504 -2.23623937492852  -3.48421943424150  o
-0.94671190840147 -3.89030520548055   0.03678034589839  c
 6.48549589347260  1.72844465342125   1.58202346742930  c
-4.40379113403888  0.76452213498138  -0.12787579202705  c
-4.91348838096242  1.99984398141474  -2.28684527916479  c
-2.23427032383928  0.20727160638987   3.19447916976492  h
-1.42785968364013 -5.02226359217906   2.45849666023710  o
-6.50244293401256 -0.66450552638236   1.21438227131084  c
-2.14385636931609  4.88251781955505   1.68507818622878  h
 0.49749605001445  3.53306694510333   3.18755003027942  h
-0.01539234044941  4.82789593959764  -2.44060364625689  h
 2.25618333854572  5.86900415557640  -0.22958510203837  h
 4.14395136168085  2.63346035909117  -3.07086465961185  h
-0.32152769155935  0.30955555789742  -3.69746137217858  h
 3.57282841442186 -2.94559360443497   1.79716073281886  h
 2.15203393435888 -0.76578234558131   3.88927679188589  h
 3.60038168142903 -1.51579191046827  -4.92272257511467  h
 0.44332406527290 -5.13383256728071  -0.87015658552283  h
-2.66070934529018 -3.90142393120451  -1.16018893559916  h
 7.35421317810237  0.91341020694373   3.26950747117757  h
 7.55539797761605  3.20952650104470   0.61872574692951  h
-6.80278842160879  1.94472214381624  -3.11775807464778  h
-3.52185956043626  3.12062661228289  -3.30837924570182  h
-2.67436804670757 -4.00003256372365   3.35992186637050  h
-6.80259577561547  0.10577270370867   3.12935257470832  h
-8.30012292515970 -0.53921863833095   0.18030797813351  h
-6.05997553971258 -2.68738054554427   1.44854379727569  h
$end
