           1           2  0.958697059528248     
           2           3  0.984658984430476     
           3           4   1.00869284548941     
           4           5  0.979326987302350     
           1           6  0.968383955567968     
           5           6  0.974604386042171     
           1           7  0.981526926364979     
           5           8  0.994030178827943     
           7           8   1.00894021539728     
           6           9  0.976159497136779     
           1          10  0.979424558787620     
           8          11   1.93563695265362     
           2          12  0.996968059484372     
          12          13   1.92942201766483     
           2          14  0.958980837848251     
          10          15  0.993736725729754     
          12          16   1.02356399698134     
           3          17  0.976268780575623     
           3          18  0.976887380834211     
           4          19  0.969608689754383     
           4          20  0.975526570633733     
           5          21  0.962165213716023     
           6          22  0.956012366466950     
           7          23  0.956327564306859     
           7          24  0.964565851092642     
           9          25  0.886704894128671     
          10          26  0.967900042946520     
          10          27  0.965428284959999     
          11          28  0.975169336195844     
          11          29  0.974991673304311     
          13          30  0.974160066750541     
          13          31  0.966753877819182     
          15          32  0.877962699829425     
          16          33  0.971947453360741     
          16          34  0.983610803523699     
          16          35  0.964140727503250     
