   -0.01116738
   -0.02812059
   -0.05867938
   -0.05551015
   -0.03032252
    0.12365498
   -0.07574647
    0.01070717
   -0.47858900
    0.08083801
   -0.11230236
    0.00613367
   -0.11044178
    0.04215725
   -0.48831281
   -0.11466335
    0.03838913
    0.03803961
    0.05092598
    0.03562396
    0.03926571
    0.00429278
    0.05353475
    0.04666157
    0.31918529
    0.02305511
    0.04181807
    0.03723872
    0.03834051
    0.02866265
    0.05415769
    0.31653194
    0.04185910
    0.04431668
    0.04846545
