$coord
-0.13737624208714 -1.49229933352602  -0.53260396520696  c
 0.98510989473635  0.94841889782925  -1.71126538112526  c
-0.87070096672650  3.18651852952064  -1.45389144862435  c
-2.33584593417200  3.26786141283472   1.03049637192344  c
-3.40477011778116  0.65454003444604   1.66826105281871  c
-1.18791438638126 -1.13360872502518   2.17100466466692  c
-2.61163130768653 -2.10805507683825  -1.93917527495327  c
-4.59236604940548 -0.52479306156890  -0.63164876521571  c
 0.47190827602689 -0.23565185099735   4.01912461046307  o
 1.74877919256636 -3.69325018706970  -0.61982272287334  c
-6.95012840546065 -0.21864346549147  -1.38625723445499  c
 3.64730300811009  1.65036772822143  -0.90688560736088  c
 4.24493082431856  2.77678152171284   1.24907426429630  c
 1.12625897049763  0.53942141808901  -3.74150036826642  h
 3.70168715886285 -3.48505507855301   1.17808992891187  o
 5.63803940427161  1.15810849908685  -2.88058523073964  c
 0.17574050870833  4.94798379088330  -1.69751324298842  h
-2.24313192039601  3.06248778485402  -2.99103014979804  h
-1.12979682938922  3.86157631205007   2.58846220619692  h
-3.87679023479214  4.62749792512715   0.85139388056709  h
-4.69339611839184  0.78504919207314   3.27142090247641  h
-1.94457596028584 -2.98390906724948   2.77736324083036  h
-2.50613209348319 -1.71427965473311  -3.95890645847642  h
-3.07400958922704 -4.11059332042267  -1.72277723212181  h
 1.87967600804392 -1.40136614587216   4.07295573947926  h
 2.52986211670943 -3.88987772601504  -2.53655256620086  h
 0.77497813498197 -5.45588114583498  -0.15006656786950  h
-7.65977614525000 -1.10075188642855  -3.07803877218695  h
-8.26573603190877  0.92673011462283  -0.33997205940184  h
 6.17189092376981  3.29425257692570   1.66480267750870  h
 2.87669018242985  3.18995806596193   2.68754253022224  h
 4.62725595212186 -1.94329362558526   0.83710051031703  h
 7.51656346777274  1.57861215686581  -2.16028909078040  h
 5.60154440749057 -0.79647535249366  -3.52771800685904  h
 5.29398708223476  2.35475052529627  -4.52290108047105  h
$end