           1           2  0.961883415141693     
           2           3  0.982480470129972     
           3           4   1.00997122770984     
           4           5  0.978942472508199     
           1           6  0.956749981571145     
           5           6  0.975301586389808     
           1           7  0.980597089352562     
           5           8  0.995881272875560     
           7           8   1.00390128226826     
           6           9  0.995550773377522     
           1          10  0.979258760897448     
           8          11   1.93732500866435     
           2          12  0.995095211644104     
          12          13   1.91655636411758     
           2          14  0.962966539043344     
          10          15  0.993370106842676     
          12          16   1.02033426475819     
           3          17  0.976391489981423     
           3          18  0.976606228706425     
           4          19  0.968942022209329     
           4          20  0.975941792005382     
           5          21  0.964487732222215     
           6          22  0.957353015396073     
           7          23  0.965508777837917     
           7          24  0.958829863402554     
           9          25  0.865322000225276     
          10          26  0.966138668562728     
          10          27  0.969767576834199     
          11          28  0.974618582605563     
          11          29  0.974538341939310     
          13          30  0.974407545230486     
          13          31  0.966703192005646     
          15          32  0.860663638134081     
          16          33  0.984400694005893     
          16          34  0.971242454578835     
          16          35  0.968800458227105     
