$coord
 0.22243087159965 -1.28283762397950  -0.48473124792209  c
 1.16363236073671  1.22086519992428  -1.69897303393260  c
-0.95973124269086  3.21912684362047  -1.61311783007286  c
-2.44319006739361  3.32794973326662   0.86642311527266  c
-3.16804810845389  0.66270515023878   1.73183329746886  c
-0.75191767517013 -0.87380455351535   2.23515179291725  c
-2.22631109190884 -2.12193217273719  -1.81324637258117  c
-4.31541304454263 -0.75345813096370  -0.45092988981494  c
 0.96682948600947  0.13080231688807   3.96855645775272  o
 2.23240371066677 -3.36657037071645  -0.53757885442539  c
-6.73105248427118 -0.76802735228417  -1.07421917542570  c
 3.68338816165596  2.22586003185714  -0.76970880451238  c
 3.94918364238333  4.19247261912705   0.76478820485786  c
 1.47250500756339  0.78055815192235  -3.70529904418493  h
 1.10705156984798 -5.69879790492452   0.11872152113364  o
 6.02598761417293  1.01866371213812  -1.84616804994884  c
-0.15591979649980  5.07125436241341  -2.03864941884800  h
-2.30371489761721  2.78450014511091  -3.11603507908486  h
-1.37438864398404  4.25372753722709   2.36813583603373  h
-4.15680506160675  4.43762688953818   0.56159564718165  h
-4.40612585800491  0.75987804423944   3.37830859748577  h
-1.27374989986169 -2.72102618473859   3.01225694145405  h
-2.21270480188950 -1.73420810608620  -3.83718978473975  h
-2.45101918874741 -4.15628982683379  -1.56036541795622  h
 1.69667856702148  1.64284864440646   3.25419217773889  h
 3.71167138984156 -2.88756538582856   0.83123135507494  h
 3.07445487692132 -3.50511313261502  -2.43298237119830  h
-7.41548007865197 -1.80006922916040  -2.68950285935034  h
-8.12321882447931  0.24412078429538   0.01084719614575  h
 5.80127962353697  4.87230653155973   1.26950875917243  h
 2.40213885116210  5.23966125239866   1.56437430469061  h
 2.42266731285879 -6.89959109081299   0.47756553703443  h
 6.77568881331887 -0.40671157555614  -0.56632517454892  h
 5.65089894898138  0.12118834542932  -3.65460768322092  h
 7.49094386185125  2.43566488335373  -2.11363609533348  h
$end