   -0.07016925
   -0.06610075
   -0.05311095
   -0.03631510
   -0.06585236
    0.07187686
   -0.02385379
   -0.04621922
   -0.20126101
    0.05211442
   -0.00825511
    0.01447117
   -0.06993585
    0.02337604
    0.00644662
   -0.03851324
   -0.03887663
   -0.02065584
    0.28834927
   -0.02184846
   -0.05301058
   -0.72538082
    0.05152679
    0.36218468
   -0.46128193
   -0.26533177
    0.02744881
    0.04898204
    0.05060516
    0.05235640
    0.04016187
    0.02747894
    0.03092814
    0.02846482
    0.03116928
    0.17009604
    0.04003792
    0.08532063
    0.05124648
    0.05290146
    0.05557677
    0.05855763
    0.07545865
    0.07065094
    0.05309813
    0.05999201
    0.05489440
    0.08835952
    0.06996337
    0.07187739
