$coord
-0.82912771365283 -1.06458947974484  -5.13671933464103  c
 1.30847570235181  0.82377284473017  -4.65226896238215  c
-4.63364291726671  6.25388840670197   1.05092607369822  c
-6.66720029956123  5.42201750197679  -0.36957100373311  c
-6.59544782735645  3.05153033509413  -1.44142113666280  c
-4.51051927591128  1.46848318111832  -1.10214650128557  c
-2.47559063275109  2.26289829428569   0.38800400557695  c
-2.58497670764783  4.67408718143467   1.42141155445386  c
-4.50918577876558 -0.89075689465764  -2.17321036339405  n
-2.15727705271855 -2.11397300307706  -2.73983388809263  c
-0.39138801657345 -2.07771445789952  -0.40754415090352  c
-0.24127132730895  0.55466661901100   0.92302886585303  c
 2.27563228918216 -2.57707851453648  -1.45018381919429  c
 2.99447969744143  0.07986750855444  -2.38572435253129  c
 2.23925691848993  1.63454179594177  -0.10566314548808  c
 5.74483337982556  0.56382131086530  -2.87844871583083  c
 7.18423963228983  1.93429312801287  -1.35030164072126  c
 6.32293052333761  2.97134470210688   1.15884096279123  c
 4.17843761827998  1.37737430260301   1.98450069433335  n
 2.63647585302013  2.16999974572998   4.18199777291630  c
 0.30318646828510  0.49024663944151   3.81271271479262  c
 5.08408310742193 -0.90980398152527   2.48104109214700  o
 2.10426065436595  3.65127939609048  -0.52540818594205  h
-1.39233229576749 -4.12187149336674   1.33585079940419  c
-3.01950334459213 -3.83920292094161   2.89786778791632  o
-0.33147970521616 -6.35662610005646   0.82539170374890  o
-1.16832388722338 -8.42703105440593   2.31456732282413  c
-0.07339824734860 -2.65803549498875  -6.20389479800801  h
-2.25630411311227 -0.16485705514330  -6.32736622512648  h
 2.45643978820287  0.95377293999674  -6.36296702504783  h
 0.50882004547983  2.69611230497550  -4.31228277973417  h
-4.64601324325205  8.11637232064856   1.88272334600081  h
-8.29099219606422  6.62475337677791  -0.65340781316379  h
-8.16234124525361  2.37984975903535  -2.56805159670313  h
-1.04329905231745  5.35975748295918   2.56506535453673  h
-5.93408608625485 -1.23353171043313  -3.39322565237936  h
-2.61040308586046 -4.10302295000757  -3.12650034589593  h
 3.56958038878579 -3.08855562663152   0.07399560546159  h
 2.30127461565880 -4.02015416084623  -2.90851379002375  h
 6.52520052068780 -0.22639738746178  -4.59141674586430  h
 9.14652413408323  2.27031979869066  -1.79963090567382  h
 5.79089759972864  4.96931122330563   1.03829884473736  h
 7.82919903817180  2.74114775892074   2.55071282905593  h
 3.66463410195744  1.71010508399300   5.90418773088167  h
 2.22423666489674  4.18912895038183   4.11247133591532  h
-1.31550136431350  1.11049574688972   4.91461653159101  h
 0.82589692561902 -1.41151937411341   4.39483994512057  h
-0.28741323914428 -10.10242830361378   1.51743869900088  h
-0.58566802982238 -8.17300016439500   4.27696639398819  h
-3.22567845417756 -8.57566269993809   2.24698836424667  h
$end