           1           2   1.00843743628211     
           3           4   1.41395849961593     
           4           5   1.47104965690240     
           5           6   1.33588865635460     
           6           7   1.32362915588106     
           3           8   1.43886454184550     
           5           8  0.101236728182448     
           7           8   1.42248478972307     
           6           9   1.15510023332690     
           1          10  0.967555551142146     
           9          10   1.00593650094761     
          10          11  0.939517889276392     
           7          12  0.990316602166830     
          11          12  0.954264652771399     
          11          13  0.976481502198455     
           2          14  0.965571569568641     
          13          14  0.966224385626099     
          12          15  0.964243582921156     
          14          15  0.979406774359978     
          14          16   1.00391610269035     
          16          17   1.92988678287881     
          17          18   1.01469403462493     
          15          19  0.900940819779405     
          18          19  0.943408696553831     
          19          20  0.942445361294596     
          12          21  0.965726510120966     
          20          21   1.00448456700253     
          19          22   1.01961778605460     
          15          23  0.958322633656202     
          11          24  0.953755861009469     
          24          25   1.70995067907951     
          24          26   1.15467513947486     
          25          26  0.170203355730039     
          26          27  0.941419979417218     
           1          28  0.978486770284919     
           1          29  0.973045945692448     
           2          30  0.974401295035837     
           2          31  0.975990684906672     
           3          32  0.971600683149148     
           4          33  0.970931405803209     
           5          34  0.967157760909231     
           8          35  0.960491060673164     
           9          36  0.938888176252830     
          10          37  0.962889819525147     
          13          38  0.951938390466378     
          13          39  0.973123035442567     
          16          40  0.963301877742191     
          17          41  0.964438223191847     
          18          42  0.955238741198773     
          18          43  0.964330305398867     
          20          44  0.972577450919690     
          20          45  0.964039379518208     
          21          46  0.974286903105155     
          21          47  0.973046978136125     
          27          48  0.979103384216212     
          27          49  0.976350945933737     
          27          50  0.976759312019628     
