   -0.00072707
   -0.02712660
   -0.05979176
   -0.05508349
   -0.03119696
    0.12282692
   -0.07631344
    0.01121591
   -0.48371646
    0.08529524
   -0.11262494
    0.01666361
   -0.10874204
    0.04110747
   -0.47676015
   -0.10997892
    0.03931138
    0.03745491
    0.05008031
    0.03555151
    0.03952701
    0.00395372
    0.05497929
    0.04627760
    0.32475500
    0.02721040
    0.02248874
    0.03720219
    0.03858838
    0.02542577
    0.04582026
    0.31010795
    0.04335087
    0.04251795
    0.04034943
