           1           2  0.961526051111707     
           2           3  0.984637640818771     
           3           4   1.00974852854648     
           4           5  0.978805789405658     
           1           6  0.962593507792817     
           5           6  0.973577317443114     
           1           7  0.979548280329653     
           5           8  0.996441004939997     
           7           8   1.00428174453093     
           6           9  0.994359792626143     
           1          10  0.986236501921706     
           8          11   1.93681348240205     
           2          12  0.995314275624462     
          12          13   1.93257860746635     
           2          14  0.962436150419859     
          10          15  0.983159443987449     
          12          16   1.02202435304935     
           3          17  0.976347231941766     
           3          18  0.977073387945292     
           4          19  0.968373672064828     
           4          20  0.976059810282970     
           5          21  0.964659475806146     
           6          22  0.956315631509117     
           7          23  0.965113155606312     
           7          24  0.959310801069651     
           9          25  0.860259653031034     
          10          26  0.967772350144098     
          10          27  0.968238485974516     
          11          28  0.974653807672951     
          11          29  0.974571379444907     
          13          30  0.974742303296812     
          13          31  0.967932324633327     
          15          32  0.887807300067145     
          16          33  0.972426194496299     
          16          34  0.970508387493521     
          16          35  0.984743909254515     
