   -0.06969268
   -0.06387837
   -0.04980875
   -0.03699510
   -0.06665304
    0.06671715
   -0.02213092
   -0.04225419
   -0.21470936
    0.05178526
   -0.01089390
    0.01652970
   -0.06359829
    0.01292857
    0.00759211
   -0.04633749
   -0.05277252
   -0.02536642
    0.29310229
   -0.02344132
   -0.05841567
   -0.73620456
    0.06834918
    0.36193696
   -0.46889939
   -0.25172871
    0.02577181
    0.04883599
    0.04381815
    0.05380319
    0.04675583
    0.02545168
    0.02925168
    0.02767727
    0.05890623
    0.16781552
    0.04354604
    0.06050111
    0.04829488
    0.05635024
    0.05962737
    0.07189768
    0.08402585
    0.05754562
    0.07083660
    0.06782330
    0.04153411
    0.07158576
    0.08969357
    0.07348999
