           1           2   1.00605611844699     
           3           4   1.42174810861248     
           4           5   1.46194667901730     
           5           6   1.35016057994699     
           4           7  0.100631953801456     
           6           7   1.32745862878726     
           3           8   1.43625668997714     
           5           8  0.103214464508980     
           7           8   1.42544065420249     
           6           9   1.13188121742260     
           1          10  0.974791119409356     
           9          10   1.00278436285825     
          10          11  0.942201978807936     
           7          12  0.990939018475561     
          11          12  0.956365543083649     
          11          13  0.983415736777704     
           2          14  0.970127904794895     
          13          14  0.966223494964893     
          12          15  0.957028827251576     
          14          15  0.965896065821458     
          14          16   1.00857545168352     
          16          17   1.92022936569504     
          17          18   1.02390169008620     
          15          19  0.922094527665718     
          18          19  0.938794573634799     
          19          20  0.942116085008013     
          12          21  0.969321644904144     
          20          21   1.00811871491953     
          19          22   1.01407424646121     
          15          23  0.962328676598568     
          11          24  0.947917670277591     
          24          25   1.69825317244079     
          24          26   1.17303851663568     
          25          26  0.174129080733891     
          26          27  0.939935791923250     
           1          28  0.974607242936987     
           1          29  0.972147374652964     
           2          30  0.974538023245768     
           2          31  0.974962259512844     
           3          32  0.971493693658014     
           4          33  0.970986814317797     
           5          34  0.967369359235817     
           8          35  0.954738130134025     
           9          36  0.940174261352360     
          10          37  0.964485502013339     
          13          38  0.971927712575906     
          13          39  0.969446199835938     
          16          40  0.962339346685031     
          17          41  0.961984735913104     
          18          42  0.963419341124291     
          18          43  0.948796866324939     
          20          44  0.967621341749074     
          20          45  0.972614981859787     
          21          46  0.971599179193943     
          21          47  0.972100132471643     
          27          48  0.976156693539516     
          27          49  0.979113142160403     
          27          50  0.975817735175035     
