   -0.00766302
   -0.03299882
   -0.06040300
   -0.05790932
   -0.03615784
    0.10619339
   -0.06884102
    0.00879407
   -0.48694149
    0.08167637
   -0.11259456
    0.01198045
   -0.11485282
    0.04602950
   -0.48180551
   -0.11201857
    0.04072315
    0.04142007
    0.03890056
    0.04134446
    0.04157501
    0.04812063
    0.04949609
    0.05246859
    0.30907365
    0.04962015
    0.02177507
    0.03373999
    0.03446291
    0.03223942
    0.02473567
    0.31014784
    0.05391111
    0.04803616
    0.04572164
