$coord
 0.18571971150377 -1.19735954350296   0.18285544019835  c
-1.73566600333583  0.71271176742945   1.29182141542807  c
-0.64887622213597  3.42253256486027   1.35077545269756  c
 1.04457648242284  4.14131754904055  -0.87746648086394  c
 2.84364746621412  1.97281768611731  -1.53692089682068  c
 1.24231916727413 -0.28662884123063  -2.38019182100694  c
 2.57753153083266 -1.15332714692545   1.84739420384760  c
 4.13563363269013  0.99214118354656   0.80685804885552  c
 2.65352775098182 -2.13837624501495  -3.66264396202177  o
-0.97406324801361 -3.85065835095215  -0.02333614590916  c
 6.26926410171669  1.86033968045142   1.76582405640050  c
-4.36766077033753  0.58938501906594   0.17515896854788  c
-6.27333938435645 -0.21609776270451   1.59204315645666  c
-1.97180869519851  0.16406766381733   3.27866726876483  h
-1.73972817467778 -4.86769363430947   2.30678674777860  o
-4.84878549673618  1.43962974168039  -2.48333705723299  c
-2.21038400636914  4.76344256625960   1.50270763832249  h
 0.47906809966178  3.60844341951601   3.06850790105662  h
-0.06931296654586  4.60608053096982  -2.55013171332796  h
 2.13144610851992  5.81969311320267  -0.36684209823438  h
 4.18004978369981  2.56769715589158  -2.99355843989259  h
-0.22498479847471  0.24983356810209  -3.71851714987611  h
 3.59509554878844 -2.94478446516431   1.68739119107085  h
 2.14281506296220 -0.89926178358568   3.84451766852199  h
 4.10571818833462 -2.56118148490183  -2.64677840609700  h
 0.43933428029836 -5.15858158582406  -0.76939108939425  h
-2.56096687569775 -3.80080794513705  -1.36006919097811  h
 7.07929616102869  1.07859435079856   3.46152714547321  h
 7.28880050166277  3.39174080158806   0.89633800348177  h
-8.17887453584812 -0.29900038854597   0.88137585084112  h
-6.03568099626984 -0.80292873697648   3.52929979795496  h
-3.19759746637163 -3.93958540761889   2.88018182976980  h
-3.92389371845963  3.23283051765212  -2.86588426678439  h
-4.15509040046545  0.05184712615508  -3.83615147604293  h
-6.86782179016848  1.66697668439487  -2.79535211848431  h
$end