           1           2  0.961662782566989     
           2           3  0.980229632856231     
           3           4   1.00869687442524     
           4           5  0.978477986628266     
           1           6  0.959052915279945     
           5           6  0.973356026814075     
           1           7  0.982051800815516     
           5           8  0.994802005088682     
           7           8   1.00676843611233     
           6           9  0.983852945910377     
           1          10  0.977817437814361     
           8          11   1.93522530667768     
           2          12  0.998631034446780     
          12          13   1.92174917043622     
           2          14  0.958765487281023     
          10          15  0.994245096801410     
          12          16   1.02711324514370     
           3          17  0.975790726480579     
           3          18  0.977175818555338     
           4          19  0.970667659086204     
           4          20  0.975541005936399     
           5          21  0.962822229877762     
           6          22  0.956044056569536     
           7          23  0.956284901551183     
           7          24  0.963344446905018     
           9          25  0.884207043410979     
          10          26  0.968875539142465     
          10          27  0.967948061815125     
          11          28  0.975123695115366     
          11          29  0.974902208719239     
          13          30  0.975275229895649     
          13          31  0.972498624799878     
          15          32  0.881322838439603     
          16          33  0.968805313466692     
          16          34  0.961336886646593     
          16          35  0.981994031273659     
