$coord
         -2.202125055979         -2.798799645488         -0.188836385358     c 
         -4.466324173304         -1.554804740076          1.179467449542     c 
         -5.670407579873          0.685661344767         -0.238062555054     c 
         -4.546821928819          3.261061386144          0.458994734407     c 
         -1.821672158211          3.729566109684         -0.432905872017     c 
         -0.013059372016          1.648330881058          0.495473755066     c 
         -0.189029170491         -0.814529143199         -1.069355780693     c 
         -0.721940404810         -4.620440333147          1.623873914589     c 
          2.087317114684         -3.819277905835          1.617680546416     c 
          2.455686133035         -2.017034987082         -0.656422075832     c 
          2.600190210931          2.437834665102          0.490973483456     o 
          4.235907805070          0.331061599872         -0.255168862305     c 
         -0.482223383712         -0.339007214876         -3.065826845417     h 
          3.050907446778         -3.086577272025         -2.333067843641     h 
         -0.431118514239          1.235594880271          2.485936104677     h 
         -0.894692622847          6.316121457698          0.438572923387     c 
          5.510387383992          1.013742598107         -2.763275375046     c 
          6.246402120151         -0.093931681207          1.782396953542     c 
         -3.145681278331         -4.296858377075         -2.492583024811     c 
         -5.876211877851         -3.034739982569          1.520667328199     h 
         -3.882776239668         -0.935337921528          3.064735625843     h 
         -5.524715242867          0.397033539785         -2.282277490896     h 
         -7.710991149923          0.720743660662          0.149424115292     h 
         -4.606952443498          3.483285663506          2.517076526508     h 
         -5.751052485514          4.780051895109         -0.278558382104     h 
         -1.787468244763          3.684163092933         -2.513254411182     h 
         -0.931799965668         -6.571640478067          0.968868036408     h 
         -1.527767120984         -4.566281110773          3.529149340635     h 
          2.531571221710         -2.826696697036          3.374372815846     h 
          3.367314446013         -5.446382371926          1.522374452765     h 
          1.036116151135          6.659965169727         -0.195434609552     h 
         -2.088826515335          7.838476498237         -0.274206967231     h 
         -0.891905726260          6.427468159935          2.495670642212     h 
          6.634284585092          2.724484750746         -2.554497105548     h 
          4.095152648093          1.364534395926         -4.215083961076     h 
          6.745389828542         -0.502337493278         -3.407493859793     h 
          7.351215221530         -1.786851859410          1.392778706152     h 
          7.530760813115          1.512248012342          1.860546841351     h 
          5.390273995711         -0.272945992215          3.642740421438     h 
         -4.492417650374         -5.748359461040         -1.926251340226     h 
         -4.073941427303         -3.073098230427         -3.862033287848     h 
         -1.577005641929         -5.227028683335         -3.449913184652     h 
$end
