           2           1  0.993279535791703     
           3           2   1.00700652325772     
           4           2  3.987552273162962E-003
           4           3   1.00981632959126     
           5           3  2.427760559122907E-003
           5           4  0.999021214355626     
           6           2  4.508938826920285E-003
           6           4  3.578022986616615E-003
           6           5  0.990585702514664     
           7           1  0.981848245651000     
           7           3  3.296477613963723E-003
           7           5  3.840358751009322E-003
           7           6  0.979001104078662     
           8           1  0.989656892857636     
           8           2  3.781139090548005E-003
           8           3  1.024375767620369E-002
           8           7  6.005981557099162E-003
           9           1  4.611736902207619E-003
           9           2  9.051322235693889E-003
           9           7  3.374750354908356E-003
           9           8   1.00884479652340     
          10           1  4.319063635550407E-003
          10           2  8.994357604059700E-003
          10           5  7.810306601836230E-003
          10           6  4.563800375708292E-003
          10           7  0.977883334771674     
          10           8  4.493399943647614E-003
          10           9  0.996347029569428     
          11           1  9.659143649897053E-003
          11           4  1.078679265745892E-002
          11           5  5.696032731069087E-003
          11           6  0.961998773417070     
          11           7  2.045491309858772E-002
          11           9  5.548924602239358E-003
          11          10  1.803067487877843E-002
          12           1  4.371048360343559E-003
          12           5  1.183352826537351E-002
          12           6  6.618305462825828E-003
          12           7  4.157184298892579E-003
          12           9  2.198019857529401E-003
          12          10  0.969437193748166     
          12          11  0.953129774906863     
          13           7  0.971109168430136     
          13           8  6.903796302126355E-003
          13           9  5.023321457920030E-003
          14           6  4.561966152906298E-003
          14           8  5.303893318714725E-003
          14          10  0.978381779111787     
          15           6  0.962515763515841     
          15          11  1.993333079589095E-002
          15          13  7.085709934493998E-003
          16           3  1.180065859804042E-002
          16           4  3.562529149255382E-003
          16           5   1.00994359858008     
          16           6  2.318027159039849E-003
          16           7  1.086295289508509E-002
          16          11  3.275196042044778E-003
          17           6  9.487897098309417E-003
          17           7  3.963005457826354E-003
          17           9  3.179302873983738E-003
          17          10  3.466583899275125E-003
          17          11  9.009545181920556E-003
          17          12   1.00390720816185     
          18           6  2.694716715335947E-003
          18           8  2.031008163499051E-003
          18           9  7.496053856891087E-003
          18          10  2.792817303956197E-003
          18          11  2.055442736871755E-002
          18          12  0.998842226123014     
          18          14  4.357800580088457E-003
          18          17  4.153236563138841E-003
          19           1   1.00640525181477     
          19           2  2.996199673400624E-003
          19           3  3.908580126853032E-003
          19           6  9.246473066069096E-003
          19           7  2.428781680499446E-003
          19           8  2.533927910984463E-003
          19           9  2.590571388374858E-003
          20           2  0.975371084973668     
          20           4  8.712721928609314E-003
          20           7  8.723180494588723E-003
          21           2  0.970808169979038     
          21          19  8.026310672373161E-003
          21          20  2.933312345886369E-003
          22           3  0.972578793674557     
          22          21  7.667224666060917E-003
          23           1  8.745345255938239E-003
          23           3  0.979181618310174     
          23           5  1.058592767500659E-002
          23          22  2.388225850872499E-003
          24           4  0.972802317984079     
          24          22  9.128857971181601E-003
          25           2  1.061826566207373E-002
          25           4  0.976327556003246     
          25           6  9.563343757373837E-003
          25          24  2.377866038066123E-003
          26           5  0.970874781884727     
          26          15  8.085178837364503E-003
          26          24  8.755434786659104E-003
          27           7  7.984242750226824E-003
          27           8  0.976576586649448     
          27          10  8.911186410676928E-003
          28           8  0.973302319112036     
          28          19  8.472539176132063E-003
          28          27  2.231399260485791E-003
          29           1  8.538201120244641E-003
          29           7  5.784595770811658E-003
          29           9  0.973330462608526     
          30           9  0.977694202704001     
          30          12  6.540671978979468E-003
          30          28  8.819487550070811E-003
          30          29  2.614742350985358E-003
          31           4  1.024770163407279E-002
          31          11  1.082028400651367E-002
          31          16  0.980042512841201     
          32           6  1.002188635377017E-002
          32          16  0.982726672102655     
          33          16  0.980277162510048     
          33          26  9.706935402191084E-003
          34          11  5.441809445975943E-003
          34          17  0.979041623151658     
          34          18  9.110084888359318E-003
          35          11  9.662983165307995E-003
          35          17  0.979438542189652     
          36          10  1.012372152917503E-002
          36          17  0.978294829745964     
          37          11  1.044990076407457E-002
          37          18  0.977392721136861     
          38          10  9.757413574939006E-003
          38          11  6.599003860345416E-003
          38          18  0.976979806948879     
          39          17  9.600726098611494E-003
          39          18  0.978331814626399     
          40           8  9.858515671575890E-003
          40          19  0.978142025282676     
          41           2  9.833962964239605E-003
          41          19  0.979399498999263     
          42           7  9.179159694858472E-003
          42          19  0.979209660384252     
