   -0.00999907
   -0.02969421
   -0.05815210
   -0.05771645
   -0.02932163
    0.12170697
   -0.07098220
    0.00955160
   -0.47048439
    0.07714659
   -0.11237119
    0.01346290
   -0.11763096
    0.03897521
   -0.48053472
   -0.11854778
    0.04025040
    0.03708419
    0.05627173
    0.03511397
    0.03887255
    0.01361798
    0.05191146
    0.04310213
    0.31099576
    0.04920889
    0.02541823
    0.03616158
    0.03780755
    0.03027082
    0.02153853
    0.30619207
    0.07287152
    0.03820215
    0.04969994
