           1           2  0.956923028673001     
           2           3  0.989281485200003     
           3           4   1.00971586116901     
           4           5  0.978534349685816     
           1           6  0.959083870574351     
           5           6  0.975772949544750     
           1           7  0.981762088107471     
           5           8  0.995324309224461     
           7           8   1.00374199558180     
           6           9  0.985913349257866     
           1          10  0.977284412960835     
           8          11   1.93740558922068     
           2          12  0.996508767220778     
          12          13   1.92126686940781     
           2          14  0.959983664162917     
          10          15  0.991683997976401     
          12          16   1.03033625900256     
           3          17  0.973317480203779     
           3          18  0.975612029086059     
           4          19  0.969967839711843     
           4          20  0.976438501515717     
           5          21  0.964968737472482     
           6          22  0.958829946289933     
           7          23  0.964714261833581     
           7          24  0.954477398532890     
           9          25  0.885952325476376     
          10          26  0.966384702116942     
          10          27  0.969194596488768     
          11          28  0.974665578021720     
          11          29  0.974565368994187     
          13          30  0.975503252578709     
          13          31  0.975842085065249     
          15          32  0.884958245799782     
          16          33  0.957788535021840     
          16          34  0.983507245875222     
          16          35  0.963964356322237     
