$coord
-0.09539084654853 -0.91227323090648   0.19182458626946  c
-1.87882726930207  1.35924618595972   0.79413236573044  c
-1.18924904306291  3.74428882848399  -0.71953301412567  c
 1.65229624664479  4.25387454091211  -0.82056319725149  c
 3.17402388072117  1.80052379389817  -1.20655885897204  c
 1.44481457777060 -0.29736358997918  -2.20663138860715  c
 2.00753075109745 -1.06716173186106   2.20005335646628  c
 3.98295016168860  0.76849516683666   1.32564420227360  c
 2.82957522585711 -2.44544175411778  -3.00807790377932  o
-1.53319664857215 -3.43719485500345   0.00752301992552  c
 6.07195218579385  1.39184332327438   2.53895009707410  c
-4.66876892538876  0.80760606122645   0.44572933630562  c
-5.73303336921646  0.44074522049939  -1.78793809110200  c
-1.60024561021408  1.80790539824779   2.79349910085575  h
 0.04877226414819 -5.56077095718896   0.02803321685229  o
-6.19450400093701  0.78456234495500   2.83244835771038  c
-1.92322817872568  3.57443334229214  -2.63634407863795  h
-2.14508175656846  5.36062142643744   0.13617919601783  h
 2.03589680049893  5.57706626852537  -2.35628786096304  h
 2.27563863412659  5.14268000327226   0.93364405540907  h
 4.79324853745785  2.14857222717595  -2.44385605412337  h
 0.24616448587245  0.33025599681197  -3.77798721276895  h
 2.78304933849165 -2.98085150700808   2.22430221703939  h
 1.32795902663735 -0.65254998162674   4.09994682075034  h
 4.14255344353263 -1.89889194364161  -4.14226677037864  h
-2.70749078722793 -3.43411841299655  -1.70376671202162  h
-2.77626469220000 -3.64601265057725   1.64364491017812  h
 6.52367246357631  0.60851174560654   4.36136132559051  h
 7.41267740977263  2.71122144769515   1.76101228796327  h
-7.72696673525100  0.08031714280777  -1.97133205543604  h
-4.67702720713613  0.45813839071612  -3.52634689868324  h
 1.29854704481694 -5.30040757924690  -1.28183927958872  h
-6.09712561830644  2.62630158400128   3.75050471086456  h
-8.16342695357289  0.34439457487078   2.45090266804554  h
-5.44701909243313 -0.60997230982664   4.14895862223583  h
$end