$coord
 0.06991053807756 -1.51375786224222  -0.06797485967978  c
 1.28918783946167  0.79436256751667  -1.53369134741796  c
-0.70862977230548  2.93127184041533  -1.90508910850624  c
-2.38904550596077  3.44652917174480   0.42777056733096  c
-3.38612566731435  0.94404521390936   1.59220124723681  c
-1.15803278316275 -0.70951044147156   2.48959773216486  c
-2.36547400627083 -2.37952207921477  -1.51343581054307  c
-4.50106181042299 -0.73287859805482  -0.46309133013081  c
 0.37747034657412  0.59528530440453   4.27659411658095  o
 1.91215371624388 -3.71976681467693   0.29205110292729  c
-6.91705429317614 -0.76894893601226  -1.20278797970064  c
 3.86163546122711  1.75724317573432  -0.56393863942367  c
 5.99842491748888  0.62929890491178  -1.35479191737359  c
 1.69095104316195  0.03342045595518  -3.42825323807658  h
 2.64384575434993 -4.68127442782656  -2.13682612656183  o
 4.03103831171672  4.07280811903097   1.12267234724623  c
 0.23025013385197  4.68525470512814  -2.51406167116957  h
-1.94428575436312  2.38905604974933  -3.49022289201395  h
-1.35505341819950  4.51259803859242   1.88230583897832  h
-4.01314894474231  4.62030345181864  -0.14203690118638  h
-4.74268850379000  1.35059835753335   3.11646249314894  h
-1.93720849233326 -2.43979735557836   3.38363016769756  h
-2.17048965309521 -2.21439475959578  -3.57715054327602  h
-2.75467720672855 -4.38860989320682  -1.11374217043108  h
 1.77882611634272 -0.50783267995963   4.76564458348973  h
 0.95159424460109 -5.20864919491959   1.41033829310628  h
 3.58534416351751 -3.09801866277757   1.37718555805700  h
-7.57414962461205 -2.01202178465557  -2.71584703538231  h
-8.33624627009675  0.44557470198185  -0.32222332209380  h
 7.85792097466040  1.29155111198183  -0.74736581353145  h
 5.96477944234563 -1.00051941986982  -2.61846478546258  h
 3.89666158882694 -6.01276756402944  -1.86535528580152  h
 2.96600886877484  3.81177388817665   2.88194739736185  h
 6.01239861548443  4.48776001663292   1.59702306564569  h
 3.25291304097914  5.75940153424009   0.17821221924122  h
$end
