    0.00157448
   -0.03374111
   -0.06354749
   -0.05779381
   -0.03404904
    0.11528265
   -0.07330289
    0.01669853
   -0.48869393
    0.08224303
   -0.11350670
    0.01861118
   -0.11207486
    0.04602089
   -0.47543152
   -0.11508750
    0.04229881
    0.04182156
    0.03679217
    0.04156872
    0.03336224
    0.02219965
    0.05403994
    0.05237251
    0.30511245
    0.04630062
    0.03093920
    0.03472003
    0.03438213
    0.02767501
    0.02832338
    0.30975767
    0.04115140
    0.06108969
    0.04289092
