$coord
 0.24640882765661 -1.08466516365144   0.78712006083488  c
-1.81863314488905  0.99003775561528   1.36742244919417  c
-0.66583866613252  3.69496985725377   1.06401165638375  c
 1.11888923172881  4.04253405205160  -1.22592244543410  c
 2.92927448888507  1.75627855887207  -1.53124296383825  c
 1.30141856575055 -0.63323666702888  -1.91122198964880  c
 2.61977154412425 -0.57246430079043   2.48257385349867  c
 4.28710059520092  1.21460808235709   0.94638664406752  c
 2.76970624858349 -2.81130530885804  -2.61312263876167  o
-0.69663855008858 -3.82472117832152   1.18543384654817  c
 6.53676522794226  2.13365538721802   1.64296591270244  c
-4.35983136777514  0.65529334911062   0.00613170470280  c
-4.92190787561640  1.67677326684477  -2.24990948577115  c
-2.24298456358323  0.76945758346576   3.40015524078553  h
-2.27549615675888 -4.76928216053207  -0.79473267313086  o
-6.37335406511245 -0.77526688899855   1.46549120490187  c
-2.20337223464867  5.09326358608530   0.98341060579065  h
 0.41370805589535  4.13174686477356   2.79012156560210  h
 0.04084528824126  4.27849332578175  -2.99232899166655  h
 2.22923951948059  5.78629339366481  -0.97576458600480  h
 4.23915689318020  2.10030229871662  -3.11582146505720  h
-0.21505359085062 -0.31685647815876  -3.30568089571974  h
 3.64139424828672 -2.34810901437788   2.86119027739513  h
 2.10567959914964  0.21915057011703   4.33856251814012  h
 3.59253088989742 -2.45049542305635  -4.23110628638168  h
-1.81682451484883 -3.93648227848447   2.93755062813198  h
 0.95574770192788 -5.07285216770892   1.44798316436768  h
 7.37784012596997  1.67948809358478   3.47452471720617  h
 7.62765404162706  3.37670234944674   0.40535960805823  h
-6.79735590919524  1.43993417341600  -3.08102842211920  h
-3.58828436198339  2.79109400318464  -3.35507924346140  h
-1.18560548839084 -4.95710345886869  -2.27745754964448  h
-8.19041914428076 -0.78031392195629   0.45236106382192  h
-5.82770833605528 -2.75453126125963   1.79662481022866  h
-6.67828345724972  0.09622174095374   3.33694111565292  h
$end
