           1           2  0.958825817364013     
           2           3  0.985863667531074     
           3           4   1.00843157285932     
           4           5  0.978009456902987     
           1           6  0.968836065737347     
           5           6  0.975564437586108     
           1           7  0.980640675894174     
           5           8  0.995201185980546     
           7           8   1.00847307018692     
           6           9  0.972543856193563     
           1          10  0.977374427544789     
           8          11   1.93544808112440     
           2          12  0.997586621224351     
          12          13   1.92678536556445     
           2          14  0.961966272315980     
          10          15  0.994632599400429     
          12          16   1.02531865828929     
           3          17  0.976117541695922     
           3          18  0.977232821253770     
           4          19  0.968996189852969     
           4          20  0.975740766567831     
           5          21  0.961959169164485     
           6          22  0.955290952447316     
           7          23  0.956838210197326     
           7          24  0.963946467006140     
           9          25  0.888760978319430     
          10          26  0.969682918671696     
          10          27  0.967290344401943     
          11          28  0.975135226114838     
          11          29  0.974897985699732     
          13          30  0.974616363134589     
          13          31  0.967074812171024     
          15          32  0.886934314008206     
          16          33  0.984151092276643     
          16          34  0.964074406159425     
          16          35  0.973320461290210     
