   -0.00929353
   -0.03377963
   -0.06252112
   -0.05897758
   -0.02979943
    0.11939627
   -0.07160265
    0.01870802
   -0.48422228
    0.08110061
   -0.11322252
    0.00788984
   -0.11217904
    0.04599766
   -0.48849438
   -0.11547421
    0.04117871
    0.04287668
    0.03694576
    0.04214875
    0.04520177
    0.01815055
    0.05319963
    0.04946977
    0.31436686
    0.02291750
    0.04710853
    0.03429815
    0.03461945
    0.03209813
    0.03582681
    0.31210216
    0.04860091
    0.05141959
    0.04394425
