           1           2  0.959046788591255     
           2           3  0.983944796407159     
           3           4   1.00843889428577     
           4           5  0.979416027275420     
           1           6  0.959434953150188     
           5           6  0.978427296409265     
           1           7  0.981772286892544     
           5           8  0.994961758733447     
           7           8   1.00647782577509     
           6           9  0.985452032536241     
           1          10  0.978018966197129     
           8          11   1.93694578978435     
           2          12  0.997782743101263     
          12          13   1.91573326948999     
           2          14  0.962979453981628     
          10          15  0.993542065818092     
          12          16   1.02265453671771     
           3          17  0.976363776080457     
           3          18  0.976752150110350     
           4          19  0.970266278733747     
           4          20  0.975586512983224     
           5          21  0.962656057944680     
           6          22  0.955748657637993     
           7          23  0.957299989038145     
           7          24  0.965681233430157     
           9          25  0.880394136203282     
          10          26  0.964119580519231     
          10          27  0.968085008938634     
          11          28  0.975109286073786     
          11          29  0.974926711421340     
          13          30  0.974065180048568     
          13          31  0.966650577384665     
          15          32  0.870744288654002     
          16          33  0.968989988761945     
          16          34  0.967529150563600     
          16          35  0.984066355788751     
