   -0.01082233
   -0.02558574
   -0.05914394
   -0.05774765
   -0.02826565
    0.11908312
   -0.07168586
    0.00967031
   -0.46717903
    0.07953139
   -0.11241333
    0.01258195
   -0.11525234
    0.04529329
   -0.47540611
   -0.11696730
    0.03968444
    0.03539633
    0.05582649
    0.03518319
    0.04043201
    0.00292674
    0.05212261
    0.04428239
    0.30877176
    0.01658450
    0.04627263
    0.03672160
    0.03813578
    0.02472303
    0.03487833
    0.31037341
    0.06818140
    0.03695273
    0.04685984
