           1           2  0.957693934550380     
           2           3  0.992154701336565     
           3           4   1.00935300882464     
           4           5  0.978122622531644     
           1           6  0.958358514366097     
           5           6  0.974556914974391     
           1           7  0.980222997617044     
           5           8  0.996124872026076     
           7           8   1.00304046403477     
           6           9  0.989569293342115     
           1          10  0.979902286541450     
           8          11   1.93756720136012     
           2          12  0.995197421229435     
          12          13   1.92427174788489     
           2          14  0.958031963305367     
          10          15  0.995764989157235     
          12          16   1.02841082847910     
           3          17  0.972646981741938     
           3          18  0.975517111035457     
           4          19  0.969181285060857     
           4          20  0.976473800098145     
           5          21  0.964777795616962     
           6          22  0.957357499742616     
           7          23  0.964202232179794     
           7          24  0.959133268135983     
           9          25  0.885683925977736     
          10          26  0.965613349409957     
          10          27  0.965042922737370     
          11          28  0.974648529997713     
          11          29  0.974481774522087     
          13          30  0.975582926143128     
          13          31  0.974014434115644     
          15          32  0.885628190969927     
          16          33  0.959318337446536     
          16          34  0.983585680540526     
          16          35  0.965605124776333     
