$coord
 0.02632156003928 -1.45029718303048  -0.10875689488367  c
 1.23553380947247  0.93819217578087  -1.46573984599493  c
-0.77759318019201  3.08207319751969  -1.73509769771188  c
-2.49156385132599  3.48110036318989   0.59841303151941  c
-3.45712255853968  0.92691721249947   1.64965050847521  c
-1.19553379494990 -0.74568717151464   2.48470544697004  c
-2.39777068867197 -2.25542792189999  -1.59688182721569  c
-4.55061260618342 -0.67656048592103  -0.47371037720713  c
 0.41239468693967  0.24603134831434   4.39865765990695  o
 1.85708923434687 -3.67014600119550   0.21928549077459  c
-6.96869315773233 -0.73024196385046  -1.20705342304289  c
 3.78335493642742  1.87366438332780  -0.41869525008287  c
 4.04477582151352  3.86086980285936   1.15053946012221  c
 1.66717366805147  0.28839423326064  -3.39912036024675  h
 2.70095383629769 -4.51561827714957  -2.21588939764563  o
 6.13246398257232  0.61573757439538  -1.48801382017521  c
 0.17196439343825  4.86072632306377  -2.24441096131748  h
-1.99942423755344  2.60980977894138  -3.35248548743466  h
-1.50348230769361  4.50693822357702   2.11827630760150  h
-4.11658796944607  4.66585368398361   0.05661564235372  h
-4.81606517139965  1.24975648914681   3.19163085366282  h
-1.97838605627406 -2.49874632109123   3.30913255500807  h
-2.20332135589597 -1.99327068234836  -3.65095695075617  h
-2.77106387067576 -4.28342222505377  -1.28853440364184  h
 1.69902043906754  1.33276102195442   3.63044418682691  h
 0.84402446695343 -5.20676303100997   1.21627489666559  h
 3.46368369567420 -3.11263628755224   1.43353603801829  h
-7.60962266965224 -1.93348302652086  -2.75938994891089  h
-8.40806803742207  0.41994464440809  -0.27426860940699  h
 5.91306751123272  4.48211985361305   1.77013718127052  h
 2.45990446807820  4.99044365468850   1.83038225444745  h
 3.79363797668630 -5.98480599058149  -1.96078088979786  h
 6.02844844570923 -1.45452109363565  -1.45900818672840  h
 6.33983122809033  1.15599965017176  -3.49405545058320  h
 7.84768378803819  1.22260558570694  -0.48452756936304  h
$end
