   -0.06971076
   -0.06604400
   -0.05295718
   -0.03620788
   -0.06579020
    0.07163691
   -0.02376926
   -0.04624091
   -0.19843196
    0.05173780
   -0.00835054
    0.01276846
   -0.06580443
    0.02298266
    0.00666055
   -0.03783629
   -0.03888658
   -0.02060955
    0.28858684
   -0.02156100
   -0.05478387
   -0.72579170
    0.05196969
    0.36159911
   -0.46378171
   -0.26139935
    0.02699226
    0.04801794
    0.05095406
    0.05210300
    0.04069593
    0.02754940
    0.03106426
    0.02916124
    0.03164193
    0.17007421
    0.03835297
    0.08431537
    0.04800833
    0.05239050
    0.05540199
    0.05875417
    0.07543837
    0.07104852
    0.05393684
    0.06064116
    0.05443233
    0.08873737
    0.07057455
    0.06972846
