           1           2   1.00844073621741     
           3           4   1.41413972953209     
           4           5   1.47091499579445     
           5           6   1.33642791080300     
           6           7   1.32343039405355     
           3           8   1.43887360684256     
           5           8  0.101337742200161     
           7           8   1.42259677932945     
           6           9   1.15469661965998     
           1          10  0.967791643810788     
           9          10   1.00599341710621     
          10          11  0.941521859749437     
           7          12  0.990508988363228     
          11          12  0.952962561457103     
          11          13  0.978845372069598     
           2          14  0.965366590451680     
          13          14  0.966628875058120     
          12          15  0.963822835689313     
          14          15  0.979549665096659     
          14          16   1.00407298554014     
          16          17   1.93014426110990     
          17          18   1.01437191722400     
          15          19  0.900437702085092     
          18          19  0.943286191408785     
          19          20  0.942208360472900     
          12          21  0.965524082626106     
          20          21   1.00471278285430     
          19          22   1.02070267339283     
          15          23  0.958389233630696     
          11          24  0.951611561387712     
          24          25   1.71073326366364     
          24          26   1.15489131469104     
          25          26  0.170208050592730     
          26          27  0.942237162330495     
           1          28  0.978571563308903     
           1          29  0.973014888659647     
           2          30  0.974450615781956     
           2          31  0.975983660295682     
           3          32  0.971605288127894     
           4          33  0.970933505575975     
           5          34  0.967142664850555     
           8          35  0.960292550274017     
           9          36  0.938750913486606     
          10          37  0.962165350462745     
          13          38  0.952419161435073     
          13          39  0.973559595241930     
          16          40  0.963341367024417     
          17          41  0.964478389244197     
          18          42  0.955345849358300     
          18          43  0.964418342018437     
          20          44  0.972505862742926     
          20          45  0.963703734257520     
          21          46  0.974423368190446     
          21          47  0.972551612136100     
          27          48  0.979215524774151     
          27          49  0.976658049136969     
          27          50  0.976751998038799     
