$coord
 2.42441790733135  2.87413454969901   3.66207185442928  c
 5.06221846686919  2.52760034395001   2.56633352876356  c
 5.16805944446738  1.25761683852069  -0.05349274747520  c
 3.19075514091431 -0.95457716472792  -0.32622189716264  c
 0.54534742460776 -0.57362901288903   1.00176406204042  c
 1.02255407884041  0.35848775282634   3.71912189228291  c
 2.63024741303151 -1.49018594092814  -3.12032259970036  c
 1.14206412901798 -3.93972514039368  -3.41190852231528  c
-1.31657443905775 -3.94471349032027  -1.88486620377537  c
-1.03409668872013 -3.13061507146630   0.92880194363945  c
-1.52220318006538  1.28066713444056  -0.01875217583054  c
-3.66315544512147 -2.25781111319451   1.80251398580131  c
-3.89244205167502  0.30337011583840   0.66372564146386  c
-6.17761797992207  1.51873433132626   0.30106675549819  c
-6.17462408190822  3.87787063468177  -0.84445511898408  c
-3.89426306471294  4.89321862334461  -1.53309887678803  c
-1.57361212011696  3.68250228544937  -1.12115341352064  c
 0.40302871778996  5.12132823438997  -1.85695648392689  o
-8.43779416416417  0.49049225961823   1.03552984208484  o
 4.72374484274387  3.01922360900070  -2.04163621640491  o
 7.94489281535182  0.44861538368107  -0.46319410182018  c
 4.57436873960459 -3.25715347325276   0.79203918450935  c
-2.59696616934813 -6.51641166771714  -2.22398335712517  c
-0.33189772813086 -5.33618907345755   2.69105093735423  c
 2.60047596146040  3.61225931192272   5.58271063290799  h
 1.35694241252538  4.25417781077477   2.57181545228844  h
 6.15733180964953  1.36820198924157   3.87605455288417  h
 6.00900082181160  4.36245471867006   2.44180104272441  h
-0.76622677776813  0.61232336345275   4.70718072107865  h
 2.14839908272046 -1.00361072149645   4.77973002805162  h
 1.53634840807042  0.06614580011048  -3.91213293308469  h
 4.38692799631480 -1.62424080793608  -4.19187649689495  h
 0.65198330907556 -4.17915376703386  -5.40400144174637  h
 2.31409417659834 -5.55380619013988  -2.89403930124087  h
-2.54336818850521 -2.52062721542974  -2.75389370444523  h
-3.75596569773574 -2.17632153837816   3.86747124731391  h
-5.13028184596746 -3.55845997735963   1.15696416579398  h
-7.93030404802712  4.85784717645955  -1.16224643597425  h
-3.79563955363256  6.72870455511825  -2.41424649557840  h
 1.97472867978750  4.14087797682295  -1.87807869587144  h
-8.13723323883894 -1.12169942342842   1.82604655059984  h
 5.89770377629932  4.40468908694851  -1.88570202623915  h
 9.09956392189167  2.15703738253351  -0.47367025383168  h
 8.67244806969193 -0.76916863083476   1.01301170589202  h
 8.17081260420409 -0.46603946263626  -2.28813845472852  h
 5.24447318391924 -2.88027522986150   2.69446764231344  h
 3.39630997435523 -4.90355279229546   0.84793620993595  h
 6.18153509683150 -3.72937142814847  -0.39132489726421  h
-1.36347974846927 -8.05473192600892  -1.64586438538665  h
-4.34459317567573 -6.65929303897701  -1.15602984475741  h
-3.05163095771907 -6.79172877201106  -4.20996862143651  h
-2.06610961140164 -6.21970254148473   3.36193712149377  h
 0.73931682149475 -6.82793043926681   1.77692938478862  h
 0.70191766295022 -4.69316637928451   4.34140956106416  h
$end