! r2scan-3c
! DEFGRID2
! scfconv6
! miniprint nopop noautostart
%MaxCore 2500
%pal
    nprocs 12
end
*xyz 0 1
C    1.2829467057   1.5209265041   1.9378849692
C    2.6788106481   1.3375484997   1.3580452184
C    2.7348192814   0.6655021707  -0.0283071429
C    1.6884749054  -0.5051404814  -0.1726291936
C    0.2885854290  -0.3035514010   0.5301107121
C    0.5411123152   0.1897035491   1.9680745491
C    1.3918669894  -0.7885724396  -1.6512036097
C    0.6043543102  -2.0848127606  -1.8055042349
C   -0.6967011893  -2.0874524817  -0.9974282402
C   -0.5472204013  -1.6566501512   0.4915008218
C   -0.8055152329   0.6776998620  -0.0099232241
C   -1.9384583807  -1.1947821871   0.9538493232
C   -2.0597916276   0.1605365517   0.3512284836
C   -3.2690546512   0.8036795972   0.1593176659
C   -3.2674703486   2.0520807658  -0.4468664044
C   -2.0607552662   2.5893797823  -0.8112809873
C   -0.8327196724   1.9486962877  -0.5932888361
O    0.2132736127   2.7100901900  -0.9826590525
O   -4.4650883800   0.2595573258   0.5479787934
O    2.4996981198   1.5977043278  -1.0803873582
C    4.2042562191   0.2373970374  -0.2451117628
C    2.4206516902  -1.7236113897   0.4191290864
C   -1.3742553137  -3.4483365499  -1.1768813095
C   -0.1756327140  -2.8237896495   1.4240428288
H    1.3761126157   1.9115253069   2.9542432407
H    0.7180630009   2.2512139476   1.3609461274
H    3.2583196722   0.7240213123   2.0511197367
H    3.1798262938   2.3085116197   1.2921454648
H   -0.4054697490   0.3240275695   2.4909327641
H    1.1368838340  -0.5310879222   2.5293242040
H    0.8130005652   0.0350028500  -2.0702115933
H    2.3214623205  -0.8595112202  -2.2182455121
H    0.3450147089  -2.2115129334  -2.8596744094
H    1.2245659016  -2.9389476683  -1.5314596450
H   -1.3458924837  -1.3338584790  -1.4572977890
H   -1.9875714513  -1.1516597612   2.0465776470
H   -2.7148282372  -1.8830559251   0.6122390701
H   -4.1965361759   2.5706620187  -0.6150343271
H   -2.0085659517   3.5606771079  -1.2775642264
H    1.0449814146   2.1912582575  -0.9938364457
H   -4.3060383879  -0.5935777721   0.9663022202
H    3.1209304337   2.3308610849  -0.9978705384
H    4.8152818545   1.1414550254  -0.2506555037
H    4.5892618792  -0.4070265106   0.5360627089
H    4.3238078228  -0.2466174629  -1.2108307251
H    2.7752556909  -1.5241760121   1.4258508712
H    1.7972498388  -2.5948483890   0.4487085184
H    3.2711275002  -1.9734983699  -0.2070802176
H   -0.7215224101  -4.2623805733  -0.8709539246
H   -2.2990596982  -3.5239461154  -0.6117446487
H   -1.6148535582  -3.5940280872  -2.2278194521
H   -1.0933381211  -3.2913248421   1.7790605084
H    0.3912296134  -3.6131851845   0.9403105354
H    0.3714388310  -2.4835166938   2.2973750019
*
