    0.01383290
   -0.06534367
   -0.05875439
   -0.06419445
   -0.01964762
    0.11203811
   -0.02827512
   -0.06743855
   -0.05850238
   -0.02941614
   -0.34059775
    0.14200133
    0.02640126
    0.02512293
    0.02009803
   -0.10563636
   -0.11388789
   -0.11411644
   -0.10604464
    0.03249480
    0.03387678
    0.03409333
    0.03090681
    0.03198939
    0.03258407
    0.02873466
    0.03537693
    0.03067953
    0.03643930
    0.02845557
    0.05560177
    0.03113346
    0.03488117
    0.04778729
    0.03925103
    0.03400930
    0.03630898
    0.04858776
    0.04609689
    0.03357529
    0.03404097
    0.03545575
