           1           2  0.989280551661023     
           2           3   1.00469924479629     
           3           4   1.00786514508116     
           4           5  0.996670792982367     
           5           6  0.979165875959703     
           1           7  0.976374070784067     
           6           7  0.976909436968533     
           1           8  0.977927170597495     
           8           9   1.00464958501379     
           7          10  0.982164422768398     
           9          10  0.995205202394387     
           6          11  0.968043570730992     
          10          12  0.969543204696252     
          11          12  0.954434486919661     
           7          13  0.965358191088954     
          10          14  0.970098158352731     
           6          15  0.955919531329968     
           5          16   1.00663611689719     
          12          17  0.988570195360663     
          12          18  0.992760922502208     
           1          19   1.00063629571262     
           2          20  0.976373106139819     
           2          21  0.972295706143964     
           3          22  0.972990769763964     
           3          23  0.978158805062257     
           4          24  0.974744415920875     
           4          25  0.976007757396029     
           5          26  0.966755502963241     
           8          27  0.979939860171744     
           8          28  0.979551562808927     
           9          29  0.975404870271604     
           9          30  0.980771071128268     
          16          31  0.983334408234179     
          16          32  0.986734238115931     
          16          33  0.986945718702266     
          17          34  0.984671557189070     
          17          35  0.985093859810205     
          17          36  0.986232741993327     
          18          37  0.985793527807923     
          18          38  0.984152619097888     
          18          39  0.982259629148339     
          19          40  0.985090120335595     
          19          41  0.981485841741407     
          19          42  0.985461719843719     
