   -0.07158062
   -0.06467772
   -0.04891075
   -0.03640366
   -0.06189891
    0.06844185
   -0.02455114
   -0.04360051
   -0.20506440
    0.05257950
   -0.01544506
    0.01938321
   -0.06851450
    0.01360861
    0.00674446
   -0.04667976
   -0.05273429
   -0.02559340
    0.29340208
   -0.02340369
   -0.05625878
   -0.73644269
    0.07105189
    0.35752304
   -0.46775279
   -0.27003997
    0.02780711
    0.05738620
    0.05383692
    0.05460360
    0.04848629
    0.02627518
    0.03053872
    0.03156240
    0.05825599
    0.16405773
    0.03906857
    0.05906881
    0.05221148
    0.05678298
    0.05963736
    0.07175804
    0.08454174
    0.05902564
    0.07049534
    0.06538946
    0.03828753
    0.06979304
    0.08881927
    0.06912862
