$coord
 0.10442151457467  1.05690857604397   4.87334386694644  c
 2.88972019059316  1.69724351978772   4.44515436145428  c
-4.29731356598790 -6.43079978702111  -0.26987845164818  c
-6.27425768959182 -5.59745396203398   1.26162757429289  c
-6.15545554976454 -3.21743137232278   2.33869615144744  c
-4.10915999700400 -1.60007732845038   1.85716776869179  c
-2.15953382295780 -2.37745360891276   0.21796519735386  c
-2.27971469872463 -4.82926836988277  -0.76761807545169  c
-4.08690789912102  0.74867136091447   3.09337905707514  n
-1.76265763474678  2.19152391758604   2.93771389088285  c
-0.64880501707961  2.19995359879727   0.21037809502491  c
-0.05318631752451 -0.57911258646587  -0.59032142839178  c
 1.92797810141277  3.48996366440029   0.25318252757109  c
 3.57450739621875  1.51267610491179   1.61585976983637  c
 2.61139352022618 -1.08351296974434   0.63608202072346  c
 6.32762099493180  1.97907857076790   1.21917613354827  c
 7.85279127888508  0.37570485696553   0.02799778875593  c
 6.97959850219553 -2.10624783687683  -0.98989114187909  c
 4.18012656443840 -2.27423405660883  -1.46076526982566  n
 3.38040841141658 -0.83287385810199  -3.77443212871911  c
 0.51879248697167 -0.70919533278289  -3.49595964058754  c
 3.52535429008954 -4.75539575761348  -1.73721756529686  o
 2.58862986878667 -2.51372611714997   2.12352928368679  h
-2.55172394933662  3.43019611457610  -1.53992377435723  c
-4.58423128984375  2.53617677701440  -2.12212540973379  o
-1.75036971260692  5.69943546160727  -2.37938237885875  o
-3.44365399254273  6.98933458331222  -4.08907286145689  c
-0.49549753729654  1.65050105890409   6.76353219469316  h
-0.13594924352533 -1.00142107178672   4.82178649541424  h
 3.32024137620412  3.62335184958374   5.08342515199174  h
 4.07357411872283  0.39908223310621   5.54626004004297  h
-4.33290297647194 -8.31304898603513  -1.08398427217578  h
-7.88015559963710 -6.81758773953356   1.64943985211804  h
-7.63641644022933 -2.56268054830998   3.60257785803134  h
-0.72214996459972 -5.47565888632224  -1.93503717082367  h
-5.68226061638109  1.75958815077648   2.80640546327892  h
-2.17955843315619  4.15896245807898   3.44956784452097  h
 1.90255020483639  5.29252607635680   1.27217830127473  h
 2.60816569640486  3.87480819540911  -1.65881283611174  h
 7.05709301157994  3.76138973363099   1.95023313748286  h
 9.85033317109170  0.80300474356019  -0.21150575118127  h
 7.88239299607511 -2.56909377714440  -2.79427556726036  h
 7.39838154552269 -3.65478454884252   0.32122077058217  h
 4.28615993506482  1.02831206588528  -3.75212093310254  h
 4.02559562478035 -1.90301072715303  -5.41646833822973  h
-0.33963459636653 -2.39209074254915  -4.31490600592322  h
-0.23929809055165  0.92433688147563  -4.51118768984379  h
-5.17966932857241  7.53550039937832  -3.10539960526040  h
-2.41514638868564  8.66015782482612  -4.72562116342392  h
-3.91153863091921  5.76669727093563  -5.68881664987983  h
$end
