           1           2   1.00680507714777     
           3           4   1.41332335262900     
           4           5   1.47079206558927     
           5           6   1.34727833650105     
           6           7   1.33702094129740     
           3           8   1.44690241458960     
           5           8  0.105614766021250     
           7           8   1.41303563672743     
           6           9   1.12372424081990     
           1          10  0.978603732838340     
           9          10   1.01288505260137     
          10          11  0.928979968488414     
           7          12  0.992067017265919     
          11          12  0.945656336733707     
          11          13  0.987726389616228     
           2          14  0.970042821435234     
          13          14  0.965358764941894     
          12          15  0.957743858024214     
          14          15  0.966154861004718     
          14          16   1.00875617233473     
          16          17   1.91999652627022     
          17          18   1.02395167129147     
          15          19  0.921293159549795     
          18          19  0.938609078565235     
          19          20  0.942198716648423     
          12          21  0.968172774302185     
          20          21   1.00819675120543     
          19          22   1.01467006265083     
          15          23  0.961787190283691     
          11          24  0.958935677307266     
          24          25   1.70411600332743     
          24          26   1.14378033958580     
          25          26  0.168428001471797     
          26          27  0.942620063510421     
           1          28  0.973365296854844     
           1          29  0.970953419882167     
           2          30  0.974162164331181     
           2          31  0.974826435229187     
           3          32  0.971336597625810     
           4          33  0.970787262945229     
           5          34  0.968212220783996     
           8          35  0.954544451061305     
           9          36  0.940022452207142     
          10          37  0.967356532980105     
          13          38  0.971933994379201     
          13          39  0.967877051482360     
          16          40  0.962316350839873     
          17          41  0.961955439144063     
          18          42  0.963293715806464     
          18          43  0.948554639227474     
          20          44  0.966984456731015     
          20          45  0.972598694264267     
          21          46  0.971197384086995     
          21          47  0.971614391197284     
          27          48  0.976491647745772     
          27          49  0.978963756785341     
          27          50  0.976891979223775     
