*************************************************
******************* ORCA 6.1.1 ******************
*************************************************
$Calculation_Status
   &GeometryIndex 1
   &version [&Type "String"] "6.1.1"
   &progName [&Type "String"] "LeanSCF"
   &Status [&Type "String"] "NORMAL TERMINATION"
$End
$Geometry
   &GeometryIndex 1
   &NAtoms [&Type "Integer"] 35
   &NCorelessECP [&Type "Integer"] 0
   &NGhostAtoms [&Type "Integer"] 0
   &CartesianCoordinates [&Type "Coordinates", &Dim(35,4), &Units "Bohr"] 
              C     -0.119574906114   -1.492865869144   -0.603493373658
              C      1.077640118009    1.018929956058   -1.721470666370
              C     -0.877031837012    3.232188056048   -1.572162972160
              C     -2.411026796862    3.369159057185    0.912199448368
              C     -3.399037896924    0.727371253831    1.692756602798
              C     -1.161199553121   -1.110381787393    2.128196127566
              C     -2.663356215260   -2.003449276861   -2.025102984013
              C     -4.684563976147   -0.546622058855   -0.544919707949
              O      0.638662940503   -0.456659156346    4.041476928628
              C      1.603421897980   -3.841484543959   -0.750586892387
              C     -7.146990425854   -0.445658937689   -1.102298243482
              C      3.725995327414    1.786768236556   -0.789197521453
              C      4.147988606598    3.564662353959    0.982130245499
              H      1.336578697847    0.601589900712   -3.751169521410
              O      3.708441308922   -3.828844540393    0.947407283111
              C      5.944576299886    0.650300235918   -2.207726560736
              H      0.096433760184    5.036516045092   -1.915812855691
              H     -2.225831647557    3.008112294771   -3.140834034858
              H     -1.287912338646    4.170966467529    2.473403093464
              H     -4.027190555780    4.654762154464    0.645669223544
              H     -4.642671253912    0.878012852618    3.353425944781
              H     -1.944408225754   -2.933800242621    2.776750281291
              H     -2.580203913518   -1.445665997705   -4.028331325811
              H     -3.101057030540   -4.041888695984   -1.993888472804
              H      1.697440046569    0.945798104586    3.450827392900
              H      2.382503447097   -4.050567053116   -2.673160526593
              H      0.408183267178   -5.525664757168   -0.390718184678
              H     -7.929145171765   -1.406546746583   -2.755280060878
              H     -8.480511572138    0.601315181208    0.076493347909
              H      6.070162859091    4.109521331023    1.498816316651
              H      2.646385263830    4.610285191491    1.934278311963
              H      3.121114916506   -3.106758007552    2.554187353877
              H      5.998492364207   -1.415539686614   -2.033244168917
              H      5.797346100856    1.107471062260   -4.237809668531
              H      7.752036197059    1.403083663571   -1.509028963408
$End
$SCF_Energy
   &GeometryIndex 1
   &Method [&Type "String"] "SCF"
   &totalEnergy [&Type "ArrayOfDoubles", &Dim (1,1)] "Total energy of each state"
                                                         0

0                                     -6.5776864316736260e+02
   &Mult [&Type "ArrayOfIntegers", &Dim (1,1)] "Multiplicity of each state"
                                                         0

0                                                        1
$End
$DFT_Energy
   &GeometryIndex 1
   &nAlphaEl [&Type "Integer"] 57
   &nBetaEl [&Type "Integer"] 57
   &nTotalEl [&Type "Integer"] 114
   &finalEn [&Type "Double"]      -6.5776864316736260e+02  "No Van der Waals correction"
   &eExchange [&Type "Double"]      -9.1086712598589386e+01
   &eCorr [&Type "Double"]      -4.0439023180008267e+00
   &eXC [&Type "Double"]      -9.5130614916590218e+01
   &eCNL [&Type "Double"]       0.0000000000000000e+00
$End
$Solvation_Details
   &GeometryIndex 1
   &Solvent [&Type "String"] "CHLOROFORM"
   &Epsilon [&Type "Double"]       4.8029999999999999e+00
   &Refrac [&Type "Double"]       1.4459000000000000e+00
   &RSolv [&Type "Double"]       1.3000000000000000e+00
   &SurfaceType [&Type "String"] "GAUSSIAN VDW"
   &CPCMDielEnergy [&Type "Double"]      -9.7628360000000004e-03
   &NPoints [&Type "Integer"] 2537
   &SurfaceArea [&Type "Double"]       8.9067890911999996e+02
$End
$SCF_Timings
   &GeometryIndex 1
   &TOTAL [&Type "Double"]       1.3813485999999999e+01
   &PREP [&Type "Double"]       4.5212300000000005e-01
   &FOCK [&Type "Double"]       1.0226064000000001e+01
   &DENS [&Type "Double"]       2.8519000000000005e-01
   &ETOT [&Type "Double"]       9.5765000000002543e-02
   &TRAFO [&Type "Double"]       3.4142599999999934e-01
   &DIIS [&Type "Double"]       1.4399649999999988e+00
   &SOSCF [&Type "Double"]       6.6547300000000220e-01
   &XC [&Type "Double"]       3.5044400000000011e+00
   &FOCKSTART [&Type "Double"]       5.6726999999998029e-02
   &SOLV [&Type "Double"]       4.1487660000000011e+00
   &SOLV_INIT [&Type "Double"]       2.4515300000000004e-01
   &INT_PREP [&Type "Double"]       9.9999999925159955e-07
   &INT_BF [&Type "Double"]       9.9752600000000780e-01
   &INT_DENS [&Type "Double"]       8.2220200000003030e-01
   &INT_DENSIO [&Type "Double"]       1.8517068852000022e+04
   &INT_FUNC [&Type "Double"]       3.2130199999998665e-01
   &INT_POT [&Type "Double"]       7.9803500000003313e-01
   &INT_POTIO [&Type "Double"]       1.0900999999984617e-02
   &INT_SUM [&Type "Double"]       1.5540000000002774e-03
   &SPLITRIJ [&Type "Double"]       3.0266919999999997e+00
$End
$Single_Point_Data
   &GeometryIndex 1
   &FinalEnergy [&Type "Double"]      -6.5776864316736260e+02  "Final single point energy"
   &Converged [&Type "Boolean"] true
$End
$Calculation_Info
   &GeometryIndex 1
   &Mult [&Type "Integer"] 1
   &Charge [&Type "Integer"] 0
   &NumOfAtoms [&Type "Integer"] 35
   &NumOfElectrons [&Type "Integer"] 114
   &NumOfBasisFuncts [&Type "Integer"] 605
   &NumOfAuxCBasisFuncts [&Type "Integer"] 0
   &NumOfAuxJBasisFuncts [&Type "Integer"] 955
   &NumOfAuxJKBasisFuncts [&Type "Integer"] 0
   &NumOfCABSBasisFuncts [&Type "Integer"] 0
$End
$SCF_Dipole_Moment
   &GeometryIndex 1
   &dipoleMagnitude [&Type "Double", &Units "a.u."]       1.1780848610178776e+00
   &dipoleElecContrib [&Type "ArrayOfDoubles", &Dim (3,1)] "Electronic contribution"
                                                         0

0                                     -1.2589983649673497e+00
1                                     -3.0514163836400625e+00
2                                      4.1066011829720690e+00
   &dipoleNucContrib [&Type "ArrayOfDoubles", &Dim (3,1)] "Nuclear contribution"
                                                         0

0                                      6.2072488094144518e-01
1                                      3.6533993933643916e+00
2                                     -4.8927992212246352e+00
   &dipoleTotal [&Type "ArrayOfDoubles", &Dim (3,1)] "Total"
                                                         0

0                                     -6.3827348402590456e-01
1                                      6.0198300972432905e-01
2                                     -7.8619803825256618e-01
   &doAtomicDipole [&Type "Boolean"] false
   &Method [&Type "String"] "SCF"
   &Level [&Type "String"] "Relaxed density"
   &Mult [&Type "Integer"] 1
   &State [&Type "Integer"] -1
   &Irrep [&Type "Integer"] 0
$End
$SCF_Spin_Spin_Coupling
   &GeometryIndex 1
   &numOfNucPairs [&Type "Integer"] 187 "Number of nuclei pairs to calculate"
   &numOfNucPairsDSO [&Type "Integer"] 0 "number of nuclear pairs to calculate DSO"
   &numOfNucPairsPSO [&Type "Integer"] 0 "number of nuclear pairs to calculate PSO"
   &numOfNucPairsFC [&Type "Integer"] 187 "number of nuclear pairs to calculate FC"
   &numOfNucPairsSD [&Type "Integer"] 0 "number of nuclear pairs to calculate SD"
   &numOfNucPairsSD_FC [&Type "Integer"] 0 "number of nuclear pairs to calculate SD/FC"
   &pairsInfo [&Type "ArrayOfIntegers", &Dim (187,4)] "Pairs Info: Col1->Index of A. Col2->Atom. Num. of A.  Col3->Index of B. Col4->Atom. Num. of B."
                                                         0                           1                           2                           3

0                                                       13                           1                          16                           1
1                                                       13                           1                          17                           1
2                                                       13                           1                          18                           1
3                                                       13                           1                          19                           1
4                                                       13                           1                          20                           1
5                                                       13                           1                          21                           1
6                                                       13                           1                          22                           1
7                                                       13                           1                          23                           1
8                                                       13                           1                          24                           1
9                                                       13                           1                          25                           1
10                                                      13                           1                          26                           1
11                                                      13                           1                          27                           1
12                                                      13                           1                          28                           1
13                                                      13                           1                          29                           1
14                                                      13                           1                          30                           1
15                                                      13                           1                          31                           1
16                                                      13                           1                          32                           1
17                                                      13                           1                          33                           1
18                                                      13                           1                          34                           1
19                                                      16                           1                          17                           1
20                                                      16                           1                          18                           1
21                                                      16                           1                          19                           1
22                                                      16                           1                          20                           1
23                                                      16                           1                          21                           1
24                                                      16                           1                          22                           1
25                                                      16                           1                          23                           1
26                                                      16                           1                          24                           1
27                                                      16                           1                          25                           1
28                                                      16                           1                          26                           1
29                                                      16                           1                          27                           1
30                                                      16                           1                          28                           1
31                                                      16                           1                          29                           1
32                                                      16                           1                          30                           1
33                                                      16                           1                          31                           1
34                                                      16                           1                          32                           1
35                                                      16                           1                          33                           1
36                                                      16                           1                          34                           1
37                                                      17                           1                          18                           1
38                                                      17                           1                          19                           1
39                                                      17                           1                          20                           1
40                                                      17                           1                          21                           1
41                                                      17                           1                          22                           1
42                                                      17                           1                          23                           1
43                                                      17                           1                          24                           1
44                                                      17                           1                          25                           1
45                                                      17                           1                          26                           1
46                                                      17                           1                          27                           1
47                                                      17                           1                          28                           1
48                                                      17                           1                          29                           1
49                                                      17                           1                          30                           1
50                                                      17                           1                          31                           1
51                                                      17                           1                          32                           1
52                                                      17                           1                          33                           1
53                                                      17                           1                          34                           1
54                                                      18                           1                          19                           1
55                                                      18                           1                          20                           1
56                                                      18                           1                          21                           1
57                                                      18                           1                          22                           1
58                                                      18                           1                          23                           1
59                                                      18                           1                          24                           1
60                                                      18                           1                          25                           1
61                                                      18                           1                          26                           1
62                                                      18                           1                          27                           1
63                                                      18                           1                          28                           1
64                                                      18                           1                          29                           1
65                                                      18                           1                          30                           1
66                                                      18                           1                          31                           1
67                                                      18                           1                          32                           1
68                                                      18                           1                          33                           1
69                                                      18                           1                          34                           1
70                                                      19                           1                          20                           1
71                                                      19                           1                          21                           1
72                                                      19                           1                          22                           1
73                                                      19                           1                          23                           1
74                                                      19                           1                          24                           1
75                                                      19                           1                          25                           1
76                                                      19                           1                          26                           1
77                                                      19                           1                          27                           1
78                                                      19                           1                          28                           1
79                                                      19                           1                          29                           1
80                                                      19                           1                          30                           1
81                                                      19                           1                          31                           1
82                                                      19                           1                          32                           1
83                                                      19                           1                          33                           1
84                                                      19                           1                          34                           1
85                                                      20                           1                          21                           1
86                                                      20                           1                          22                           1
87                                                      20                           1                          23                           1
88                                                      20                           1                          24                           1
89                                                      20                           1                          25                           1
90                                                      20                           1                          26                           1
91                                                      20                           1                          27                           1
92                                                      20                           1                          28                           1
93                                                      20                           1                          29                           1
94                                                      20                           1                          30                           1
95                                                      20                           1                          31                           1
96                                                      20                           1                          32                           1
97                                                      20                           1                          33                           1
98                                                      20                           1                          34                           1
99                                                      21                           1                          22                           1
100                                                     21                           1                          23                           1
101                                                     21                           1                          24                           1
102                                                     21                           1                          25                           1
103                                                     21                           1                          26                           1
104                                                     21                           1                          27                           1
105                                                     21                           1                          28                           1
106                                                     21                           1                          29                           1
107                                                     21                           1                          30                           1
108                                                     21                           1                          31                           1
109                                                     21                           1                          32                           1
110                                                     21                           1                          33                           1
111                                                     21                           1                          34                           1
112                                                     22                           1                          23                           1
113                                                     22                           1                          24                           1
114                                                     22                           1                          25                           1
115                                                     22                           1                          26                           1
116                                                     22                           1                          27                           1
117                                                     22                           1                          28                           1
118                                                     22                           1                          29                           1
119                                                     22                           1                          30                           1
120                                                     22                           1                          31                           1
121                                                     22                           1                          32                           1
122                                                     22                           1                          33                           1
123                                                     22                           1                          34                           1
124                                                     23                           1                          24                           1
125                                                     23                           1                          25                           1
126                                                     23                           1                          26                           1
127                                                     23                           1                          27                           1
128                                                     23                           1                          28                           1
129                                                     23                           1                          29                           1
130                                                     23                           1                          30                           1
131                                                     23                           1                          31                           1
132                                                     23                           1                          32                           1
133                                                     23                           1                          33                           1
134                                                     23                           1                          34                           1
135                                                     24                           1                          25                           1
136                                                     24                           1                          26                           1
137                                                     24                           1                          27                           1
138                                                     24                           1                          28                           1
139                                                     24                           1                          29                           1
140                                                     24                           1                          30                           1
141                                                     24                           1                          31                           1
142                                                     24                           1                          32                           1
143                                                     24                           1                          33                           1
144                                                     24                           1                          34                           1
145                                                     25                           1                          26                           1
146                                                     25                           1                          27                           1
147                                                     25                           1                          28                           1
148                                                     25                           1                          29                           1
149                                                     25                           1                          30                           1
150                                                     25                           1                          31                           1
151                                                     25                           1                          32                           1
152                                                     25                           1                          33                           1
153                                                     25                           1                          34                           1
154                                                     26                           1                          27                           1
155                                                     26                           1                          28                           1
156                                                     26                           1                          29                           1
157                                                     26                           1                          30                           1
158                                                     26                           1                          31                           1
159                                                     26                           1                          32                           1
160                                                     26                           1                          33                           1
161                                                     26                           1                          34                           1
162                                                     27                           1                          28                           1
163                                                     27                           1                          30                           1
164                                                     27                           1                          31                           1
165                                                     27                           1                          32                           1
166                                                     27                           1                          33                           1
167                                                     28                           1                          29                           1
168                                                     28                           1                          30                           1
169                                                     28                           1                          31                           1
170                                                     28                           1                          32                           1
171                                                     28                           1                          33                           1
172                                                     29                           1                          30                           1
173                                                     29                           1                          31                           1
174                                                     29                           1                          32                           1
175                                                     29                           1                          33                           1
176                                                     29                           1                          34                           1
177                                                     30                           1                          31                           1
178                                                     30                           1                          32                           1
179                                                     30                           1                          33                           1
180                                                     30                           1                          34                           1
181                                                     31                           1                          32                           1
182                                                     31                           1                          33                           1
183                                                     31                           1                          34                           1
184                                                     32                           1                          33                           1
185                                                     32                           1                          34                           1
186                                                     33                           1                          34                           1
   &pairsDistances [&Type "ArrayOfDoubles", &Dim (187,1)] "The distances of each pair"
                                                         0

0                                      2.6233029935510870e+00
1                                      2.2977887689046934e+00
2                                      4.0430560857782316e+00
3                                      4.2509242511703551e+00
4                                      4.9160282503112649e+00
5                                      4.2950675726408836e+00
6                                      2.3433208072809384e+00
7                                      3.5238013616698387e+00
8                                      3.8202584998515485e+00
9                                      2.5869474094076432e+00
10                                     3.7305229558988797e+00
11                                     5.0446451732169422e+00
12                                     5.5758873983465254e+00
13                                     4.1759677731881562e+00
14                                     3.7459448101456099e+00
15                                     3.9844597775965140e+00
16                                     2.8375702839965595e+00
17                                     2.3895840577384670e+00
18                                     3.6211995567676594e+00
19                                     1.7557215624249705e+00
20                                     2.4781548243532012e+00
21                                     2.5767835190111148e+00
22                                     4.3481864481300478e+00
23                                     5.0121526105650958e+00
24                                     3.8758684157279908e+00
25                                     5.0935189530569431e+00
26                                     3.6699888006076358e+00
27                                     4.9746814640034422e+00
28                                     5.6496393409466190e+00
29                                     5.4643198415262413e+00
30                                     5.2172762046385373e+00
31                                     3.6740469437652497e+00
32                                     2.4541004483581128e+00
33                                     5.1697799453929143e+00
34                                     4.6277177409520780e+00
35                                     3.8644237723021515e+00
36                                     4.4894551265161073e+00
37                                     3.0743137766904232e+00
38                                     2.3838805732228083e+00
39                                     3.8362190655904507e+00
40                                     4.4401508481332383e+00
41                                     2.4104804393568067e+00
42                                     3.8080180780914721e+00
43                                     4.2033862076440469e+00
44                                     4.4677233304364323e+00
45                                     4.9450901577292310e+00
46                                     3.8220243407674537e+00
47                                     3.9339223294485399e+00
48                                     5.0636198674868096e+00
49                                     3.8182334353347782e+00
50                                     5.2496604812151340e+00
51                                     4.9763751969643959e+00
52                                     4.4016339845555317e+00
53                                     5.4172021348222845e+00
54                                     1.7613188222725136e+00
55                                     2.5307946934217842e+00
56                                     3.7791077004405449e+00
57                                     4.5977286441296021e+00
58                                     5.0395670586982861e+00
59                                     2.3824377231617677e+00
60                                     5.4879703245229070e+00
61                                     5.4251527186005557e+00
62                                     5.3589155553212358e+00
63                                     4.4343998751062568e+00
64                                     3.9278662814732006e+00
65                                     2.1142171974228963e+00
66                                     4.5030250811683707e+00
67                                     5.4123890471172595e+00
68                                     5.4127939870612272e+00
69                                     5.4286878719027269e+00
70                                     2.4806277782245800e+00
71                                     4.3141987073133281e+00
72                                     4.1382630469785555e+00
73                                     4.8342799633280160e+00
74                                     3.9029006512177800e+00
75                                     5.9841862457797523e+00
76                                     5.9018736175866771e+00
77                                     4.2178833288091671e+00
78                                     3.2008206162820541e+00
79                                     5.3700848215371817e+00
80                                     3.5968134676395103e+00
81                                     5.6743469416700352e+00
82                                     6.3620099482957650e+00
83                                     6.1016945617981753e+00
84                                     6.5661983238880488e+00
85                                     2.4901202191291185e+00
86                                     4.2381642165032023e+00
87                                     3.9307494311781865e+00
88                                     3.3556300187996126e+00
89                                     5.5491421527680602e+00
90                                     4.7489588475757571e+00
91                                     3.8646754739701525e+00
92                                     2.6745114053996142e+00
93                                     6.0020696056358194e+00
94                                     4.3980382817971853e+00
95                                     4.6372821668929642e+00
96                                     6.4270736617073423e+00
97                                     6.8317878479206016e+00
98                                     7.0511336990491387e+00
99                                     3.7015147734990719e+00
100                                    2.6630124994275235e+00
101                                    2.8383203863683835e+00
102                                    3.7295116913880717e+00
103                                    2.4981034592581959e+00
104                                    4.3877994113798620e+00
105                                    4.1838168896497105e+00
106                                    5.6864971043309982e+00
107                                    4.6944422033700413e+00
108                                    2.6847060465631247e+00
109                                    4.9790719542559563e+00
110                                    5.9275095929681836e+00
111                                    6.0612739186191300e+00
112                                    1.7670571661149324e+00
113                                    4.7317780099479885e+00
114                                    3.0514058267739093e+00
115                                    3.2966116483851846e+00
116                                    2.9096741513411373e+00
117                                    3.9548110268349737e+00
118                                    6.1766182291163583e+00
119                                    5.2797061289408314e+00
120                                    4.6913227971774267e+00
121                                    4.6608260134209214e+00
122                                    4.6358380270315633e+00
123                                    5.8261772524434194e+00
124                                    4.6599912439154014e+00
125                                    2.9239577035075270e+00
126                                    2.1873982592572530e+00
127                                    2.9384910403507738e+00
128                                    3.9167820376765730e+00
129                                    6.7510184739833559e+00
130                                    5.8765766372362931e+00
131                                    4.1083679520383782e+00
132                                    5.0118713156889152e+00
133                                    5.5685100773768781e+00
134                                    6.4305906406889015e+00
135                                    4.1980867206720465e+00
136                                    4.0404849885965524e+00
137                                    6.1875376267035618e+00
138                                    5.6771490799704774e+00
139                                    3.0371358966540960e+00
140                                    2.1579067795008742e+00
141                                    2.3219982671065318e+00
142                                    3.8940398695673037e+00
143                                    4.6117575917912248e+00
144                                    4.1488107249550206e+00
145                                    1.7775468445148828e+00
146                                    5.6333811730721850e+00
147                                    6.4204200794889896e+00
148                                    5.2276512250174925e+00
149                                    5.1931804424143113e+00
150                                    2.8379635185299961e+00
151                                    2.3917544214402704e+00
152                                    3.3765750025008430e+00
153                                    4.0965764196855545e+00
154                                    5.0776016432381823e+00
155                                    5.7182259785532645e+00
156                                    5.9978254057318408e+00
157                                    5.6290288302885623e+00
158                                    2.4754849074541823e+00
159                                    3.7732441027514092e+00
160                                    4.9596547636938029e+00
161                                    5.3755223587034626e+00
162                                    1.8599999302450037e+00
163                                    6.9003585541043551e+00
164                                    6.5496109491012273e+00
165                                    7.3800872524235341e+00
166                                    7.4261257711638056e+00
167                                    7.9562042179774819e+00
168                                    6.3353593681522034e+00
169                                    6.5772812654524975e+00
170                                    7.8160790495723651e+00
171                                    7.8974556913274974e+00
172                                    1.8455046312343990e+00
173                                    4.1628921477781331e+00
174                                    3.4703248943191691e+00
175                                    3.4292811375020040e+00
176                                    2.3187767551071543e+00
177                                    4.1045329617940620e+00
178                                    4.2098174588026449e+00
179                                    4.1089828567930944e+00
180                                    3.6742651933869315e+00
181                                    3.0020745092504506e+00
182                                    4.4605954843317397e+00
183                                    4.0402889738054286e+00
184                                    1.7761880175737319e+00
185                                    1.7784098320572148e+00
186                                    1.7831343788071592e+00
   &pairsTotalSSCIso [&Type "ArrayOfDoubles", &Dim (187,1)] "The Spin-Spin coupling constant for each pair"
                                                         0

0                                      7.1980730899279943e-01
1                                      7.6518525538362159e+00
2                                     -6.1649682370877623e-01
3                                      5.6520672119625126e-01
4                                      5.4030146475037566e-01
5                                      7.5706945670521197e-01
6                                     -4.4624168669374936e-01
7                                     -2.1326997353708738e-01
8                                     -3.1895980277994326e-02
9                                     -3.0138240838511160e-01
10                                    -1.0397898301476149e-01
11                                     1.2576590403123181e-02
12                                     3.8381601536330093e-02
13                                     2.4016116765873358e-01
14                                    -1.0044277486855102e+00
15                                    -1.5249610113103990e-02
16                                    -7.4376119117594153e-01
17                                    -7.1909374895160172e-01
18                                     6.0352140159435363e-01
19                                    -1.5193922719600156e+01
20                                     5.6141245854300035e+00
21                                     1.3451057833595315e+00
22                                     8.4675039453818912e-01
23                                     7.9573331753006871e-01
24                                    -3.7074429578619117e-02
25                                     1.0312117276760605e-01
26                                     2.4529866621155871e-03
27                                     9.7919172136910884e-02
28                                     6.8197087544597923e-01
29                                    -5.0927687371266801e-03
30                                     1.9832536233245702e-02
31                                     1.3186909514527504e-02
32                                    -1.3297771770549063e-01
33                                     1.8124423610963712e-03
34                                     3.8311843674754299e-03
35                                     1.5166546731266511e-01
36                                     8.9187563016286955e-02
37                                     1.4193984505751107e+01
38                                     6.3105439508904597e+00
39                                    -5.5152241115446521e-01
40                                     9.8520403919622093e-02
41                                    -7.1732156003256969e-02
42                                     5.9820564456007808e-01
43                                     8.5180823665287272e-03
44                                     3.2687676840506594e-02
45                                    -5.4301164048232542e-02
46                                    -3.8806056195050766e-02
47                                    -1.6837761179273023e-02
48                                    -2.1940982104848977e-01
49                                    -7.5675930938040009e-02
50                                    -2.7720557956768797e-03
51                                    -9.1548771004067345e-02
52                                    -9.4344920260863788e-02
53                                     1.4281681553082509e-01
54                                    -1.4406080163752428e+01
55                                     2.2833122565603423e+00
56                                    -4.2323546980300814e-01
57                                    -1.3856217051420411e-01
58                                    -4.4532881042108474e-01
59                                    -1.7735288199591920e-01
60                                     1.2863012636701213e-02
61                                    -1.3514647387739828e-02
62                                     1.4398262479503668e-01
63                                    -5.9992108202117714e-02
64                                    -1.3303946404528840e-02
65                                    -5.4507173839769263e-01
66                                     3.3700730870524190e-03
67                                    -4.0219908902511453e-02
68                                    -2.9254137387650661e-02
69                                    -1.0751928732627227e-02
70                                     4.2167350962782351e+00
71                                     7.1309064783845733e-01
72                                     9.2128466427891825e-02
73                                     1.3980600201830398e-01
74                                    -6.1840911971706367e-02
75                                    -2.3981362628065898e-03
76                                    -3.7844587927216997e-02
77                                     1.5415065483266621e-01
78                                     1.0171146362366312e-01
79                                     2.2402994836399695e-02
80                                     4.0546555203227136e-03
81                                     4.4643919605060929e-03
82                                    -4.3207161393017363e-02
83                                    -2.0937463820248060e-02
84                                     7.8596240582154947e-02
85                                     5.0187145627837646e+00
86                                    -1.0791934971245376e+00
87                                     1.9421243802398661e-01
88                                    -3.1862497975622794e-02
89                                     5.4617860577030997e-01
90                                    -6.9259002597345076e-02
91                                    -9.3753724066176103e-01
92                                    -9.6506170745462216e-01
93                                     1.2922860494835556e-02
94                                     1.6980752987075395e-02
95                                     6.2620990946396185e-02
96                                     4.0972891299147574e-03
97                                     5.2879048441302774e-03
98                                    -7.1784647104402230e-03
99                                    -5.5597127785207291e-02
100                                    2.3120121586758836e-02
101                                    1.4240286724669279e+01
102                                    6.1030755169674933e-02
103                                   -2.6369197875186062e-01
104                                    1.7107988687350934e-02
105                                    5.4032214081755139e-02
106                                   -1.3202837895806346e-01
107                                   -1.5069802447599607e-02
108                                    2.5000074380261573e-02
109                                   -7.8974690030098105e-02
110                                   -7.2674895950294097e-02
111                                   -1.5492005418791786e-02
112                                   -1.9172454308315000e+01
113                                   -2.1835653329398333e-01
114                                   -1.1522943706376096e-01
115                                   -1.8880062094782707e-01
116                                   -2.2720312082130265e+00
117                                   -2.6712477691580827e+00
118                                    7.8687993118499847e-02
119                                    2.8407002033597611e-02
120                                    7.8512962013653945e-02
121                                   -1.9616522654310999e-02
122                                   -6.9610729397371583e-03
123                                    2.5335609186912427e-03
124                                    1.8177595421253118e-01
125                                   -2.4389897568043198e-01
126                                   -5.8284007020795237e-01
127                                   -2.6585700074535321e+00
128                                   -3.1300928691663956e+00
129                                    6.0910096989686510e-02
130                                    3.4326143743552404e-02
131                                    1.0940275954635511e-02
132                                   -6.4735106662141245e-02
133                                   -2.5245821771848909e-02
134                                    5.9337417628813789e-02
135                                   -2.9754339742616577e-02
136                                   -8.6920989517740681e-03
137                                   -4.5391025862038394e-02
138                                   -1.2756579165088565e-02
139                                   -3.9177158393480245e-02
140                                   -7.6090416227190882e-01
141                                    4.2790220613145871e-02
142                                   -7.1805128011975708e-02
143                                   -4.8867858752422583e-02
144                                   -1.0982119383250648e-02
145                                   -1.1726049491858646e+01
146                                   -1.6152921412705322e-02
147                                   -3.7832651974487076e-02
148                                   -3.0347173982742937e-02
149                                   -2.4451152467310534e-02
150                                    1.3271696603790113e+01
151                                   -2.1450408225385453e-01
152                                    8.8553541070983413e-02
153                                    1.0818208208343941e-01
154                                   -2.0864342739227316e-02
155                                   -2.6677383927119963e-02
156                                   -1.1146169232871386e-01
157                                   -9.3283714735668391e-02
158                                   -5.1426820750739266e-01
159                                   -2.1227985687067470e-02
160                                    1.4520247673267264e-01
161                                    1.1712530060736465e-01
162                                    2.3275608721304902e-01
163                                   -3.2064572170700150e-03
164                                   -8.3315723348406194e-03
165                                   -1.0484404482043572e-03
166                                    6.9424421107761828e-04
167                                    1.0802042729394234e-02
168                                   -1.5411313312228198e-03
169                                   -2.4242601414193939e-02
170                                   -1.0938975194945450e-03
171                                   -1.9612748542372689e-04
172                                   -1.2327973628667672e-01
173                                    1.1760312602889212e-03
174                                   -2.0901062990223638e+00
175                                   -2.1015411309728376e+00
176                                   -4.5042144728432582e-01
177                                   -5.0156141671313399e-03
178                                   -2.1182168788758102e+00
179                                   -1.0111243506217544e+00
180                                    5.3463560786831965e-01
181                                   -1.2660387464621548e-01
182                                   -5.6636603327745907e-02
183                                   -8.4441512491072596e-03
184                                   -1.8014394123301088e+01
185                                   -1.3685084857255641e+01
186                                   -1.2951992747859260e+01
   &Method [&Type "String"] "SCF"
   &Level [&Type "String"] "Relaxed density"
   &Mult [&Type "Integer"] 1
   &State [&Type "Integer"] -1
   &Irrep [&Type "Integer"] 0
$End
$Calculation_Timings
   &GeometryIndex 1
   &GTOINT [&Type "Double"]       1.5676470000000000e+00
   &SCF [&Type "Double"]       1.5637172000000000e+01
   &PROPINT [&Type "Double"]       1.0345200000000006e+00
   &RESPONSE [&Type "Double"]       7.6018170000000005e+00
   &PROP [&Type "Double"]       6.0417599999999894e-01
   &SUM [&Type "Double"]       2.6445332000000001e+01
$End
