$coord
-0.01536248825456 -1.06945897621612   0.54696551348402  c
-1.94315043664632  1.09658227973085   1.28214138164883  c
-0.65052165647750  3.74764261503467   1.18363652223926  c
 1.15078094018959  4.14779214957547  -1.07764399583967  c
 2.83934196452614  1.79317446790521  -1.50593382673909  c
 1.15384500254740 -0.50863500869041  -2.10245917658847  c
 2.36131879637711 -0.87888241216803   2.29326231368534  c
 4.10946242008650  0.99596330114714   0.95878234212011  c
 2.74039053308684 -2.49409671879145  -3.04355344086303  o
-1.37454194917386 -3.63309480298002   0.75601974298331  c
 6.35211911401468  1.80206745026609   1.79964883200173  c
-4.49727878856719  1.00453142596795  -0.09932281991723  c
-4.91156060234562  1.85798811889121  -2.45457111199010  c
-2.38602792342053  0.74965098813328   3.29124740798381  h
 0.38898214256856 -5.67365070876290   0.32011104235837  o
-6.68213923426938 -0.01880366832090   1.45820076150935  c
-2.11501762468429  5.22432601712400   1.20944738725797  h
 0.44745300671842  3.99074576174031   2.93554608163465  h
 0.08931468129440  4.54803598629846  -2.82529801281574  h
 2.34602401755161  5.81460932796040  -0.71641612435332  h
 4.20757507180204  2.16141241369515  -3.02992560762003  h
-0.31756769050389 -0.06533108263120  -3.51235388439223  h
 3.28843777856771 -2.73248176408931   2.46269502874165  h
 1.86723073520703 -0.27508516110570   4.22424074038268  h
 2.13196805449764 -4.09689928620255  -2.32337984897091  h
-2.92730137063170 -3.72150885219847  -0.63417532947468  h
-2.21001079004419 -3.82089143383588   2.66293854834368  h
 7.13125246788856  1.17542689754369   3.60741653184237  h
 7.50534578036342  3.12184090348701   0.70688044111641  h
-6.79815673920560  1.78316957564895  -3.29069365206390  h
-3.44085651815672  2.67798057735905  -3.63830230323295  h
-0.57852822836253 -7.23242936322232   0.08573488000923  h
-8.45629706224025 -0.04473579241220   0.37667163801102  h
-6.31123915822244 -1.95227471639779   2.13863486465614  h
-6.97464145075023  1.15553931543318   3.15732725695774  h
$end
