$coord
-1.59374675759787  3.05500891743457   0.88910095524390  c
-3.48210448984942  2.43980968429333  -1.25138657456842  c
-2.76439772575968  0.33338486341207  -3.08734580223415  c
-3.64723500631547 -2.25261501603735  -2.17101208108607  c
-3.04763713644827 -2.72293621105798   0.61624945183696  c
-0.34977496548963 -1.92834463016276   1.30083906680040  c
 0.14728355762207  0.89967676706489   1.87188375203429  c
 0.34750667960015  5.04883415825349   0.00839053630896  c
 2.54591730338167  3.54956423826678  -1.08724985732387  c
 2.82088311080140  1.34838311781526   0.76777243692258  c
 1.36516328789998 -2.63892868578357  -0.62247371061755  o
 3.64349489154844 -1.25621343964971  -0.28659366038833  c
 0.20549603423458  1.09771568481668   3.92720394226496  h
 4.13167242582457  1.91436790393406   2.25891254157852  h
 0.15776261263084 -2.96838606657150   3.04011220298608  h
-3.43949530233084 -5.51802037129098   1.23096733866383  c
 5.01202152251029 -1.17541068768338  -2.82827648965656  c
 5.35471313458934 -2.58943294622435   1.64908008981550  c
-3.14454814180897  4.13290914877258   3.08877338185165  c
-5.31026126548822  1.95929169736405  -0.42190246915079  h
-3.77269616159829  4.18594519215107  -2.31533287034173  h
-3.63106188334752  0.70950486288824  -4.92438000476375  h
-0.73311361539703  0.27414170012409  -3.36005002681194  h
-2.72274225599353 -3.70948951848218  -3.29838727123203  h
-5.68757848980179 -2.43331126347955  -2.43937968013705  h
-4.32533473616905 -1.61110138533850   1.80217742463350  h
 1.00713655795044  6.12366882673791   1.64268528986613  h
-0.44933626355327  6.37972270106943  -1.34497782793568  h
 2.07291219648546  2.90233828863385  -2.97877234207464  h
 4.27067774959289  4.66919192451928  -1.20942744282144  h
-3.23737509563376 -5.86266030669011   3.24816322593282  h
-5.31892020054364 -6.11873213946695   0.65397098159582  h
-2.04916280847972 -6.65096460965100   0.22932308563771  h
 6.57566412845766  0.15248894448389  -2.75341108256573  h
 5.73747335501446 -3.04601124859321  -3.26717686899440  h
 3.72841425767743 -0.63271422266292  -4.33397868815294  h
 4.51526914088906 -2.54906875126411   3.52406812424684  h
 5.62071973570842 -4.55048942140039   1.09562667951239  h
 7.18545842646123 -1.66156894868309   1.72519876308376  h
-4.27647544767614  5.72342255416727   2.44149557208671  h
-4.41057325549775  2.70656307399671   3.85828418086060  h
-1.92229709119949  4.79187053480524   4.60605221399074  h
$end