   -0.05971391
   -0.06999776
    0.13689511
    0.01352822
    0.00811854
   -0.05860740
   -0.05809392
   -0.06133648
   -0.02361520
    0.01192550
   -0.04419596
   -0.05791942
   -0.04127820
    0.11988502
   -0.05955249
   -0.06465492
    0.13418215
   -0.44548508
   -0.40827027
   -0.44571926
   -0.11685613
   -0.12719177
   -0.10286450
   -0.10537439
    0.02715801
    0.05131001
    0.03472542
    0.02626835
    0.03470946
    0.03192673
    0.04669423
    0.03147775
    0.02955105
    0.03245261
    0.03864011
    0.02992937
    0.02389564
    0.04733509
    0.05054329
    0.33653939
    0.29374655
    0.29855084
    0.03062436
    0.04364219
    0.04623100
    0.02919724
    0.06496852
    0.03988923
    0.03207319
    0.03119208
    0.03303817
    0.03505104
    0.03556844
    0.03926320
