           1           2   1.00885164048652     
           2           3  0.979648363401726     
           3           4  0.949276116496438     
           4           5  0.960003636777541     
           1           6   1.00663945210417     
           5           6  0.978813454410496     
           4           7  0.989321797989463     
           7           8   1.00609887508335     
           8           9  0.996758804085954     
           5          10  0.948877373805194     
           9          10  0.972096808176843     
           5          11  0.966949997826956     
          10          12  0.981091628808145     
          11          13   1.35965585195308     
          12          13   1.01150507698046     
          13          14   1.38330506808722     
          11          15  0.100727147601413     
          14          15   1.34461877793510     
          13          16  0.101175208727335     
          15          16   1.48749284528601     
          11          17   1.36683404456728     
          16          17   1.32955469078083     
          17          18   1.09245570109421     
          14          19   1.04728142981993     
           3          20  0.953718388237358     
           3          21  0.989483813228108     
           4          22  0.995696839905724     
           9          23   1.00774979507329     
          10          24  0.999657821587952     
           1          25  0.975656300042681     
           1          26  0.969963029835029     
           2          27  0.973161299282635     
           2          28  0.972568728063016     
           6          29  0.972719530430695     
           6          30  0.965441700328676     
           7          31  0.972367656645738     
           7          32  0.972835429527098     
           8          33  0.975233582138710     
           8          34  0.972545673407907     
           9          35  0.962870785039786     
          12          36  0.957692341424537     
          12          37  0.958334555753943     
          15          38  0.967728853903740     
          16          39  0.967366321593080     
          18          40  0.778609271537634     
          19          41  0.887645760506408     
          20          42  0.886189166658421     
          21          43  0.981080300818363     
          21          44  0.982498668330616     
          21          45  0.981845584221063     
          22          46  0.980793208716563     
          22          47  0.961343266023382     
          22          48  0.979710281847603     
          23          49  0.983810439108534     
          23          50  0.980854246714266     
          23          51  0.985908049405772     
          24          52  0.981083457430164     
          24          53  0.970231724203447     
          24          54  0.979778634565001     
