   -0.06957299
   -0.06589075
   -0.05172369
   -0.03617316
   -0.06413962
    0.07074642
   -0.02286714
   -0.04557237
   -0.21608364
    0.05177062
   -0.00849964
    0.01231465
   -0.06278446
    0.02508576
    0.00544635
   -0.03436537
   -0.03836747
   -0.02019025
    0.28909933
   -0.02092551
   -0.05552826
   -0.72805097
    0.05323964
    0.36352208
   -0.46609444
   -0.25647106
    0.02635383
    0.04689486
    0.04630332
    0.05134142
    0.04454248
    0.02936449
    0.03235119
    0.03036257
    0.03355180
    0.16804758
    0.04519672
    0.07782409
    0.04703437
    0.05112491
    0.05425915
    0.05780523
    0.07393842
    0.07078658
    0.05374220
    0.06035445
    0.05942807
    0.08848299
    0.07222411
    0.07076113
