           1           2   1.00615056968709     
           3           4   1.41894174108881     
           4           5   1.46375161336596     
           5           6   1.35000471907512     
           4           7  0.100515824728406     
           6           7   1.31823762901848     
           3           8   1.43589809961375     
           5           8  0.100631308463086     
           7           8   1.42648830828678     
           6           9   1.14046109282056     
           1          10  0.976847964335692     
           9          10  0.997255502755009     
          10          11  0.937915229373715     
           7          12  0.988132044735612     
          11          12  0.959049536452941     
          11          13  0.975112938198217     
           2          14  0.969778789796233     
          13          14  0.968089306121007     
          12          15  0.963882689073699     
          14          15  0.977605785125957     
          14          16   1.00178714607605     
          16          17   1.93119554056586     
          17          18   1.01351609552534     
          15          19  0.899703784687833     
          18          19  0.945168289491465     
          19          20  0.945276136066874     
          12          21  0.964922251402071     
          20          21   1.00454313635124     
          19          22   1.01880876721436     
          15          23  0.962084059626085     
          11          24  0.954033069104981     
          24          25   1.70701713665221     
          24          26   1.16339542168840     
          25          26  0.171819638284922     
          26          27  0.941165620752004     
           1          28  0.974564711033527     
           1          29  0.969874209345560     
           2          30  0.974604575523553     
           2          31  0.975081147003537     
           3          32  0.971423920230271     
           4          33  0.970844401241217     
           5          34  0.967056162299688     
           8          35  0.959540398952738     
           9          36  0.940404585278023     
          10          37  0.965688640932546     
          13          38  0.958457578897053     
          13          39  0.973965441376502     
          16          40  0.964032360392778     
          17          41  0.964667497555126     
          18          42  0.956146635048602     
          18          43  0.964236223481825     
          20          44  0.971902057243822     
          20          45  0.962392541244259     
          21          46  0.973922588330036     
          21          47  0.972647190120049     
          27          48  0.979281895090033     
          27          49  0.976505322378799     
          27          50  0.976385047519002     
