$coord
 3.19757354432861  1.89694607866625   4.32060372876828  c
 3.94254274812496  3.33770537976066   1.95388782973268  c
 4.98122102870337  1.53581465171375  -0.08008972919741  c
 3.19404122932655 -0.88494252049722  -0.30971298157850  c
 0.56905713138843 -0.62287771648872   1.02388347093405  c
 0.92979159717978  0.16291168300851   3.83326684634002  c
 2.66078948320029 -1.48198764532408  -3.10158165129965  c
 1.10920231798500 -3.88851336227177  -3.43797509155120  c
-1.38787417162225 -3.81315830389820  -1.97799524260454  c
-1.03711012706903 -3.15711374528909   0.86335275421546  c
-1.47790480548058  1.21809126508656  -0.00703354703293  c
-3.60064779204601 -2.26094349185062   1.91793827310700  c
-3.82887698174805  0.33671814338792   0.84912834989830  c
-6.08642105547610  1.62726931533905   0.57323760695577  c
-6.06783222360342  3.92412370833362  -0.69505569076626  c
-3.82055737196284  4.76304484977492  -1.69029975812356  c
-1.54765557035812  3.45535689695501  -1.39393363267867  c
 0.52414475776238  4.46689922532223  -2.59575142051345  o
-8.32476221117385  0.72572105290356   1.48169366932349  o
 5.26962483261392  2.79336311994322  -2.41645701254023  o
 7.75679766084965  0.96395276972368   0.58590712345198  c
 4.65175762044500 -3.12823433553399   0.82171427800047  c
-2.82588567713764 -6.27942529704328  -2.44325084684396  c
-0.27855960673999 -5.49900773167398   2.39873846946819  c
 4.81356344725222  0.80540661031184   4.98797528744304  h
 2.71637756240490  3.23214515064710   5.81923080020985  h
 5.38805929452253  4.74106483048181   2.39784390600163  h
 2.30458443525172  4.35103980363176   1.24219834102026  h
-0.77337102798105  1.14133259694859   4.45954951898269  h
 1.12936119838443 -1.51158244208446   5.01282616449300  h
 1.61702974796777  0.07782055249103  -3.94963052519542  h
 4.44731804534873 -1.65863546559141  -4.11544090937449  h
 0.67276093267367 -4.10642238532664  -5.44561191354299  h
 2.20533310272834 -5.54646339585159  -2.89468972021784  h
-2.51533734722764 -2.28387205066863  -2.80113262289440  h
-3.56589107628209 -2.25679822225894   3.98392927717119  h
-5.14223066570593 -3.49223865566735   1.30939541996282  h
-7.79682796255743  4.97211922990538  -0.92749563247173  h
-3.79340486556180  6.51029081909651  -2.75461447792585  h
 0.03148859071029  5.99814622795498  -3.45427192166049  h
-8.04064298085091 -0.86708423633560   2.31936403449050  h
 3.65516762740224  3.49680467712723  -2.88115700403958  h
 8.74103223765723  2.76895163029565   0.60316545339486  h
 8.00632614948735  0.06607822482704   2.40774854114902  h
 8.62095620770206 -0.17339361947168  -0.88614297071917  h
 5.00301365935238 -2.87648213265412   2.82443249891209  h
 3.65393416536563 -4.88092891194195   0.56996327301798  h
 6.44809777594121 -3.33792338423567  -0.14234138542102  h
-1.71704774143538 -7.91875125686996  -1.89444796182874  h
-4.60848636435480 -6.33623784583376  -1.42497805101105  h
-3.24587893916532 -6.44982692844731  -4.44872829939020  h
-1.99008901567518 -6.46376953056855   3.01398650214099  h
 0.79901997700290 -6.86045940206588   1.30892278301823  h
 0.79644234993866 -5.02731310997255   4.08045631626142  h
$end