! r2scan-3c
! DEFGRID2
! scfconv6
! miniprint nopop noautostart
%MaxCore 2500
%pal
    nprocs 12
end
*xyz 0 1
C    1.6920830491   1.0038206347   2.2863650296
C    2.0863037744   1.7662376229   1.0339529117
C    2.6359486497   0.8127181135  -0.0423816595
C    1.6902138285  -0.4682914146  -0.1638930517
C    0.3011320655  -0.3296126926   0.5418157992
C    0.4920245239   0.0862091500   2.0284774575
C    1.4080291569  -0.7842340884  -1.6412863269
C    0.5869645887  -2.0577126547  -1.8192980693
C   -0.7344313829  -2.0178364751  -1.0467100052
C   -0.5488150442  -1.6706726455   0.4568666023
C   -0.7820735426   0.6445861380  -0.0037219928
C   -1.9053807552  -1.1964397705   1.0149292256
C   -2.0261544412   0.1781835679   0.4493393717
C   -3.2207953171   0.8611138373   0.3033442779
C   -3.2109585309   2.0765568383  -0.3678076317
C   -2.0217518933   2.5204947879  -0.8944681112
C   -0.8189840578   1.8284961246  -0.7376379116
O    0.2773654609   2.3637812724  -1.3736124963
O   -4.4052744464   0.3840350425   0.7840785230
O    2.7885653702   1.4781841042  -1.2787339816
C    4.1047205499   0.5101018379   0.3100486973
C    2.4616041223  -1.6553903200   0.4348324696
C   -1.4953943003  -3.3229287633  -1.2929126681
C   -0.1474073957  -2.9099495729   1.2693577324
H    2.5472280784   0.4262028235   2.6395228495
H    1.4374451016   1.7103775553   3.0794043231
H    2.8512381884   2.5088634626   1.2688843498
H    1.2195335632   2.3024711068   0.6573430532
H   -0.4092503234   0.6039672001   2.3598919753
H    0.5976322088  -0.7998949804   2.6526733673
H    0.8556952916   0.0411808629  -2.0900544645
H    2.3534193582  -0.8777120892  -2.1777975411
H    0.3560097538  -2.1730251437  -2.8816937228
H    1.1670120199  -2.9350620289  -1.5318038319
H   -1.3310592013  -1.2085730413  -1.4822955481
H   -1.8869882933  -1.1942461883   2.1082045824
H   -2.7211512803  -1.8480131108   0.6929022160
H   -4.1259036733   2.6311321852  -0.4908095517
H   -2.0073834057   3.4450975363  -1.4576792059
H    0.0166630446   3.1740822901  -1.8279219804
H   -4.2549250246  -0.4588412176   1.2273545903
H    1.9342314096   1.8504293453  -1.5246426269
H    4.6255550579   1.4652661002   0.3191814122
H    4.2367653395   0.0349670907   1.2741256570
H    4.5620135593  -0.0917559519  -0.4689266655
H    2.6474808132  -1.5221687915   1.4946253115
H    1.9335786896  -2.5828763471   0.3016115750
H    3.4121863952  -1.7663529859  -0.0753238173
H   -0.9086225344  -4.1904227021  -1.0024986882
H   -2.4387059597  -3.3529926694  -0.7540659103
H   -1.7176451632  -3.4131014233  -2.3541656325
H   -1.0531097543  -3.4204795306   1.5949329702
H    0.4228231627  -3.6303987703   0.6926521073
H    0.4214591412  -2.6603395287   2.1592844917
*
