   -0.00863838
   -0.03692073
   -0.06156244
   -0.05965440
   -0.02938235
    0.11651391
   -0.06613389
    0.01720598
   -0.50501522
    0.07782428
   -0.11264263
    0.00772313
   -0.11021600
    0.04611180
   -0.47610840
   -0.11729466
    0.04215383
    0.04295074
    0.03841533
    0.04198621
    0.04446552
    0.01803572
    0.04885910
    0.04791402
    0.32033579
    0.05167766
    0.02980482
    0.03363504
    0.03401469
    0.03290837
    0.03440927
    0.31300387
    0.05125555
    0.04595198
    0.04641247
