           1           2  0.957154232883964     
           2           3  0.984727521077598     
           3           4   1.00873578754064     
           4           5  0.980123968805764     
           1           6  0.966492655604516     
           5           6  0.977156301731046     
           1           7  0.983164095699929     
           5           8  0.994442789125414     
           7           8   1.00500078619259     
           6           9  0.983349856008120     
           1          10  0.977506077137905     
           8          11   1.93845322619651     
           2          12  0.995853429439764     
          12          13   1.93011096704569     
           2          14  0.963708117401329     
          10          15  0.985036602395832     
          12          16   1.02384656456044     
           3          17  0.976031604567438     
           3          18  0.976437451582064     
           4          19  0.970217090507614     
           4          20  0.975477615480280     
           5          21  0.962650722131006     
           6          22  0.954542400901616     
           7          23  0.953334952840224     
           7          24  0.965982114275838     
           9          25  0.852902660403302     
          10          26  0.968780757978524     
          10          27  0.968911963671604     
          11          28  0.975088788945973     
          11          29  0.974985220055992     
          13          30  0.973931348691742     
          13          31  0.966475601436533     
          15          32  0.880772655451768     
          16          33  0.968792215666781     
          16          34  0.984088821769334     
          16          35  0.971437874176886     
