    0.00254633
   -0.03498664
   -0.06277405
   -0.05911952
   -0.02820562
    0.10995322
   -0.06742171
    0.01795628
   -0.48258671
    0.08631656
   -0.11334475
    0.01289525
   -0.11461596
    0.05754941
   -0.47379299
   -0.11616313
    0.04090386
    0.04226733
    0.03736788
    0.04242818
    0.04588565
    0.02146250
    0.05418974
    0.05426012
    0.30325285
    0.02635381
    0.02119400
    0.03380680
    0.03335126
    0.02827616
    0.02988865
    0.30617897
    0.05749611
    0.04768447
    0.03954571
