$coord
 0.17199345754845 -1.20958684671970   0.21326807647775  c
-1.82290006272000  0.76656455517546   1.23950686854604  c
-0.63586152590423  3.46277126151002   1.42160946544892  c
 1.10145729062539  4.20399149060188  -0.80535411665036  c
 2.86326663537207  1.98785335546389  -1.56209997542455  c
 1.22827213201405 -0.27389029988195  -2.38258668656471  c
 2.59801696805669 -1.12422839857801   1.90083163064088  c
 4.23900797085953  0.95707712479061   0.75148822087675  c
 2.87871987360895 -2.07156184724061  -3.57928355737614  o
-0.93347685827939 -3.88337524864307   0.04638075162444  c
 6.48202745394089  1.74480393420660   1.60930377465051  c
-4.38963964172393  0.70298047199322  -0.11224524076881  c
-4.90744806971194  1.86971179508264  -2.30801317263797  c
-2.21023287983249  0.17685398340007   3.19853081629739  h
-1.65707096916217 -4.69945906004191   2.53264803716284  o
-6.46362045314377 -0.69924082921895   1.29151075792559  c
-2.15310691617944  4.86820465357999   1.64420809420241  h
 0.48926712159469  3.54871880735763   3.17164907073507  h
-0.00970891060476  4.78363356555101  -2.46988210092003  h
 2.25365413828570  5.85162788518886  -0.26176513631938  h
 4.16267757908107  2.58891800963894  -3.07175259677694  h
-0.29139441220480  0.27641887552952  -3.69469874246473  h
 3.59670893076243 -2.94953893381098   1.80668598341667  h
 2.16409065970815 -0.78062826217559   3.90582165989130  h
 1.84012010331826 -3.36126473665234  -4.39925769834534  h
 0.51885185072792 -5.16463560469852  -0.73581802440884  h
-2.56824192173691 -3.90765777477622  -1.25959181777168  h
 7.34248172666572  0.94726967470203   3.30932097178279  h
 7.54728817025120  3.22925883012475   0.64636811870055  h
-6.79813148712809  1.78297523594496  -3.13423684852379  h
-3.52538328174534  2.97873880193908  -3.35640009628786  h
-2.24856408721721 -6.44578615239782   2.40461381308526  h
-5.87091949920112 -2.62666323450624   1.79983303640089  h
-6.89439316669765  0.27254513272392   3.08815986506538  h
-8.21811573697160 -0.80382800735414   0.18191860610546  h
$end
