           1           2  0.957500137448355     
           2           3  0.985838875202202     
           3           4   1.00826575351764     
           4           5  0.979285199747349     
           1           6  0.960079355417391     
           5           6  0.978652896260020     
           1           7  0.982604385484395     
           5           8  0.994324440675841     
           7           8   1.00790729261419     
           6           9  0.976377713708926     
           1          10  0.986245400449333     
           8          11   1.93613188871801     
           2          12  0.997238764679407     
          12          13   1.92602051913644     
           2          14  0.961345361233370     
          10          15  0.985799802552443     
          12          16   1.02494157153332     
           3          17  0.976345049760516     
           3          18  0.976858295030492     
           4          19  0.970304293507340     
           4          20  0.975697092173540     
           5          21  0.962644635859984     
           6          22  0.958396372640936     
           7          23  0.957707349162327     
           7          24  0.964525022821152     
           9          25  0.891859383575070     
          10          26  0.968405746728149     
          10          27  0.967518655589015     
          11          28  0.975215241750896     
          11          29  0.975064422316857     
          13          30  0.974440394139938     
          13          31  0.967094478477612     
          15          32  0.892784763616137     
          16          33  0.970531437247609     
          16          34  0.966314782290899     
          16          35  0.984179984069518     
