   -0.00072703
   -0.02711208
   -0.05979523
   -0.05508058
   -0.03119132
    0.12283706
   -0.07631587
    0.01121356
   -0.48366695
    0.08529902
   -0.11262582
    0.01666262
   -0.10873161
    0.04109923
   -0.47675911
   -0.10996772
    0.03931571
    0.03745227
    0.05008219
    0.03555176
    0.03952688
    0.00393578
    0.05498182
    0.04627579
    0.32473006
    0.02719210
    0.02248075
    0.03720244
    0.03858788
    0.02542127
    0.04580271
    0.31011365
    0.04331197
    0.04253438
    0.04036242
