$coord
-0.14714435642724 -1.48163926240758  -0.54429070034087  c
 0.99957897946943  0.95822313333938  -1.69593436225971  c
-0.87039298464278  3.18533483663408  -1.45398290040841  c
-2.35480626560293  3.27152855280384   1.02016464997895  c
-3.40259632707966  0.65499980424544   1.67649922447859  c
-1.16167944065784 -1.11455668631921   2.16521810311768  c
-2.62801697098639 -2.07736382772071  -1.95034169667524  c
-4.60857821600490 -0.52615380308513  -0.60923110160359  c
 0.51534230424383 -0.18423429190490   3.97640980974182  o
 1.69050818716732 -3.71284932473262  -0.68101911521042  c
-6.98023936844000 -0.24694824109025  -1.33084514771211  c
 3.64984635762111  1.64062743669702  -0.84089237296633  c
 4.20091248824829  2.92949649860627   1.22953041813009  c
 1.17322990045988  0.55949941594260  -3.72626811820449  h
 3.70729353691576 -3.34396660630858   1.03007384692521  o
 5.69499096339458  0.95679972113490  -2.69094364361811  c
 0.17067214985628  4.94982348367500  -1.69516667122577  h
-2.23256485309370  3.05321904802806  -3.00035102681343  h
-1.16445211202466  3.88508558786383   2.58205588477634  h
-3.90805958061119  4.61512157412801   0.82173307170473  h
-4.67500123856004  0.78309800865257   3.29282788632149  h
-1.89587062305606 -2.96686128473334   2.80609284802707  h
-2.52757131643392 -1.64543289382693  -3.96270192067604  h
-3.08737503176197 -4.08482332367104  -1.77061495054499  h
 2.13827089391729 -0.95241330604899   3.64105329150606  h
 2.39725169852617 -3.92376165211476  -2.62414580862585  h
 0.66505311907596 -5.45461583983446  -0.18537810627898  h
-7.70170684134310 -1.12757081459447  -3.01863975298088  h
-8.29597242130230  0.87546057928958  -0.26018323488587  h
 6.12760676162623  3.41785901439337   1.67478198178243  h
 2.80420191398867  3.50652530831898   2.58130333309427  h
 4.86944721587211 -4.73548385015905   0.89690272035539  h
 5.64267831246815 -1.04380348995122  -3.15995621879262  h
 5.43819410411951  2.01645024763817  -4.44111425041236  h
 7.54954768298091  1.39928436895927  -1.92778220288131  h
$end