           1           2  0.961516721919434     
           2           3  0.984662012744706     
           3           4   1.00974531670334     
           4           5  0.978804222024733     
           1           6  0.962567217001473     
           5           6  0.973588183887177     
           1           7  0.979552528191983     
           5           8  0.996441664671476     
           7           8   1.00427904953560     
           6           9  0.994380979876565     
           1          10  0.986238791729259     
           8          11   1.93681921475459     
           2          12  0.995325789745338     
          12          13   1.93258461364764     
           2          14  0.962429725440355     
          10          15  0.983161843528403     
          12          16   1.02200352482201     
           3          17  0.976345471485591     
           3          18  0.977075337966859     
           4          19  0.968368003048470     
           4          20  0.976061240022066     
           5          21  0.964659235501975     
           6          22  0.956313303667807     
           7          23  0.965111246273433     
           7          24  0.959313193978040     
           9          25  0.860296094765898     
          10          26  0.967759414874563     
          10          27  0.968229728623374     
          11          28  0.974654007343610     
          11          29  0.974571030973003     
          13          30  0.974746471764480     
          13          31  0.967939218346430     
          15          32  0.887805002849149     
          16          33  0.972484468117146     
          16          34  0.970462064777362     
          16          35  0.984739339454436     
