    0.01693262
   -0.06234843
   -0.05882215
   -0.05610568
   -0.01628394
    0.11657072
   -0.03485497
   -0.06237720
   -0.05829209
   -0.03318288
   -0.32567981
    0.14023188
    0.02321843
    0.02272248
    0.00353272
   -0.10662438
   -0.10961645
   -0.11391791
   -0.10663316
    0.03332894
    0.02882579
    0.02290500
    0.05499778
    0.04326216
    0.02425510
    0.02852491
    0.02916343
    0.03681428
    0.03485681
    0.02884506
    0.03044812
    0.03586883
    0.04578408
    0.03572839
    0.04993249
    0.04810251
    0.04515631
    0.03292956
    0.03433353
    0.03541297
    0.03302297
    0.02903117
