$coord
-1.48815169799723  2.98852143858896   0.55203960867879  c
-3.73012179681891  2.24216950499011  -1.13852654716024  c
-3.20280536978174  0.12938676462146  -3.03446191072157  c
-3.90967922424421 -2.47877019295526  -2.03192845651574  c
-3.07834643320620 -2.93036867524331   0.69908022443298  c
-0.40748424129411 -1.96595255034285   1.25244650078725  c
-0.06243703155351  0.83821023365386   1.96201983998035  c
 0.54912751067281  4.33606624063579  -1.03239650722731  c
 3.03846637058355  3.86610364873746   0.33337858196243  c
 2.78840571636063  1.21408407627109   1.44443034618258  c
 1.27658389983327 -2.42137815530203  -0.76223223651167  o
 3.55133714435776 -1.07150193558429  -0.26240633307732  c
-0.47498921747170  1.02063216689958   3.97611700121402  h
 3.87935638573859  1.08608791896446   3.19225534856497  h
 0.26935808728333 -3.02920383224824   2.92381094518611  h
-3.25053398789064 -5.75302017871381   1.29433568148711  c
 4.72862141442528 -0.41294775038276  -2.81552579071498  c
 5.40434519256619 -2.78462748033745   1.18016137563689  c
-2.49720022547244  4.83942859152529   2.54643238603169  c
-5.34453313988931  1.72041165651734   0.03449640599014  h
-4.26949311146532  3.95268159649525  -2.16585290653178  h
-4.27076315047390  0.47376645808797  -4.76797291554838  h
-1.20776911025854  0.10963552668216  -3.52904026731526  h
-3.02845191267957 -3.90352326848059  -3.23303438735366  h
-5.95672375197147 -2.73853163208821  -2.13310046434317  h
-4.34692221985063 -1.92051257897757   1.98459502776078  h
 0.14075339734622  6.34661982202099  -1.21888321302300  h
 0.61497422968757  3.53569397637341  -2.92721771982350  h
 4.67125579211973  4.07360836565634  -0.89767316604311  h
 3.24938404721343  5.21104499059701   1.88401966202911  h
-2.90673736639657 -6.10697200982697   3.29070965281219  h
-5.11828375747843 -6.46901389038610   0.82034286898026  h
-1.85272784604362 -6.78242389738548   0.19553799580483  h
 6.55513115919724  0.48972496674958  -2.56208185511883  h
 4.99152529273828 -2.15441839937994  -3.87351073226443  h
 3.50378067462971  0.81340604946879  -3.91051215845058  h
 5.80991918171864 -4.45980248792636   0.06165314764537  h
 7.15951501067691 -1.78231642006247   1.54682880346193  h
 4.59761447156728 -3.38402008626318   2.97279768833625  h
-0.96677533571837  5.57347708448323   3.70473367346607  h
-3.44150673003131  6.42610700278364   1.64062221557271  h
-3.85449044001251  3.90828790828208   3.78021230481044  h
$end