           1           2  0.988118807723812     
           2           3   1.00628725645779     
           3           4   1.00714478327954     
           4           5  0.996389889117281     
           5           6  0.979538551915887     
           1           7  0.969169091034098     
           6           7  0.971470208766784     
           1           8  0.984414991224541     
           8           9   1.00857741286054     
           7          10  0.982259072583725     
           9          10  0.999522084227018     
           6          11  0.976418740501230     
          10          12  0.956150699311609     
          11          12  0.961428118068372     
           7          13  0.971923045199277     
          10          14  0.972856810263834     
           6          15  0.953527477716644     
           5          16   1.00667721538941     
          12          17  0.996715735674118     
          12          18  0.988362637040585     
           1          19  0.998457058817229     
           2          20  0.973014343585185     
           2          21  0.976166913744010     
           3          22  0.978750599073612     
           3          23  0.966782618316315     
           4          24  0.976144227214466     
           4          25  0.978875844153474     
           5          26  0.965953137206745     
           8          27  0.977542620724360     
           8          28  0.967246699518943     
           9          29  0.973763826134911     
           9          30  0.977547526770148     
          16          31  0.986594260525696     
          16          32  0.986446826814045     
          16          33  0.986560491599442     
          17          34  0.984053117348398     
          17          35  0.982403862362027     
          17          36  0.978503242172962     
          18          37  0.984980802111272     
          18          38  0.986097116769278     
          18          39  0.983586608735611     
          19          40  0.984915714088316     
          19          41  0.985213743113971     
          19          42  0.985476908390390     
