   -0.00815745
   -0.03700220
   -0.06188865
   -0.05838746
   -0.03511965
    0.10869166
   -0.07091508
    0.00800328
   -0.48422275
    0.08389167
   -0.11310177
    0.00887799
   -0.11160230
    0.04673723
   -0.49382156
   -0.11705526
    0.04207182
    0.04270798
    0.03947001
    0.04216692
    0.04006576
    0.04495770
    0.05805402
    0.05100206
    0.31308759
    0.02223095
    0.04171401
    0.03423981
    0.03412214
    0.03205437
    0.03395526
    0.31972442
    0.04710844
    0.05088155
    0.04545749
