$coord
-0.08522020218579 -1.07301932970684   0.58768662663581  c
-1.99837876374144  1.10412210086855   1.31252579531830  c
-0.68469333656707  3.74445600019490   1.20128989237202  c
 1.10327180197242  4.12397594139736  -1.07427151183697  c
 2.77138858456571  1.75620420969401  -1.53298200679673  c
 1.04587865879124 -0.52600650251649  -2.07803294186261  c
 2.30499886944738 -0.86268779178525   2.30716927519947  c
 4.08183013040105  0.93988040497118   0.90863447117548  c
 2.45210421574151 -2.64440035496786  -3.10537236298083  o
-1.40547400165926 -3.67293807091902   0.80213089874646  c
 6.39318225993069  1.64843855552375   1.64987901873348  c
-4.54960504964327  1.01821261442513  -0.06937879541159  c
-4.96179719483839  1.88169424045817  -2.42216606299657  c
-2.44071150872998  0.76898833757655   3.32394767545659  h
 0.24179088607504 -5.79495636537911   0.51749422753414  o
-6.73437893171990 -0.00913957415469   1.48386083673604  c
-2.13283334715738  5.23742112073501   1.22998633089994  h
 0.42686209453537  3.98438266303389   2.94530097811001  h
 0.03362350840735  4.53707034335984  -2.81323122134153  h
 2.32561127283567  5.77318736066499  -0.72494250576467  h
 4.10861624927271  2.12594147515903  -3.08598625666313  h
-0.41762558847289 -0.13085108225738  -3.49378911393121  h
 3.18442995022509 -2.73596319636763   2.53129930335292  h
 1.84121409155042 -0.19085059287054   4.22272880536107  h
 4.17510997850139 -2.59587007032046  -2.42292523399908  h
-2.96899401681647 -3.75836847237781  -0.58703346839953  h
-2.25655149225019 -3.85206797348492   2.69635737472377  h
 7.21322859993569  1.00021138378007   3.43175454011796  h
 7.55608777306925  2.91252955854903   0.50238047372655  h
-6.84728879359116  1.80660175435376  -3.26078280568331  h
-3.49291555577703  2.71166368521106  -3.60234280102830  h
 1.16625395238068 -5.49037297468557  -1.06562728300580  h
-6.35769601413557 -1.93977817309267   2.16752441373441  h
-7.03125164952299  1.16879559982934   3.18043195942437  h
-8.50707006214541 -0.04051396606516   0.40000054231296  h
$end
