           1           2  0.957695348553321     
           2           3  0.985147996020567     
           3           4   1.00879031902009     
           4           5  0.978742403424174     
           1           6  0.962721086931096     
           5           6  0.976824334595652     
           1           7  0.983315480419018     
           5           8  0.993093900810540     
           7           8   1.00784106833110     
           6           9  0.973431897742868     
           1          10  0.977027487807474     
           8          11   1.93432710719621     
           2          12  0.996433468352992     
          12          13   1.92893507472960     
           2          14  0.963193140298677     
          10          15  0.998106875370426     
          12          16   1.02420214910462     
           3          17  0.976031662420220     
           3          18  0.976698730728740     
           4          19  0.969794404611799     
           4          20  0.975456582017609     
           5          21  0.962982072646667     
           6          22  0.957775115386022     
           7          23  0.954412195685056     
           7          24  0.962702329224602     
           9          25  0.882067390265513     
          10          26  0.967276271351566     
          10          27  0.970710635910944     
          11          28  0.975055771725907     
          11          29  0.974865871454071     
          13          30  0.974092207089232     
          13          31  0.966775251380630     
          15          32  0.857912267252366     
          16          33  0.971288528669191     
          16          34  0.968479546360976     
          16          35  0.984114710538324     
