   -0.01009733
   -0.02749322
   -0.05958881
   -0.05587658
   -0.02867922
    0.11841910
   -0.07184345
    0.00986086
   -0.46861574
    0.08158698
   -0.11220434
    0.01068986
   -0.11228456
    0.04701236
   -0.47451451
   -0.11704873
    0.03896965
    0.03631634
    0.05100911
    0.03609795
    0.04093970
    0.00317763
    0.05238317
    0.04442945
    0.30876608
    0.01712690
    0.04489058
    0.03720089
    0.03801601
    0.02474174
    0.04568321
    0.31115926
    0.05961242
    0.04333061
    0.03682663
