$coord
 0.03133772914938 -1.41314113027127  -0.02715985800258  c
 1.16297953746119  0.88805884706373  -1.44549346962905  c
-0.79303339096683  3.04021559765028  -1.65179059637376  c
-2.45917299944258  3.40797338308779   0.67763843844670  c
-3.44847169172218  0.86675518002613   1.64999286513965  c
-1.18317642951266 -0.70665054760492   2.53106065396163  c
-2.33175375435712 -2.32969653122269  -1.47068091805133  c
-4.45542373624682 -0.69339039361772  -0.50025048388768  c
 0.28972346542642  0.58971293246905   4.30260075186771  o
 1.97932197377482 -3.53753017732917   0.29119259615300  c
-6.78113678016602 -0.63347657748823  -1.39969406498478  c
 3.72522362462303  1.76625834021954  -0.50339212994968  c
 4.08834955224320  3.35253721518695   1.39620959387979  c
 1.51059074801786  0.21741056697119  -3.37713782824721  h
 2.92397024153958 -4.48751505548277  -2.00517923656714  o
 5.91585129324897  0.83274282398152  -2.05015923706615  c
 0.20140704106486  4.79786780403001  -2.07070616894599  h
-2.03191204027592  2.63433269893652  -3.25344143792624  h
-1.41574739802466  4.30729375876583   2.20563142358725  h
-4.04904488117910  4.62385319145172   0.17786545887120  h
-4.82801734916972  1.16966867737241   3.15088664795089  h
-1.88487533436509 -2.47654021672762   3.39819492004051  h
-2.13110916978484 -2.18379274749353  -3.51758752241658  h
-2.72860842868088 -4.30785576558321  -1.00802731739831  h
 1.90286376887826 -0.23388042134940   4.45687119616110  h
 1.12102443064189 -5.07741179707670   1.40095100951411  h
 3.63220202258224 -2.84841402446557   1.32223817785747  h
-7.35521208910718 -1.78562646415485  -2.97687177005506  h
-8.20562249062508  0.57359562180633  -0.59322040739914  h
 5.96715425689252  3.94589953119154   1.91609876172901  h
 2.57768487209219  4.10914567512624   2.51853715811492  h
 1.52461299529228 -5.09664700485731  -2.99824597811228  h
 5.79934245772686 -1.19692643509357  -2.35131317205558  h
 5.88354911931680  1.73687904612576  -3.90259344914960  h
 7.70525519482874  1.28055458594301  -1.14553521160235  h
$end