           1           2  0.961864719503710     
           2           3  0.985782777993338     
           3           4   1.00946085650456     
           4           5  0.978315249622959     
           1           6  0.958271824048474     
           5           6  0.974044766490268     
           1           7  0.980320931795731     
           5           8  0.996664955054659     
           7           8   1.00331508905951     
           6           9  0.992732627350953     
           1          10  0.978800406120897     
           8          11   1.93746390316984     
           2          12  0.994516845524264     
          12          13   1.93103580300291     
           2          14  0.961309845284564     
          10          15  0.994949089530761     
          12          16   1.02394126156600     
           3          17  0.976245389222491     
           3          18  0.977148368231841     
           4          19  0.968354887502955     
           4          20  0.976075020261646     
           5          21  0.964288555100885     
           6          22  0.955974821806078     
           7          23  0.964988574385505     
           7          24  0.958965137436733     
           9          25  0.882910187332739     
          10          26  0.966333705270445     
          10          27  0.967027521885149     
          11          28  0.974655062699999     
          11          29  0.974542585757252     
          13          30  0.974724247399222     
          13          31  0.968108368468449     
          15          32  0.885181553932422     
          16          33  0.968753620174755     
          16          34  0.967864709110439     
          16          35  0.984669659334020     
