   -0.00944876
   -0.03414085
   -0.06252211
   -0.05528510
   -0.03755608
    0.11652421
   -0.07463351
    0.00914896
   -0.49626893
    0.07935002
   -0.11304926
    0.01221357
   -0.11757943
    0.04798487
   -0.47766809
   -0.11906717
    0.04063432
    0.04202792
    0.03856825
    0.03702143
    0.03536060
    0.02670393
    0.05250026
    0.06042058
    0.32006590
    0.03055343
    0.04883485
    0.03550187
    0.03510582
    0.03491503
    0.03955659
    0.30617339
    0.04657591
    0.04910003
    0.05237757
