           1           2  0.957896405064031     
           2           3  0.987351852843208     
           3           4   1.00884794851424     
           4           5  0.981230276988155     
           1           6  0.960607344565825     
           5           6  0.963089764892286     
           1           7  0.982817480553487     
           5           8  0.994687086482736     
           7           8   1.00653542036998     
           6           9  0.997534427630298     
           1          10  0.975775492459700     
           8          11   1.93545834362235     
           2          12  0.996700985299980     
          12          13   1.91412536319230     
           2          14  0.958762134162573     
          10          15  0.992254307853422     
          12          16   1.02445297490231     
           3          17  0.975411615663306     
           3          18  0.976239147120355     
           4          19  0.967039115704808     
           4          20  0.975540663091770     
           5          21  0.965493275201537     
           6          22  0.956193054893455     
           7          23  0.963909995769690     
           7          24  0.954815767930873     
           9          25  0.850770810209634     
          10          26  0.968608512348984     
          10          27  0.969121719607929     
          11          28  0.974798895372815     
          11          29  0.974835841012969     
          13          30  0.973731824336627     
          13          31  0.961261760748636     
          15          32  0.886931478960227     
          16          33  0.983456227558024     
          16          34  0.971720762113892     
          16          35  0.965095256883470     
