    0.00152069
   -0.03364715
   -0.06156246
   -0.06073431
   -0.03388812
    0.11417451
   -0.06826735
    0.01642213
   -0.48905512
    0.07833654
   -0.11325699
    0.00861059
   -0.10959298
    0.05135058
   -0.47856745
   -0.11023015
    0.04092093
    0.03997431
    0.04351883
    0.04020396
    0.03387589
    0.01743424
    0.05308218
    0.04805254
    0.30801438
    0.03527850
    0.04595398
    0.03341521
    0.03381071
    0.02929385
    0.03764033
    0.30889432
    0.04308173
    0.04346426
    0.05247690
