           1           2  0.956538126666105     
           2           3  0.990689970794697     
           3           4   1.00866603536009     
           4           5  0.978311463506309     
           1           6  0.968790743372340     
           5           6  0.974274371020493     
           1           7  0.980290428806422     
           5           8  0.994776719222260     
           7           8   1.00643611904339     
           6           9  0.974798227157015     
           1          10  0.980074471814891     
           8          11   1.93665392531920     
           2          12  0.996340322411217     
          12          13   1.92795134446996     
           2          14  0.958884466529384     
          10          15  0.992088854383384     
          12          16   1.02583614276432     
           3          17  0.973467634143475     
           3          18  0.975678641072570     
           4          19  0.971974369006577     
           4          20  0.976268062973457     
           5          21  0.962378553749248     
           6          22  0.954054817564048     
           7          23  0.957252677257233     
           7          24  0.964605938964831     
           9          25  0.887194158192059     
          10          26  0.966385352964547     
          10          27  0.968220575499878     
          11          28  0.975145601127299     
          11          29  0.974885363151870     
          13          30  0.975344830588732     
          13          31  0.974570375955358     
          15          32  0.887707513077726     
          16          33  0.962861319486815     
          16          34  0.982977823436226     
          16          35  0.967976580916496     
