    0.00192074
   -0.03445844
   -0.06255434
   -0.05829222
   -0.03439674
    0.11208368
   -0.06865498
    0.01639743
   -0.48607705
    0.08042089
   -0.11332450
    0.01364078
   -0.11382186
    0.05255739
   -0.47612578
   -0.11802577
    0.04089490
    0.04066773
    0.03668411
    0.04118154
    0.03406053
    0.01998183
    0.05338147
    0.04804165
    0.30859230
    0.03445527
    0.04646129
    0.03379591
    0.03353228
    0.02833612
    0.02890604
    0.30946569
    0.03940348
    0.06388755
    0.04698110
