$coord
 0.17190333760750 -1.16639459004388   0.18414501179411  c
-1.76357776616722  0.76199455507440   1.23776043070846  c
-0.60628499778702  3.43131333282667   1.39391503645079  c
 1.08035103188999  4.17138362894572  -0.83282819141438  c
 2.82758366314664  1.98249742911590  -1.55827723884019  c
 1.19868847733801 -0.26756076725363  -2.37721326019930  c
 2.57999744598110 -1.13308081661498   1.82415937333698  c
 4.14501418442196  0.99312499915597   0.76443725002410  c
 2.64048584222075 -2.22390868100684  -3.48761325391035  o
-0.96950292899128 -3.82340069678798  -0.01287435468238  c
 6.29591008195863  1.84710479380327   1.69466536335640  c
-4.29846470735206  0.69176317860801  -0.09258055659270  c
-4.83130309214002  1.84849301269325  -2.24652825750910  c
-2.14551561992344  0.16331884491128   3.18431432915735  h
-1.82787654645090 -4.78308260458786   2.31890516930299  o
-6.31006928429940 -0.73124726726244   1.31312928805117  c
-2.13247244334510  4.80573016075307   1.58685023460631  h
 0.53927329190667  3.53647406627841   3.10750925029059  h
-0.04653950095247  4.70884379042906  -2.47277246188142  h
 2.21562963797237  5.80913518348207  -0.29529195617127  h
 4.15491925023794  2.58057632389538  -3.02623653647598  h
-0.32590432339602  0.28142636322423  -3.66910045491510  h
 3.60714961625655 -2.90939373343517   1.58041309874460  h
 2.18590737030312 -0.87744376937947   3.83158782278783  h
 3.52777727887486 -1.53790664788758  -4.92077352745989  h
 0.44464509649251 -5.08657535892748  -0.84965895192412  h
-2.61416477052840 -3.78474480857598  -1.25810788120877  h
 7.12101162619781  1.06659647301398   3.38349432155829  h
 7.32136360085251  3.36315646425266   0.80510888207105  h
-6.69562618921917  1.73692432320784  -3.05922415432501  h
-3.49554005539654  2.96602071376575  -3.29012941996427  h
-0.39932872417625 -4.91573221342329   3.43925805307394  h
-7.98970551272776 -0.98261381200005   0.15798458307407  h
-5.61802139615182 -2.56970943699237   1.91551709835842  h
-6.83688745443003  0.32044311429304   3.00603581205993  h
$end