           1           2  0.959276476655690     
           2           3  0.986638665401553     
           3           4   1.00836158080015     
           4           5  0.979144882832318     
           1           6  0.968314312869395     
           5           6  0.973567904447595     
           1           7  0.981051578416337     
           5           8  0.994539202389240     
           7           8   1.00672039328167     
           6           9  0.977709371065377     
           1          10  0.978300863001737     
           8          11   1.93683691292719     
           2          12  0.996389963014615     
          12          13   1.92638414703554     
           2          14  0.961678597340285     
          10          15  0.992476790880696     
          12          16   1.02590362242655     
           3          17  0.976259023445532     
           3          18  0.977017497082503     
           4          19  0.969594510402181     
           4          20  0.975755380559751     
           5          21  0.962198087185907     
           6          22  0.956190385248928     
           7          23  0.957150438270123     
           7          24  0.965263323049820     
           9          25  0.886955342357386     
          10          26  0.966597181935961     
          10          27  0.968912817194995     
          11          28  0.975106233051830     
          11          29  0.974885613714949     
          13          30  0.974495954876530     
          13          31  0.967281231118971     
          15          32  0.887468434768174     
          16          33  0.984401743845525     
          16          34  0.967678375477348     
          16          35  0.966858997771690     
