   -0.00928751
   -0.02954977
   -0.06296754
   -0.05544159
   -0.03768232
    0.11320025
   -0.07273371
    0.00935254
   -0.49475421
    0.07986338
   -0.11246521
    0.01578523
   -0.12014781
    0.05248360
   -0.47711216
   -0.11987354
    0.03990303
    0.03959252
    0.03986260
    0.03678495
    0.03766498
    0.02583824
    0.05274242
    0.04593340
    0.32182312
    0.02046805
    0.05331761
    0.03627403
    0.03692936
    0.03245691
    0.03732587
    0.30953201
    0.06586621
    0.04825489
    0.04076017
