$coord
 0.01913862198861 -1.43176771830502  -0.07652419129828  c
 1.17426154976184  0.89485868599754  -1.45542719692117  c
-0.80861002018252  3.01882777033687  -1.69877036704174  c
-2.46347341724991  3.42152036235193   0.63676360509435  c
-3.41574214526633  0.88869248697346   1.65994934019897  c
-1.14872284131502 -0.73124077643115   2.50346666615268  c
-2.36611976414234 -2.28275257974650  -1.51909265401321  c
-4.47167173639995 -0.66888980092669  -0.47056763401568  c
 0.46589925232768  0.30109621179314   4.30867213993057  o
 1.91378534388842 -3.60042538091864   0.24201791425947  c
-6.82530011416601 -0.62689862679456  -1.29532124811674  c
 3.69489956894481  1.82623817355328  -0.45297319209289  c
 3.98967210913508  3.74641440131162   1.13370868926955  c
 1.58991608507622  0.23730620474190  -3.37927423978800  h
 2.92923118086929 -4.49887263755322  -2.04935973249288  o
 5.98139305071824  0.61080137103932  -1.61638303682243  c
 0.15575264058640  4.77713714144893  -2.18372805479832  h
-2.06026387761412  2.55830032171253  -3.27364066341153  h
-1.45005650097528  4.40363194486317   2.13944290810742  h
-4.07601291780701  4.59808572598824   0.11179497927565  h
-4.77172471316923  1.20023681631309   3.18176312651147  h
-1.87984087436514 -2.46211145988389   3.38694549663381  h
-2.19015541756342 -2.07695644264128  -3.56348903085313  h
-2.76850103625042 -4.27139275449554  -1.11528567028191  h
 1.49404316958206  1.58330327441574   3.51161545816990  h
 0.97546458538235 -5.14840043744622   1.26461255909473  h
 3.51423802651188 -2.97735600084737   1.38517944503303  h
-7.43812122864562 -1.77840789384801  -2.85826168229158  h
-8.23649751636422  0.56063405758607  -0.43766385159853  h
 5.85173967181870  4.35287983770800   1.69171685902072  h
 2.46468108565874  4.85513440204097   1.89631899648412  h
 1.56456430229061 -5.12840160570024  -3.07667708675252  h
 5.70357911422263 -1.39120619587509  -1.95902738515034  h
 6.34507473791020  1.50176930747606  -3.44087683272417  h
 7.64138458037577  0.87900291078497  -0.43659816568344  h
$end