           1           2  0.958495838963084     
           2           3  0.988455826601730     
           3           4   1.00871684801832     
           4           5  0.980319518800316     
           1           6  0.958614310309669     
           5           6  0.962640226271656     
           1           7  0.981460240206226     
           5           8  0.996214173510398     
           7           8   1.00279132463253     
           6           9   1.00067848197482     
           1          10  0.980146128117824     
           8          11   1.93767159320552     
           2          12  0.996813898661360     
          12          13   1.91023394005161     
           2          14  0.957241792422284     
          10          15  0.990695292466845     
          12          16   1.02505161936602     
           3          17  0.975386452338190     
           3          18  0.976403018796807     
           4          19  0.967125800111834     
           4          20  0.975718323644981     
           5          21  0.965045049486232     
           6          22  0.960926122108614     
           7          23  0.964480766998202     
           7          24  0.959026047259487     
           9          25  0.847221125717310     
          10          26  0.967028447101987     
          10          27  0.968149868948535     
          11          28  0.974676181656752     
          11          29  0.974635492426970     
          13          30  0.974257068104562     
          13          31  0.962003305905959     
          15          32  0.886778989470575     
          16          33  0.969958942314926     
          16          34  0.963419211061678     
          16          35  0.982893972360243     
