   -0.01000942
   -0.02563126
   -0.05912690
   -0.05759082
   -0.02812446
    0.11831532
   -0.07179645
    0.00964979
   -0.46862236
    0.07834438
   -0.11232286
    0.01266988
   -0.11480039
    0.04555507
   -0.47754585
   -0.11675509
    0.03982614
    0.03562456
    0.05556260
    0.03534032
    0.04053454
    0.00428945
    0.05263876
    0.04470310
    0.30805918
    0.01815348
    0.04709566
    0.03686267
    0.03832702
    0.02476344
    0.03413728
    0.30998002
    0.06794441
    0.03700552
    0.04694327
