$coord
 0.06115782893255 -1.50328779967272  -0.06674842371348  c
 1.29170599730704  0.78865845335287  -1.53887345357275  c
-0.70042340247623  2.92526399582723  -1.93651184666187  c
-2.38162836246631  3.46460124903432   0.39178262121822  c
-3.38505079091576  0.97676137798835   1.58327817604943  c
-1.16118704972647 -0.68093203229611   2.48723515154506  c
-2.38205669773701 -2.35899096589248  -1.50845402594019  c
-4.51365009223735 -0.71058837212320  -0.45308778032280  c
 0.38369939310127  0.62958465349001   4.26043511081229  o
 1.88919444448299 -3.73806572290968   0.29728041232250  c
-6.93453820484735 -0.75821037709415  -1.17629585993768  c
 3.85844832897316  1.75370887001027  -0.55453249591758  c
 5.99938975847614  0.60026463871680  -1.29668007640836  c
 1.70669034281308  0.01179076461515  -3.42572069985561  h
 2.85403234456170 -4.77741603974391  -2.01177849168636  o
 4.02023707789627  4.09866570596459   1.09241610356055  c
 0.24212506591409  4.67192897226139  -2.56025380665838  h
-1.93564850466500  2.37301697080898  -3.51877738222914  h
-1.34718200535949  4.54530657130097   1.83479559114187  h
-4.00393926050374  4.63455374457137  -0.19032915818884  h
-4.73699460551926  1.40265014020221   3.10684951010345  h
-1.94579371525812 -2.40264359959855   3.39494876790528  h
-2.19669821146034 -2.18289631221133  -3.57444946487752  h
-2.78861536093474 -4.36844562043379  -1.11211880368284  h
 1.77788479809640 -0.47679699744720   4.76221042952131  h
 0.91299420910298 -5.21371458803001   1.41906266095849  h
 3.56568403985554 -3.14429448855676   1.37244398605265  h
-7.59950391917426 -2.01091561582825  -2.67833646832454  h
-8.34840569482272  0.46115238252155  -0.29357087050840  h
 7.85269728280818  1.26751523566717  -0.67440354901195  h
 5.97994463935946 -1.04816152768885  -2.53647226060176  h
 1.42985845742167 -5.46705267849333  -2.96903225350982  h
 2.93952840257494  3.87314731671805   2.84708041349374  h
 5.99856302318458  4.51452195058941   1.57777039835624  h
 3.25670175227265  5.77159168676611   0.11166515528776  h
$end
