           1           2  0.957620387292327     
           2           3  0.991851207057290     
           3           4   1.00937648661747     
           4           5  0.978237705568683     
           1           6  0.958629374832251     
           5           6  0.974946543253535     
           1           7  0.979928734862610     
           5           8  0.995766755007291     
           7           8   1.00300453942767     
           6           9  0.987287282869601     
           1          10  0.980738825060322     
           8          11   1.93773793863981     
           2          12  0.995280526295012     
          12          13   1.92432567255405     
           2          14  0.958150793413565     
          10          15  0.993470518531499     
          12          16   1.02845013252808     
           3          17  0.972738352985173     
           3          18  0.975597505665669     
           4          19  0.969438231546001     
           4          20  0.976456977614051     
           5          21  0.964828569575261     
           6          22  0.958200188426306     
           7          23  0.964091441058598     
           7          24  0.959172987323016     
           9          25  0.886692584347971     
          10          26  0.966383974782048     
          10          27  0.965699438825062     
          11          28  0.974632811396767     
          11          29  0.974485279676076     
          13          30  0.975622183369309     
          13          31  0.974229984627880     
          15          32  0.886030925819017     
          16          33  0.959690080168546     
          16          34  0.983612578660516     
          16          35  0.965540043540571     
