    0.01891831
   -0.06247938
   -0.05582848
   -0.06284164
   -0.01544584
    0.11311268
   -0.03375847
   -0.06044822
   -0.06082171
   -0.03206212
   -0.32669640
    0.14179430
    0.01994028
    0.02173728
    0.00291289
   -0.10587634
   -0.11043040
   -0.11496569
   -0.10854190
    0.02878159
    0.03317296
    0.02677678
    0.02960973
    0.05191854
    0.03104957
    0.02909008
    0.02652112
    0.04475041
    0.03730336
    0.02790393
    0.03106533
    0.03374815
    0.05153813
    0.05045831
    0.03658922
    0.04940976
    0.03369717
    0.03339566
    0.04467809
    0.03751800
    0.03333138
    0.02947359
