           1           2  0.987868070187096     
           2           3   1.00625099946306     
           3           4   1.00516640303924     
           4           5  0.997383240585210     
           5           6  0.979517064966797     
           1           7  0.972672715666025     
           6           7  0.966555261410664     
           1           8  0.987441100328217     
           8           9   1.00782082446457     
           7          10  0.980801221845059     
           9          10  0.995594508112322     
           6          11  0.975311498613136     
          10          12  0.959859521882901     
          11          12  0.964265206610722     
           7          13  0.974132079258765     
          10          14  0.974416146666049     
           6          15  0.956824377436986     
           5          16   1.00574406074565     
          12          17  0.995680418882819     
          12          18  0.985806916027867     
           1          19  0.993557000274098     
           2          20  0.972805085178143     
           2          21  0.973624875031366     
           3          22  0.978765471645473     
           3          23  0.977964709063743     
           4          24  0.969690512183465     
           4          25  0.976314486521154     
           5          26  0.964696106745782     
           8          27  0.977594167930748     
           8          28  0.970365062397408     
           9          29  0.972158080377399     
           9          30  0.977454842026397     
          16          31  0.986225168996550     
          16          32  0.986292954289566     
          16          33  0.985913944427893     
          17          34  0.982001894357591     
          17          35  0.984757337288238     
          17          36  0.982347161427194     
          18          37  0.986331574167170     
          18          38  0.984547291420914     
          18          39  0.985175352545630     
          19          40  0.983474888946793     
          19          41  0.985126347438880     
          19          42  0.986028386312796     
