nmr_J000001.out
                1             2             3             4             5 
      1  0.243533E+11
      2  0.441729E+02  0.243533E+11
      3 -0.957492E+00  0.419610E+02  0.243533E+11
      4  0.543253E-01 -0.239890E+01  0.393839E+02  0.243533E+11
      5  0.112444E+00  0.547769E+00 -0.138917E+01  0.414107E+02  0.243533E+11
      6  0.110543E+01 -0.623565E-01  0.119747E+00 -0.349074E+01  0.504746E+02
      7  0.511573E+02 -0.490275E+00 -0.338565E-01 -0.484476E-01  0.134793E+01
      8  0.402785E+02 -0.817697E+00  0.508708E+01 -0.436582E-01 -0.660164E-01
      9 -0.125894E+01  0.572970E+00 -0.596216E-02  0.881243E-02 -0.404496E-01
     10  0.155483E+01  0.345746E-02 -0.119908E-01 -0.327053E-01  0.203208E+01
     11  0.117602E+00 -0.955594E-01  0.345919E-01 -0.205062E+01 -0.767434E+01
     12 -0.116430E+00 -0.846012E-01  0.998047E-02 -0.448666E-01  0.424291E+01
     13 -0.182935E+00  0.560349E+01 -0.147577E+00 -0.947577E-01  0.433473E+00
     14  0.296559E+01 -0.188090E+00 -0.594283E-02 -0.129717E-01 -0.382744E+00
     15  0.632279E+01 -0.256044E+00 -0.233918E+00  0.481662E+01 -0.164490E+00
     16 -0.146329E+00 -0.122550E+00  0.662068E+01 -0.471460E+00  0.367344E+02
     17 -0.241342E-01  0.209429E-01  0.170563E-02 -0.693468E-03 -0.191369E+00
     18  0.327985E+00  0.151113E-01 -0.579240E-02  0.172472E+00 -0.185404E+00
     19  0.406076E+02 -0.116843E+01  0.187185E+01 -0.728713E-01  0.145183E-01
     20 -0.161537E+01  0.125578E+03 -0.265355E+01  0.857544E+01 -0.282922E+00
     21 -0.673649E+00  0.128657E+03 -0.153584E+01  0.356234E+01 -0.173939E+00
     22  0.228193E+01 -0.115858E+01  0.128756E+03 -0.954359E+00  0.180914E+01
     23  0.822365E+01 -0.124122E+01  0.125256E+03 -0.183493E+01  0.915300E+01
     24 -0.753303E-01  0.210677E+01 -0.149334E+01  0.133092E+03 -0.133153E+01
     25 -0.599779E-01  0.932326E+01 -0.216251E+01  0.125173E+03 -0.944043E+00
     26 -0.137800E+00 -0.128775E+00  0.281783E+01 -0.119825E+01  0.135066E+03
     27 -0.517321E+00  0.566832E+01  0.134708E+01 -0.435154E-01 -0.772433E-03
     28  0.103612E+00  0.349125E+01 -0.228912E-01  0.213160E-01  0.400338E-01
     29  0.203449E+00  0.355641E+00 -0.309922E-02  0.174021E-01  0.691784E-02
     30  0.638471E+01  0.132050E+00 -0.953847E-01  0.333189E-01  0.134302E+00
     31  0.859248E-02 -0.506853E-01  0.157839E+01  0.875754E+01 -0.106030E+01
     32 -0.351564E-01  0.173438E-01 -0.135871E+00  0.214168E+01 -0.705869E+00
     33  0.419297E-02  0.213651E-02 -0.253698E+00  0.231947E+01 -0.195132E+01
     34 -0.845399E-02  0.172555E+00 -0.936419E-02  0.195352E-01  0.291467E-01
     35 -0.737081E-02  0.138582E-01  0.141639E-02  0.153206E-01  0.128765E+00
     36 -0.807512E-04  0.401511E-01 -0.224531E-02  0.194301E-02 -0.469600E-02
     37  0.324368E-01  0.232634E-02 -0.158516E-02  0.603040E-01 -0.457859E-01
     38  0.117006E+00  0.653971E-02  0.161588E-02 -0.136931E-01  0.122494E+00
     39  0.244248E-01 -0.308798E-02 -0.381190E-02  0.137551E+00  0.124521E+00
     40 -0.195401E+01  0.642076E+00  0.339433E+00 -0.204898E-02  0.118053E+00
     41 -0.448468E+00  0.640054E+01  0.880217E+00 -0.146814E-01 -0.145515E-01
     42 -0.165166E+01  0.240124E+01  0.113187E+00  0.565625E-01 -0.191274E-01
                6             7             8             9            10 
      6  0.243533E+11
      7  0.557917E+02  0.243533E+11
      8  0.361396E+01 -0.365890E+00  0.243533E+11
      9  0.856014E+00  0.317745E+01  0.389029E+02  0.243533E+11
     10  0.160675E+01  0.539340E+02  0.111800E+01  0.478405E+02  0.243533E+11
     11  0.241535E+02  0.119990E+00 -0.246852E+00  0.245950E+00 -0.892138E+00
     12 -0.361729E+01  0.194208E+01  0.206887E+01  0.480077E+00  0.600310E+02
     13  0.256372E+01  0.134606E+03  0.185580E+00  0.125487E+01 -0.118740E+01
     14  0.155220E+01 -0.434078E+00  0.464217E+00 -0.704710E+00  0.135103E+03
     15  0.144826E+03  0.177244E+01  0.362067E+00 -0.968246E-01  0.281160E+00
     16 -0.206461E+01  0.464138E+01  0.958960E-01  0.738505E-01  0.327294E+00
     17  0.339416E+01  0.687216E+00  0.217306E+00  0.243052E+01  0.140706E+01
     18  0.114445E+00  0.347767E-01  0.201634E+00  0.231351E+01  0.167813E+01
     19  0.441315E-01  0.386617E+00 -0.137385E+00  0.485932E+01  0.389734E+01
     20 -0.409957E-01  0.593765E+01  0.393512E+01 -0.101929E+00 -0.148692E+00
     21 -0.125824E+00  0.157148E+01  0.727689E+00  0.218742E+00 -0.106954E+00
     22 -0.617720E-01 -0.552091E-01 -0.343705E+00  0.137971E+00  0.138438E-01
     23 -0.119729E+00 -0.167808E+00  0.126199E-01 -0.158786E-01 -0.957493E-02
     24  0.253623E+01 -0.609856E-01  0.687125E-01 -0.245466E-02  0.262831E-01
     25  0.612991E+01 -0.226879E+00  0.183077E+00 -0.813503E-03  0.116390E+00
     26  0.330403E+01  0.149806E+01  0.597054E-01  0.242435E-01 -0.163028E+00
     27 -0.237551E+00  0.611598E+00  0.132207E+03 -0.177705E+01  0.403286E+00
     28  0.746540E+00  0.595659E+01  0.127723E+03 -0.126673E+00  0.771119E+01
     29 -0.934864E-01 -0.714224E-01 -0.179701E+01  0.133403E+03 -0.971332E+00
     30 -0.292120E+00  0.421928E+01 -0.107455E+01  0.127583E+03 -0.523841E+00
     31  0.228394E+01 -0.125261E+00  0.406081E-01  0.184844E-02 -0.925350E-04
     32  0.846648E+01  0.101757E+01  0.700354E-01  0.591039E-01  0.273265E+00
     33  0.191671E+01 -0.327530E+00 -0.532428E-02  0.358189E-02  0.133888E-01
     34 -0.434441E-01 -0.111465E+00 -0.863134E-02  0.522597E+00  0.598507E+00
     35  0.853631E+00 -0.164472E+00  0.502792E-01  0.550934E+00  0.627539E+00
     36 -0.191108E+00  0.348420E+00 -0.146340E-01  0.196570E+01  0.557671E+01
     37  0.147068E+00 -0.110380E+00  0.138000E-02  0.136023E+00  0.272142E+01
     38 -0.112334E+00  0.329597E+00  0.220810E+00  0.850452E+00  0.666209E+01
     39 -0.700049E-01  0.222241E+00 -0.988393E-04 -0.135759E+00  0.473171E+00
     40 -0.124211E+00  0.152771E+01  0.894175E+01  0.106436E+01 -0.263426E+00
     41 -0.353224E-01  0.163734E+01  0.370508E+01  0.215158E-01 -0.671486E-01
     42 -0.860932E-02  0.766725E+01  0.100198E+01 -0.233413E+00  0.780733E+00
               11            12            13            14            15 
     11  0.708114E+10
     12  0.233128E+02  0.243533E+11
     13 -0.183159E+01  0.364222E+01  0.385007E+12
     14 -0.539913E+00  0.858270E+00  0.101657E+02  0.385007E+12
     15 -0.521628E+01  0.220644E+00  0.640796E+01 -0.182469E+00  0.385007E+12
     16 -0.389644E+00 -0.182614E+00 -0.329745E+00  0.192374E+00  0.536257E+01
     17 -0.854665E+01  0.514801E+02 -0.226572E+00  0.101214E+01  0.135112E+00
     18 -0.211523E+01  0.469212E+02 -0.850640E-01  0.701466E+01 -0.408945E-01
     19 -0.103354E+00 -0.275399E-02  0.510817E+01 -0.664190E-01 -0.205471E+00
     20 -0.116587E+00  0.389083E-02  0.146179E+01 -0.248549E-01 -0.552893E-01
     21 -0.262139E+00  0.143646E-01 -0.947326E-01 -0.530770E-02  0.860889E-03
     22 -0.260172E+00  0.124673E-02  0.394940E-01  0.118665E-01  0.107319E+00
     23  0.153515E-01 -0.651023E-02  0.249971E+00 -0.213746E-01  0.137028E+00
     24 -0.328258E+00 -0.117567E-01  0.582455E-01  0.582411E-02 -0.418638E+00
     25 -0.216879E+00  0.866020E-02 -0.271092E-01 -0.190627E-01  0.674446E+00
     26 -0.431586E+01  0.264002E+00 -0.624753E-01  0.355209E-01  0.474753E+00
     27 -0.159370E-03 -0.262135E+00  0.122583E+00 -0.142002E+00 -0.212177E-01
     28  0.127434E-01  0.462487E+00 -0.157260E+00 -0.670050E+00  0.474710E+00
     29 -0.354195E-01  0.417381E+01 -0.459565E+00  0.831759E+01 -0.405925E-02
     30 -0.127210E+00  0.897410E+00 -0.179264E+00  0.943523E+01 -0.720437E-03
     31 -0.380218E-01  0.394521E-01  0.668142E-01 -0.698672E-02 -0.278405E+00
     32  0.869311E-01  0.559998E-01 -0.103367E+00  0.420099E-01  0.530721E+00
     33 -0.614934E-01 -0.768390E-02  0.470919E-01  0.628380E-02 -0.218260E+00
     34 -0.158371E+01 -0.312954E+01  0.263564E-01 -0.218849E+00  0.557907E-01
     35 -0.874409E+01  0.167557E+01  0.219115E+00 -0.209468E+00 -0.399363E-01
     36 -0.346946E+00 -0.254388E+01  0.450511E+00 -0.350300E+00  0.875786E-02
     37 -0.403710E+00 -0.208374E+01  0.188153E-01 -0.259202E+00 -0.373292E+00
     38 -0.936935E+00 -0.247464E+01  0.557317E-01  0.158205E+01  0.617328E-01
     39 -0.467114E+01  0.173598E+01 -0.620503E-02 -0.222501E-01 -0.127197E+00
     40  0.974109E-02  0.200474E-01 -0.746524E-01  0.197445E-01  0.812665E-01
     41 -0.135688E-02  0.293910E-01 -0.237875E+00 -0.791916E-02  0.865234E-02
     42 -0.521386E-01  0.105015E+00  0.803645E+00  0.565214E-01  0.141758E+00
               16            17            18            19            20 
     16  0.243533E+11
     17 -0.510157E-02  0.243533E+11
     18  0.803417E-02  0.621469E+00  0.243533E+11
     19  0.273936E-01  0.483999E-01 -0.746740E-02  0.243533E+11
     20  0.145791E+00 -0.141283E-01 -0.966379E-02  0.119435E+01  0.385007E+12
     21  0.630526E-01  0.754906E-01 -0.155820E-01  0.677360E+01 -0.159199E+02
     22 -0.299107E+00  0.261910E-01  0.127110E-01  0.468898E+00  0.165478E+01
     23  0.547457E+00 -0.411532E-02 -0.322577E-03  0.220403E+00  0.565328E+01
     24  0.114089E+01 -0.379497E-02  0.381874E-01  0.408877E+00 -0.224781E+00
     25  0.426021E+01 -0.610295E-02  0.104208E+00  0.624442E-02  0.132268E+01
     26 -0.228617E+01  0.195302E+00  0.250698E-02  0.557051E+00  0.767933E-01
     27  0.139712E-01  0.248356E+00  0.161541E-03  0.465630E+01  0.264766E+00
     28  0.436859E-01 -0.698203E-01  0.344653E+00  0.270927E+00 -0.265907E+00
     29 -0.686050E-02  0.807170E+00 -0.238423E+00 -0.312713E+00  0.118763E+00
     30  0.704499E-01 -0.938982E-01 -0.181342E+00  0.607125E-02  0.109999E+00
     31  0.119648E+03 -0.468139E-02  0.709766E-02  0.113103E-01  0.837086E-01
     32  0.120802E+03 -0.641812E-02 -0.269137E-02 -0.106210E-02  0.341168E-01
     33  0.128051E+03 -0.358365E-02 -0.303536E-02  0.165003E+00  0.127632E-01
     34 -0.143245E-02  0.122547E+03  0.840243E+01 -0.400539E-02 -0.607896E-02
     35 -0.606306E-02  0.124273E+03  0.597776E+00  0.764355E-01 -0.644800E-03
     36  0.241104E-02  0.124213E+03  0.382642E+01  0.738869E-01 -0.511115E-02
     37  0.720147E-03  0.830623E+01  0.121017E+03 -0.111788E-02  0.240429E-03
     38  0.106137E-01  0.232379E+01  0.124420E+03  0.292819E-01  0.864723E-02
     39 -0.603227E-02  0.132391E+01  0.120454E+03  0.177392E-01  0.220097E-01
     40  0.374033E-01 -0.106810E-02 -0.442977E-02  0.119325E+03 -0.156373E+00
     41  0.126301E-01  0.375489E-01  0.613675E-03  0.124739E+03 -0.188489E+00
     42  0.745414E-02  0.384689E-01  0.574998E-02  0.121592E+03 -0.110509E+00
               21            22            23            24            25 
     21  0.385007E+12
     22  0.123026E+02  0.385007E+12
     23  0.183392E+01 -0.157160E+02  0.385007E+12
     24 -0.236015E+00  0.125393E+02  0.349973E+01  0.385007E+12
     25 -0.905954E-01  0.339742E+01  0.331233E+01 -0.156739E+02  0.385007E+12
     26  0.202176E-01 -0.195293E+00 -0.126063E+00  0.105863E+02  0.168422E+01
     27 -0.418045E+00  0.257163E-01  0.438116E+00 -0.334226E-03  0.695141E-01
     28 -0.175472E+00  0.260134E-01 -0.196083E-01 -0.673584E-02  0.283177E-01
     29 -0.124430E+00  0.819556E-01 -0.806971E-02 -0.367112E-02 -0.351668E-02
     30  0.742109E-01  0.147821E+00  0.187281E-01 -0.320034E-02  0.999876E-03
     31  0.250085E-01 -0.113740E+00  0.192281E+00 -0.325153E+00  0.760011E+00
     32 -0.112645E-02  0.570455E-01 -0.457802E-01 -0.209688E+00 -0.150986E+00
     33  0.285931E-02  0.959425E-01 -0.717071E-01 -0.133013E+00 -0.182937E+00
     34 -0.114208E+00  0.146841E-01  0.116832E-02  0.112184E-01 -0.138173E-02
     35  0.122581E-01  0.762053E-02 -0.112425E-02 -0.239751E-02 -0.827096E-02
     36 -0.178413E-01 -0.297418E-02  0.371035E-03 -0.242291E-02 -0.172642E-02
     37  0.513965E-03  0.913121E-03 -0.131314E-03  0.325990E-02  0.106609E-01
     38  0.182727E-01  0.155347E-02 -0.106865E-02  0.910107E-04 -0.414327E-02
     39  0.149046E-01 -0.792633E-03 -0.410630E-03  0.666290E-02  0.259100E-01
     40 -0.463871E+00 -0.388474E+00  0.117730E-01  0.573943E-01  0.185056E-01
     41  0.166349E+01 -0.353043E-01 -0.837913E-01  0.118139E+00 -0.503209E-02
     42  0.399481E-01  0.340591E-01 -0.227952E-02  0.493736E-02 -0.621763E-02
               26            27            28            29            30 
     26  0.385007E+12
     27  0.218631E-02  0.385007E+12
     28  0.103747E-01 -0.129591E+02  0.385007E+12
     29  0.474551E-02  0.121928E+02  0.647221E+01  0.385007E+12
     30  0.319156E-01  0.718402E+01  0.614927E+00 -0.141220E+02  0.385007E+12
     31  0.322390E+01 -0.296856E-02  0.143818E-02  0.390330E-02 -0.238353E-02
     32  0.311727E+01 -0.235973E-02  0.573790E-02 -0.191720E-02  0.138724E-01
     33  0.121068E+02 -0.641288E-03 -0.256567E-02 -0.485892E-03 -0.257988E-02
     34 -0.251963E-02  0.136704E+00  0.694077E-01 -0.584713E+00 -0.707103E-01
     35  0.180574E+00  0.524077E-01  0.196400E-01  0.354101E-01  0.136689E+00
     36 -0.111400E-02  0.249610E+00  0.607618E-01 -0.131175E+00 -0.898161E-01
     37  0.146648E-01 -0.292953E-02  0.140346E-01 -0.859980E-02 -0.542349E-02
     38  0.301503E-02 -0.128525E-01  0.162206E+00 -0.292622E-01 -0.572429E-01
     39  0.674772E-01  0.573892E-03 -0.171347E-01  0.621810E-02  0.259797E-01
     40 -0.256589E+00  0.522715E+00 -0.461399E+00 -0.934252E-01  0.456573E+00
     41  0.277816E-01 -0.261376E+00 -0.202261E+00  0.947820E-01 -0.425960E-01
     42 -0.822638E-02 -0.194489E+00  0.137431E-01  0.305423E-02  0.277956E-01
               31            32            33            34            35 
     31  0.385007E+12
     32 -0.139262E+02  0.385007E+12
     33 -0.138354E+02 -0.138022E+02  0.385007E+12
     34  0.185246E-02  0.107397E-02 -0.832292E-03  0.385007E+12
     35  0.147812E-02 -0.663107E-02 -0.394930E-02 -0.135965E+02  0.385007E+12
     36 -0.104427E-03 -0.647535E-03 -0.484749E-04 -0.158361E+02 -0.142879E+02
     37 -0.802664E-03 -0.358215E-02 -0.146687E-02  0.410396E+01  0.216848E-01
     38  0.773307E-03 -0.731554E-03  0.306202E-02 -0.528357E-01 -0.733917E-01
     39 -0.134173E-02 -0.496343E-02 -0.624044E-02  0.642585E+00  0.565429E+00
     40  0.401300E-02  0.648314E-03  0.564295E-02 -0.512583E-03 -0.967215E-03
     41 -0.168290E-02 -0.208654E-02 -0.404451E-02  0.730450E-02  0.580315E-04
     42  0.653907E-02 -0.323407E-02  0.242852E-01 -0.121266E-02  0.112866E-02
               36            37            38            39            40 
     36  0.385007E+12
     37  0.481561E+00  0.385007E+12
     38  0.402370E-02 -0.148932E+02  0.385007E+12
     39 -0.136906E+00 -0.138529E+02 -0.135562E+02  0.385007E+12
     40 -0.221069E-02 -0.145998E-03 -0.979295E-03 -0.519128E-03  0.385007E+12
     41  0.302510E-01 -0.725547E-03  0.213671E-02  0.102842E-03 -0.143641E+02
     42  0.446986E-01  0.691449E-03  0.302149E-01  0.106828E-01 -0.137441E+02
               41            42 
     41  0.385007E+12
     42 -0.143272E+02  0.385007E+12
nmr_J000002.out
                1             2             3             4             5 
      1  0.243533E+11
      2  0.452435E+02  0.243533E+11
      3 -0.109177E+01  0.411408E+02  0.243533E+11
      4 -0.528104E-01 -0.246944E+01  0.390784E+02  0.243533E+11
      5  0.185990E-01  0.511266E+00 -0.168090E+01  0.412886E+02  0.243533E+11
      6  0.524478E+00 -0.391264E+00  0.362555E+00 -0.312819E+01  0.515629E+02
      7  0.542666E+02  0.817093E+00 -0.117040E-01 -0.503370E-01  0.179116E+01
      8  0.475635E+02  0.788368E-01  0.540053E+01 -0.100665E+00 -0.486851E-01
      9  0.235447E+01  0.157389E+01  0.281504E+00  0.219497E-01  0.183700E-01
     10  0.769973E+00 -0.372507E-01  0.561173E-01  0.667733E-02  0.329254E+01
     11  0.450650E-01 -0.408673E+00  0.606442E-01 -0.140214E+01 -0.722770E+01
     12  0.372431E-01 -0.104944E+00  0.101584E-01 -0.823282E-01  0.394092E+01
     13 -0.612945E+00  0.361135E+01 -0.690797E-01 -0.458230E-01  0.817723E-01
     14  0.605778E+01 -0.248573E+00  0.601849E-01  0.738183E-02 -0.312797E+00
     15  0.665401E+01 -0.318675E+00 -0.237526E+00  0.522053E+01 -0.353224E+00
     16 -0.553456E-01 -0.124059E+00  0.696639E+01 -0.422110E+00  0.363603E+02
     17 -0.536501E-01  0.265990E-01  0.134446E-01  0.304230E-02 -0.161204E+00
     18  0.233836E+00  0.242295E-01 -0.963962E-02  0.963109E-01 -0.130568E+00
     19  0.393658E+02 -0.157601E+01  0.171286E+01 -0.306383E-01 -0.224284E-01
     20 -0.173683E+01  0.126641E+03 -0.255575E+01  0.816141E+01 -0.292198E+00
     21 -0.628411E+00  0.131953E+03 -0.116540E+01  0.460377E+01 -0.185388E+00
     22  0.296414E+01 -0.115870E+01  0.128675E+03 -0.832757E+00  0.255866E+01
     23  0.780327E+01 -0.143629E+01  0.125022E+03 -0.200817E+01  0.933307E+01
     24 -0.623630E-01  0.277716E+01 -0.122568E+01  0.133104E+03 -0.120267E+01
     25 -0.314785E-01  0.924840E+01 -0.216227E+01  0.125122E+03 -0.107820E+01
     26 -0.413174E-01 -0.104143E+00  0.270050E+01 -0.130275E+01  0.136552E+03
     27 -0.850071E-01  0.160580E+01  0.328232E+00 -0.167591E-01  0.302268E-01
     28 -0.635484E+00  0.785127E+01  0.568745E+00 -0.107873E-01  0.614518E-02
     29  0.517318E+01 -0.163789E+00  0.213330E-01 -0.157765E-01  0.332658E+00
     30 -0.119611E-01 -0.845085E-01  0.130080E+00  0.309045E-02 -0.210523E-01
     31  0.264861E-01 -0.539548E-01  0.157595E+01  0.858406E+01 -0.109424E+01
     32 -0.327746E-01  0.130495E-01 -0.122885E+00  0.220198E+01 -0.800979E+00
     33  0.202551E-02  0.145259E-02 -0.263579E+00  0.224067E+01 -0.181280E+01
     34  0.662565E-02  0.233417E+00 -0.743470E-02 -0.785833E-02  0.191839E-01
     35 -0.613172E-02  0.159973E+00  0.179692E-01  0.186989E-02  0.152933E+00
     36 -0.184377E-01 -0.431167E-01 -0.117869E-02  0.155891E-01 -0.557656E-02
     37  0.103509E+00 -0.799046E-03 -0.172207E-02  0.569329E-01 -0.280853E-01
     38  0.938614E-01  0.329930E-01  0.251772E-03 -0.526744E-02  0.103540E+00
     39  0.640236E-02  0.121043E-01 -0.274634E-02  0.728794E-01  0.237010E+00
     40 -0.162654E+01  0.737977E+00  0.390548E+00  0.835699E-02  0.585764E-01
     41 -0.793714E+00  0.706612E+01  0.580003E+00 -0.994111E-02 -0.100956E-02
     42 -0.134203E+01  0.302504E+01 -0.784804E-01  0.410961E-01 -0.230315E-01
                6             7             8             9            10 
      6  0.243533E+11
      7  0.529521E+02  0.243533E+11
      8  0.135707E+01  0.358923E+01  0.243533E+11
      9  0.373038E+01  0.801713E+00  0.411163E+02  0.243533E+11
     10  0.802523E+00  0.444482E+02 -0.133804E+01  0.458661E+02  0.243533E+11
     11  0.240818E+02  0.586337E+00 -0.257331E+00  0.167491E+00 -0.142398E+01
     12 -0.296338E+01 -0.622906E-02 -0.199999E-01  0.116565E+01  0.570298E+02
     13  0.300873E+01  0.134742E+03  0.231018E+00  0.297627E+00  0.757383E-02
     14  0.377955E+00  0.216015E+00  0.657797E+01 -0.975366E+00  0.132776E+03
     15  0.145196E+03  0.183826E+01  0.293061E+00 -0.198216E+00  0.155145E+01
     16 -0.203355E+01  0.490916E+01  0.694892E-01  0.208654E+00  0.176243E+00
     17  0.268751E+01 -0.114560E+00  0.284842E-01  0.111323E+01  0.128189E+01
     18 -0.605466E-01  0.526248E+00  0.303974E+00  0.127691E+01  0.191211E+01
     19  0.950546E+00  0.898893E+00 -0.126226E+01  0.237087E+00  0.227494E+01
     20 -0.383145E-01  0.621377E+01  0.293431E+01 -0.401507E-01 -0.160120E+00
     21 -0.136305E+00  0.923070E+00  0.220491E+01 -0.810350E-01  0.613957E-02
     22 -0.979644E-01 -0.816024E-01 -0.342020E+00 -0.293151E-02  0.507839E-02
     23 -0.216029E+00 -0.208832E+00 -0.618713E-01  0.134206E-01  0.510352E-02
     24  0.222278E+01 -0.534621E-01  0.755561E-01  0.982067E-02  0.320163E-01
     25  0.640466E+01 -0.201481E+00  0.210211E+00  0.180806E+00  0.112514E+00
     26  0.340891E+01  0.181214E+01  0.670601E-01  0.319138E-01 -0.197416E+00
     27 -0.172519E+00  0.271656E+01  0.129663E+03 -0.141112E+01  0.539577E+01
     28  0.176966E-01  0.682586E+00  0.128276E+03 -0.185892E+01  0.417802E+00
     29  0.744724E-01  0.518920E+01 -0.305946E+00  0.127484E+03 -0.138277E+01
     30 -0.335467E+00  0.613430E-01 -0.204492E+01  0.132150E+03 -0.630843E+00
     31  0.222791E+01 -0.126341E+00  0.298536E-01 -0.549441E-02 -0.116856E-01
     32  0.858655E+01  0.102504E+01  0.847330E-01  0.783264E-01  0.186507E+00
     33  0.205671E+01 -0.323501E+00 -0.151998E-02  0.236714E-02  0.100519E-01
     34 -0.815621E-01 -0.911221E-01  0.524363E+00  0.116063E+00  0.141266E+01
     35  0.742889E+00 -0.101290E+00 -0.668694E-01  0.653535E+00  0.106462E+00
     36 -0.172074E+00 -0.273883E-01  0.183608E+00  0.147688E+01  0.565249E+01
     37  0.131805E-01 -0.807378E-01  0.173488E-01  0.742244E-01  0.219652E+01
     38 -0.109311E+00  0.819677E+00  0.579537E-01  0.364341E+00  0.700045E+01
     39 -0.145151E+00  0.267071E+00  0.715712E-02 -0.967827E-01  0.787064E+00
     40 -0.139524E+00  0.205462E+01  0.917189E+01 -0.809936E-02 -0.163476E+00
     41 -0.387137E-02  0.180153E+01  0.383999E+01 -0.143559E+00 -0.117787E+00
     42  0.388722E+00  0.803463E+01  0.119272E+01 -0.112644E+00  0.721624E+00
               11            12            13            14            15 
     11  0.708114E+10
     12  0.233673E+02  0.243533E+11
     13 -0.230303E+01  0.575298E+01  0.385007E+12
     14 -0.134929E+00  0.268085E-01  0.694465E+01  0.385007E+12
     15 -0.487026E+01  0.352020E+00  0.373600E+01  0.520840E-01  0.385007E+12
     16 -0.222498E+00 -0.172804E+00 -0.318455E+00  0.844459E-01  0.547084E+01
     17 -0.742477E+01  0.503383E+02 -0.215515E+00  0.321472E+01  0.181080E+00
     18 -0.230519E+01  0.481324E+02 -0.239301E+00  0.771642E+01 -0.106472E+00
     19 -0.102264E+00  0.326724E-02  0.763046E+01 -0.608196E-02 -0.194175E+00
     20 -0.184555E+00 -0.325492E-02  0.774616E+00  0.373114E+00 -0.111234E-01
     21 -0.454687E+00  0.121362E-01 -0.258394E+00  0.371691E-01 -0.156646E-01
     22 -0.224940E+00 -0.126652E-01  0.738691E-01  0.584575E-02  0.118508E+00
     23  0.126029E-01 -0.115360E-01  0.226516E+00 -0.250363E-01  0.821257E-01
     24 -0.261925E+00 -0.573052E-02  0.447659E-01 -0.952172E-03 -0.418094E+00
     25 -0.116974E+00  0.137393E-01 -0.671869E-02 -0.920798E-02  0.759835E+00
     26 -0.412183E+01  0.287648E+00  0.102033E+00 -0.150847E-01  0.489714E+00
     27  0.127848E-01 -0.209776E+00 -0.378878E-01  0.414143E+00  0.428624E+00
     28 -0.136433E-02 -0.183848E+00 -0.370001E+00 -0.753416E+00  0.621057E-01
     29 -0.971952E-01  0.279717E+01 -0.482457E+00  0.597629E+00 -0.376958E-01
     30  0.530338E-04  0.746193E+01  0.834507E-01  0.805401E+01 -0.200667E-01
     31 -0.313652E-01  0.277801E-01  0.651113E-01 -0.201671E-02 -0.292566E+00
     32  0.811008E-01  0.701972E-01 -0.936140E-01  0.790754E-03  0.560790E+00
     33 -0.394370E-01 -0.416108E-02  0.496678E-01  0.241773E-02 -0.219063E+00
     34 -0.171669E+00 -0.256638E+01  0.746577E-01 -0.164722E+00  0.379233E-01
     35 -0.815872E+01  0.152294E+01  0.164342E+00 -0.239066E+00 -0.138771E-01
     36 -0.152247E+01 -0.299728E+01  0.642061E+00  0.281106E+00  0.286197E-01
     37 -0.954283E+00 -0.236110E+01  0.190434E-02 -0.322731E+00 -0.290174E+00
     38 -0.658707E+00 -0.237368E+01  0.225166E+00  0.149525E+01  0.995171E-01
     39 -0.540133E+01  0.193482E+01  0.697301E-01 -0.794894E-01 -0.996103E-02
     40  0.306543E-02  0.387029E-01 -0.202324E+00 -0.267767E-01  0.447531E-01
     41  0.175989E-02  0.426453E-01 -0.270347E+00 -0.258142E-01 -0.239105E-02
     42 -0.381869E-02  0.567644E-01  0.126257E+01  0.211330E+00  0.171457E+00
               16            17            18            19            20 
     16  0.243533E+11
     17 -0.614280E-02  0.243533E+11
     18  0.482865E-02  0.427336E+00  0.243533E+11
     19  0.392478E-01  0.407915E-01 -0.220353E-03  0.243533E+11
     20  0.154027E+00 -0.347503E-01 -0.332638E-01  0.278232E+01  0.385007E+12
     21  0.554638E-01  0.260606E+00 -0.261406E-01  0.723739E+01 -0.162277E+02
     22 -0.284722E+00  0.956213E-01  0.218947E-01  0.351105E+00  0.100264E+01
     23  0.641504E+00 -0.517835E-02  0.454841E-02  0.166609E+00  0.670833E+01
     24  0.148047E+01  0.403669E-02  0.184176E-01  0.374735E+00 -0.116069E+00
     25  0.377218E+01  0.323215E-02  0.632320E-01  0.294739E-01  0.132342E+01
     26 -0.220816E+01  0.170404E+00  0.339527E-01  0.271122E+00  0.728964E-01
     27 -0.702636E-02  0.410017E-01  0.540805E-01  0.769827E+01 -0.282808E+00
     28  0.218552E-01  0.282835E+00  0.926828E-03  0.421789E+01 -0.226339E+00
     29  0.914684E-01  0.377247E+00 -0.131167E+00 -0.396237E+00 -0.373003E-01
     30 -0.363116E-02  0.566417E-02 -0.499658E-01 -0.172809E+00  0.164246E+00
     31  0.119435E+03 -0.474517E-02  0.128095E-01  0.887395E-02  0.848635E-01
     32  0.120731E+03 -0.727647E-02 -0.568308E-03  0.103419E-02  0.394399E-01
     33  0.128082E+03 -0.344889E-02  0.734491E-03  0.326541E-01  0.726216E-02
     34  0.120262E-02  0.119800E+03  0.916407E+01 -0.168309E-01  0.452774E-02
     35 -0.762034E-02  0.123725E+03  0.167805E+01  0.524104E-02 -0.656417E-02
     36  0.426085E-02  0.125246E+03  0.237115E+01  0.690390E-02  0.267223E-02
     37 -0.516051E-03  0.767939E+01  0.122708E+03  0.808756E-02 -0.244530E-02
     38  0.127345E-01  0.299914E+01  0.123606E+03  0.262334E-01  0.244051E-01
     39 -0.638100E-02  0.863165E+00  0.120522E+03  0.144023E-01  0.345663E-01
     40  0.262303E-01  0.257042E-01  0.952696E-02  0.120492E+03 -0.210058E+00
     41 -0.132021E-02 -0.334256E-02 -0.112150E-02  0.124648E+03 -0.228535E-02
     42  0.165397E-01  0.242045E-01  0.200373E-01  0.121755E+03 -0.159421E+00
               21            22            23            24            25 
     21  0.385007E+12
     22  0.116141E+02  0.385007E+12
     23  0.119449E+01 -0.156240E+02  0.385007E+12
     24 -0.303912E+00  0.123415E+02  0.275767E+01  0.385007E+12
     25  0.860853E-02  0.256399E+01  0.416692E+01 -0.153837E+02  0.385007E+12
     26  0.653471E-02 -0.203037E+00 -0.101414E+00  0.107603E+02  0.219851E+01
     27  0.629203E-01 -0.282783E-01  0.259476E+00 -0.864625E-03 -0.597187E-02
     28 -0.334148E+00 -0.783209E-01  0.896051E-01 -0.178291E-02  0.543250E-01
     29 -0.257221E-03  0.390356E-01  0.133101E+00  0.114143E-02  0.349718E-01
     30  0.539746E-01  0.441407E-03 -0.219575E-01  0.133795E-02 -0.298259E-02
     31  0.394765E-01 -0.124183E+00  0.185722E+00 -0.247714E+00  0.638284E+00
     32  0.446987E-02  0.378933E-01 -0.650367E-01 -0.200802E+00 -0.130482E+00
     33  0.482131E-02  0.116993E+00 -0.788864E-01 -0.133456E+00 -0.214615E+00
     34 -0.316382E+00  0.139951E-01  0.237223E-02 -0.742807E-03 -0.234410E-02
     35  0.887729E-02  0.253994E-01 -0.885081E-03 -0.506483E-02 -0.753132E-02
     36  0.123572E-01 -0.101119E-01  0.850230E-03  0.192177E-03  0.301589E-04
     37  0.128499E-02  0.147900E-02 -0.235191E-03  0.168237E-02  0.604386E-02
     38  0.203130E-01  0.142624E-02 -0.564254E-03 -0.832711E-03 -0.317413E-02
     39  0.177584E-01 -0.106527E-02 -0.866909E-04  0.411451E-02  0.107493E-01
     40 -0.510907E+00 -0.436247E+00 -0.508922E-01  0.717454E-01  0.499132E-02
     41  0.195887E+01 -0.878400E-01 -0.864051E-01  0.158494E+00 -0.408563E-02
     42  0.131294E+00  0.810276E-01  0.427627E-01  0.108643E-01 -0.742652E-02
               26            27            28            29            30 
     26  0.385007E+12
     27 -0.526967E-02  0.385007E+12
     28  0.852913E-03 -0.155769E+02  0.385007E+12
     29  0.684106E-01  0.112752E+01  0.897983E+01  0.385007E+12
     30 -0.181213E-02  0.106399E+02  0.105721E+02 -0.147800E+02  0.385007E+12
     31  0.331961E+01 -0.204007E-03 -0.123066E-02 -0.650728E-03  0.116143E-02
     32  0.294529E+01 -0.433319E-02 -0.434199E-04  0.376183E-01 -0.650430E-02
     33  0.121235E+02  0.104141E-02 -0.702953E-03 -0.806019E-02 -0.978555E-03
     34 -0.106933E-01  0.684344E-01 -0.356381E+00  0.842201E-01  0.644564E-01
     35  0.169890E+00 -0.209458E-01  0.313113E-01 -0.137628E+00  0.996047E-01
     36  0.148739E-01  0.206441E-01 -0.535979E-01 -0.765898E-02  0.987832E-02
     37  0.152458E-01  0.359589E-02 -0.538958E-02 -0.471540E-02 -0.257378E-01
     38 -0.333999E-03 -0.113822E-01  0.351136E-01  0.718859E-01  0.917166E-01
     39  0.753032E-01  0.306653E-02 -0.163648E-02  0.233507E-01 -0.133941E-01
     40  0.586852E-01  0.129848E+01  0.131820E+01  0.343138E+00 -0.267162E-01
     41  0.251969E-01 -0.252436E+00  0.170963E+00  0.520410E-01  0.584639E-01
     42  0.107181E-01 -0.123408E+00 -0.259555E+00  0.161227E+00  0.116707E+00
               31            32            33            34            35 
     31  0.385007E+12
     32 -0.139400E+02  0.385007E+12
     33 -0.138729E+02 -0.138815E+02  0.385007E+12
     34  0.869925E-03  0.241167E-02 -0.290400E-03  0.385007E+12
     35  0.136016E-02 -0.658490E-02 -0.365650E-02 -0.136196E+02  0.385007E+12
     36 -0.105057E-04 -0.730986E-03  0.411838E-03 -0.158998E+02 -0.147512E+02
     37  0.151084E-02 -0.164143E-02  0.231267E-02  0.418474E+01  0.719247E+00
     38  0.139349E-03 -0.122466E-02  0.545113E-03  0.247033E+00 -0.119415E+00
     39 -0.161434E-03 -0.474990E-02 -0.578029E-02  0.118004E+00  0.605371E+00
     40 -0.308348E-03 -0.159914E-02  0.141273E-01  0.998872E-03 -0.594730E-02
     41 -0.148615E-02 -0.133400E-02  0.373190E-03  0.204741E-02  0.146682E-02
     42  0.498938E-02 -0.358504E-02  0.489147E-02  0.766469E-02 -0.160308E-02
               36            37            38            39            40 
     36  0.385007E+12
     37  0.205957E-01  0.385007E+12
     38  0.779918E-01 -0.150521E+02  0.385007E+12
     39 -0.825737E-01 -0.136487E+02 -0.134344E+02  0.385007E+12
     40  0.133167E-01 -0.158043E-02  0.466536E-02 -0.349004E-03  0.385007E+12
     41 -0.159604E-02 -0.782492E-03  0.793407E-02  0.196378E-02 -0.140990E+02
     42  0.164870E-01  0.459578E-02  0.333959E-01  0.955905E-02 -0.132425E+02
               41            42 
     41  0.385007E+12
     42 -0.139436E+02  0.385007E+12
nmr_J000003.out
                1             2             3             4             5 
      1  0.243533E+11
      2  0.448595E+02  0.243533E+11
      3 -0.147291E+01  0.414107E+02  0.243533E+11
      4 -0.107300E+00 -0.129124E+01  0.415893E+02  0.243533E+11
      5  0.402509E+00  0.841088E+00 -0.567905E-01  0.447091E+02  0.243533E+11
      6 -0.589230E-01  0.129000E+01 -0.353775E+00 -0.185395E+01  0.522857E+02
      7  0.541444E+02  0.726389E+00  0.630195E+00 -0.933955E-01  0.109075E+01
      8  0.449716E+02 -0.108487E+00  0.115349E+01 -0.573578E-01 -0.586508E-01
      9 -0.283334E+00  0.414828E+01  0.656073E-01 -0.502883E-02  0.214599E-01
     10  0.285210E+01  0.904583E+00 -0.478764E-01  0.169076E-01  0.254162E+01
     11  0.106405E+00  0.194017E-02 -0.894490E+00 -0.818380E+00 -0.796806E+01
     12 -0.558344E-01 -0.363941E-01 -0.691796E-02 -0.565475E-01  0.418431E+01
     13 -0.101341E+01  0.123777E+01 -0.648212E-01 -0.834892E-01  0.156834E+00
     14  0.486493E+01 -0.258703E+00  0.337885E-01 -0.504080E-02 -0.367105E+00
     15  0.711630E+01 -0.286835E+00 -0.268094E+00  0.485906E+01 -0.420485E+00
     16 -0.100266E+00 -0.907752E-01  0.555656E+01 -0.384190E+00  0.379040E+02
     17 -0.611199E-02  0.540701E-01 -0.666009E-01 -0.477975E-02 -0.169436E+00
     18  0.196831E+00  0.574556E-01  0.887153E-01  0.137056E+00 -0.162773E+00
     19  0.379998E+02 -0.666349E+00  0.534638E+01 -0.122706E+00 -0.508665E-01
     20 -0.123021E+01  0.129027E+03 -0.130217E+01  0.552899E+01  0.365689E+00
     21 -0.175279E+01  0.128155E+03 -0.256521E+01  0.723392E+01 -0.672144E-02
     22  0.726650E+01 -0.145478E+01  0.123885E+03 -0.166464E+01  0.688866E+01
     23  0.495382E+01 -0.145872E+01  0.132439E+03 -0.165845E+01  0.284959E+00
     24 -0.989241E-01  0.730231E+01 -0.211822E+01  0.130023E+03 -0.164301E+01
     25  0.101379E+00  0.422126E+00 -0.176101E+01  0.126791E+03 -0.456416E+00
     26 -0.142999E+00  0.109475E+00  0.319894E+00 -0.196238E+01  0.136077E+03
     27  0.314134E+00  0.259132E+00  0.739676E-01  0.197243E-01  0.158278E+00
     28 -0.919442E+00  0.456809E+01  0.129112E+00  0.730289E-02  0.118374E-02
     29  0.690372E+01  0.342223E-01 -0.158030E-01  0.462974E-01  0.300300E+00
     30  0.258465E+00 -0.302104E+00  0.200034E+00  0.241083E-01 -0.239439E-01
     31  0.127153E-01 -0.621054E-01  0.160431E+01  0.871114E+01 -0.107546E+01
     32 -0.357414E-01  0.210611E-01 -0.228280E-01  0.246973E+01 -0.104326E+01
     33  0.108693E-01  0.220907E+00 -0.236013E+00  0.188869E+01 -0.185469E+01
     34 -0.355485E-02 -0.796795E-02  0.176687E+00 -0.104189E-01  0.176345E-01
     35  0.257113E-02  0.187321E-02  0.741804E-02  0.943617E-02  0.113855E+00
     36 -0.162088E-01  0.279002E-01 -0.170032E-01  0.454114E-02 -0.828953E-02
     37  0.269104E-01  0.133081E-01  0.220976E-01  0.968913E-01  0.163251E+00
     38  0.607320E-01 -0.629607E-02 -0.386667E-02  0.606765E-01 -0.432033E-01
     39  0.109772E+00  0.301412E-01  0.572209E-02 -0.112391E-01  0.108260E+00
     40 -0.117154E+01  0.887712E+01  0.197160E+01 -0.664392E-01  0.444420E-01
     41 -0.812258E+00  0.239535E+01 -0.617401E-01  0.409443E-02  0.114062E-01
     42 -0.128398E+01  0.230376E+01 -0.108878E+00  0.101898E-01  0.294022E-01
                6             7             8             9            10 
      6  0.243533E+11
      7  0.544216E+02  0.243533E+11
      8 -0.810798E-02  0.244972E+01  0.243533E+11
      9  0.201526E+01  0.183354E+01  0.394191E+02  0.243533E+11
     10  0.117484E+01  0.507599E+02 -0.297753E+01  0.444099E+02  0.243533E+11
     11  0.241124E+02  0.164279E+00 -0.158476E+00  0.231624E+00 -0.955787E+00
     12 -0.377014E+01  0.103904E+01  0.563433E-02  0.661333E+00  0.577903E+02
     13  0.211158E+01  0.135369E+03  0.217549E+01  0.136081E+01 -0.452460E-01
     14  0.103226E+01  0.592992E+00  0.588858E+01 -0.116787E+01  0.133675E+03
     15  0.146073E+03  0.239342E+01  0.151878E+00 -0.158408E+00  0.699431E+00
     16 -0.131597E+01  0.453228E+01  0.820620E-01  0.671633E-01  0.236418E+00
     17  0.304268E+01  0.219586E+00  0.120745E+00  0.131407E+01  0.144327E+01
     18  0.286326E-01  0.149386E+00  0.251311E+00  0.207331E+01  0.203386E+01
     19  0.313322E+01  0.232354E+00 -0.266919E+01  0.235306E+00  0.200324E+00
     20 -0.145902E+00  0.151139E+00  0.644662E+01  0.968822E+00 -0.583900E-01
     21 -0.208451E+00  0.579551E+01  0.345547E+01 -0.137860E+00  0.341891E-01
     22 -0.268681E+00 -0.326854E+00 -0.146698E+00  0.582082E-01  0.254929E-01
     23 -0.403977E-01 -0.198160E+00  0.142121E+00  0.159588E-01  0.839679E-02
     24  0.429633E+00  0.156419E+00  0.491819E-01  0.251762E-02  0.352601E-02
     25  0.579135E+01 -0.134596E+00  0.333576E+00  0.357048E-02  0.148798E+00
     26  0.294774E+01  0.225340E+01  0.504395E-01  0.152188E-01 -0.130311E+00
     27 -0.134675E+00  0.504992E+01  0.129189E+03 -0.935004E+00  0.749850E+01
     28 -0.628831E-01 -0.940241E-01  0.126749E+03 -0.159214E+01  0.366824E+00
     29  0.114062E-01  0.479329E+01 -0.351246E+00  0.127219E+03 -0.692650E+00
     30 -0.262180E+00 -0.470860E-01 -0.180977E+01  0.132654E+03 -0.543606E+00
     31  0.198968E+01 -0.969565E-01  0.224007E-02  0.203165E-02 -0.849758E-02
     32  0.930840E+01  0.106459E+01  0.939439E-02  0.639005E-01  0.171156E+00
     33  0.235220E+01 -0.300679E+00 -0.162546E-02  0.773531E-02  0.252734E-02
     34 -0.927887E-01 -0.106195E+00  0.455396E+00  0.220321E+00  0.100741E+01
     35  0.789487E+00 -0.163309E+00 -0.195059E-01  0.715065E+00  0.187619E+00
     36 -0.176985E+00  0.991637E-01  0.129266E+00  0.162542E+01  0.551476E+01
     37 -0.964620E-01  0.280150E+00  0.193072E-01 -0.128117E+00  0.668802E+00
     38  0.834956E-01 -0.931611E-01  0.164819E-01  0.659291E-01  0.238227E+01
     39 -0.991894E-01  0.527684E+00  0.621258E-01  0.656589E+00  0.695170E+01
     40 -0.544964E-01  0.192690E+01  0.214577E+01  0.489891E-01 -0.119030E+00
     41  0.109957E+01  0.781910E+01  0.191936E+01 -0.106167E+00  0.156212E+00
     42 -0.133118E+00  0.200669E+01  0.775105E+01 -0.175767E+00 -0.625176E-01
               11            12            13            14            15 
     11  0.708114E+10
     12  0.234571E+02  0.243533E+11
     13 -0.215332E+01  0.474515E+01  0.385007E+12
     14 -0.288572E+00  0.767277E+00  0.807394E+01  0.385007E+12
     15 -0.502913E+01  0.253856E+00  0.572082E+01 -0.683686E-01  0.385007E+12
     16  0.125427E-01 -0.152139E+00 -0.296590E+00  0.134678E+00  0.590124E+01
     17 -0.803589E+01  0.503509E+02 -0.239072E+00  0.202811E+01  0.684643E-01
     18 -0.210260E+01  0.471963E+02 -0.160929E+00  0.742746E+01 -0.104010E+00
     19 -0.500863E-01  0.176733E+00  0.892434E+01 -0.107860E+00 -0.741241E-01
     20 -0.111571E+00  0.172473E-03 -0.167268E+00  0.321022E-01  0.686751E-01
     21  0.278183E-02 -0.730826E-02 -0.115367E+00  0.456829E+00  0.829545E-01
     22 -0.119825E+00 -0.214440E-01 -0.323904E-01 -0.817275E-02 -0.112305E+00
     23 -0.418384E+00 -0.845260E-02  0.337154E-01  0.738865E-02 -0.127952E+00
     24 -0.202973E+00  0.300648E-01  0.115392E+00 -0.573473E-02 -0.341330E+00
     25 -0.588324E-01 -0.337096E-01  0.232366E-01 -0.533046E-02  0.459941E+00
     26 -0.493327E+01  0.288312E+00  0.907600E-01  0.180111E-01  0.297454E+00
     27  0.774890E-02 -0.249496E+00  0.377112E+00  0.610659E+00  0.564798E+00
     28 -0.314903E-01 -0.158117E+00 -0.409583E+00 -0.577528E+00 -0.377889E-02
     29 -0.166377E+00  0.262846E+01 -0.674606E+00  0.554137E+00 -0.570940E-01
     30 -0.229703E-01  0.717614E+01 -0.462677E-01  0.776259E+01  0.643811E-02
     31 -0.411523E-01  0.247033E-01  0.537788E-01 -0.401776E-02 -0.268322E+00
     32  0.291634E-01  0.131000E+00 -0.991741E-01  0.207174E-01  0.570606E+00
     33  0.195491E-02  0.744304E-02  0.427053E-01  0.458899E-02 -0.200561E+00
     34 -0.520171E+00 -0.277602E+01  0.592633E-01 -0.156683E+00  0.495669E-01
     35 -0.868218E+01  0.138532E+01  0.188860E+00 -0.203105E+00 -0.202010E-01
     36 -0.127360E+01 -0.281399E+01  0.547023E+00 -0.385893E-01  0.247093E-01
     37 -0.492109E+01  0.177410E+01  0.202250E-01 -0.519186E-01 -0.816459E-01
     38 -0.660118E+00 -0.223504E+01  0.502673E-02 -0.265501E+00 -0.360182E+00
     39 -0.804793E+00 -0.229099E+01  0.144296E+00  0.161477E+01  0.992798E-01
     40  0.633467E-02  0.181032E-01 -0.263229E+00  0.133471E-01 -0.209215E-01
     41 -0.160901E-01  0.533148E-01  0.137490E+01  0.113416E+00  0.138099E+00
     42 -0.703092E-02  0.283433E-01 -0.361258E+00 -0.173064E-01  0.107218E-01
               16            17            18            19            20 
     16  0.243533E+11
     17 -0.128568E-02  0.243533E+11
     18  0.903588E-02  0.421383E+00  0.243533E+11
     19  0.254745E-01  0.149183E-01 -0.632007E-02  0.243533E+11
     20 -0.360787E-01  0.553280E-01  0.940996E-02  0.399851E+01  0.385007E+12
     21 -0.111883E+00 -0.645651E-02  0.134555E-01  0.146096E+01 -0.158658E+02
     22  0.217270E+00 -0.113724E-01  0.191425E-01  0.240043E+00  0.584954E+00
     23 -0.309480E+00  0.135856E+00  0.287519E-01 -0.331554E+00  0.108814E+02
     24  0.516114E+01  0.587320E-01 -0.131115E-02  0.155341E+00 -0.139224E-01
     25  0.707907E+00  0.688413E-01  0.464104E-01  0.401858E-02 -0.208287E+00
     26 -0.226444E+01  0.182983E+00  0.116731E-01  0.100222E-01 -0.144564E+00
     27 -0.125127E-01 -0.253954E-01  0.146925E+00  0.570460E+01 -0.417874E+00
     28 -0.402026E-02  0.122908E+00 -0.318562E-01  0.694825E+01  0.140188E+00
     29  0.927225E-01  0.607530E+00 -0.177737E+00 -0.273263E+00  0.537658E+00
     30 -0.851181E-02  0.799143E-01  0.620219E-02  0.151556E-01 -0.505148E-01
     31  0.119851E+03 -0.179633E-02  0.938672E-02 -0.176840E-02  0.808459E-01
     32  0.120853E+03 -0.111701E-02 -0.236457E-02  0.155900E-01 -0.107786E-02
     33  0.127897E+03 -0.340702E-02 -0.169756E-02 -0.131638E-02  0.116806E+00
     34  0.459558E-03  0.120632E+03  0.902297E+01 -0.122594E-01  0.274865E-01
     35 -0.893644E-02  0.123861E+03  0.137372E+01 -0.118007E-01 -0.158408E-03
     36  0.273808E-02  0.125453E+03  0.274632E+01 -0.221226E-01 -0.178117E-02
     37 -0.441361E-02  0.110836E+01  0.120733E+03 -0.235995E-02 -0.398011E-03
     38  0.172885E-02  0.801027E+01  0.121556E+03  0.107513E-01  0.228561E-03
     39  0.150801E-01  0.268258E+01  0.124087E+03  0.243631E-02 -0.350653E-02
     40  0.101008E-01  0.190974E-02 -0.401462E-02  0.121770E+03  0.451075E+00
     41  0.385365E-01  0.177559E-01 -0.710092E-02  0.123428E+03 -0.526798E-01
     42 -0.313275E-02  0.782660E-01 -0.223832E-03  0.123527E+03 -0.169355E+00
               21            22            23            24            25 
     21  0.385007E+12
     22  0.811558E+01  0.385007E+12
     23  0.499381E+00 -0.161433E+02  0.385007E+12
     24  0.561655E+00  0.100660E+01  0.634593E+01  0.385007E+12
     25 -0.363853E+00  0.727634E+01  0.110647E+02 -0.152599E+02  0.385007E+12
     26  0.159263E+00 -0.451098E+00 -0.110000E+00  0.103795E+02  0.595237E+01
     27 -0.164230E+00 -0.122402E-01 -0.180787E-01 -0.479196E-02 -0.398561E-02
     28 -0.990973E-01  0.278978E-01 -0.565437E+00  0.374734E-01  0.244957E-01
     29  0.329992E-01  0.951392E-02  0.734299E-01  0.165003E-03  0.108711E-01
     30 -0.326249E-02 -0.610416E-02  0.249849E-01 -0.455005E-02  0.725248E-02
     31  0.933314E-01  0.382876E+00 -0.121714E+00  0.459240E+00 -0.237102E+00
     32  0.289821E-02 -0.530678E-01  0.234229E-01 -0.479121E-01 -0.479867E-01
     33  0.188927E+00  0.491544E-01  0.473721E-01 -0.242353E+00 -0.223518E+00
     34  0.958463E-03 -0.744190E-02 -0.592794E-01  0.337118E-02  0.855175E-02
     35 -0.105845E-02 -0.107491E-01  0.236061E-01  0.533074E-02  0.806988E-02
     36 -0.278850E-02  0.631311E-02  0.932257E-02 -0.830057E-03 -0.139655E-02
     37  0.742173E-02  0.559760E-03  0.476455E-02  0.418042E-02  0.183879E-01
     38 -0.468767E-03 -0.232700E-02  0.315532E-02 -0.254508E-02  0.126968E-01
     39  0.154631E-01 -0.108691E-02  0.642475E-03 -0.599599E-03 -0.283461E-02
     40 -0.107745E+00  0.341543E+00 -0.109370E+00  0.708762E-01 -0.507348E-03
     41 -0.316286E-01 -0.664287E-01 -0.231960E-01  0.552025E-01  0.534916E-02
     42 -0.245252E+00  0.575469E-01 -0.195776E-02 -0.543299E-02  0.332938E-02
               26            27            28            29            30 
     26  0.385007E+12
     27 -0.108900E-01  0.385007E+12
     28  0.919804E-03 -0.145198E+02  0.385007E+12
     29  0.894943E-01  0.631501E+00  0.686599E+01  0.385007E+12
     30 -0.185856E-02  0.753407E+01  0.127497E+02 -0.147712E+02  0.385007E+12
     31  0.363472E+01 -0.146337E-02  0.835628E-04 -0.607488E-03 -0.227274E-03
     32  0.275587E+01 -0.482632E-02  0.451190E-02  0.335479E-01 -0.430084E-02
     33  0.117973E+02  0.178543E-02  0.143254E-02 -0.698722E-02  0.129830E-02
     34 -0.458872E-02  0.427217E-01 -0.353241E+00  0.183915E-01  0.740662E-01
     35  0.207245E+00 -0.453468E-02  0.450523E-01 -0.206984E+00  0.692623E-01
     36  0.162325E-01 -0.128152E-01 -0.731506E-01 -0.321701E-01  0.215793E-01
     37  0.754490E-01  0.302693E-02  0.100637E-02  0.209303E-01 -0.218985E-01
     38  0.111470E-01  0.191487E-01 -0.868482E-02 -0.102279E-01 -0.336493E-01
     39  0.757975E-02  0.176198E-01  0.115729E-01  0.676582E-01  0.957179E-01
     40  0.659141E-02 -0.139139E+00 -0.144277E+00 -0.434219E-01 -0.142742E+00
     41  0.291435E-01 -0.158801E+00 -0.129071E+00  0.157127E+00  0.162610E+00
     42  0.226488E-01  0.934808E+00  0.240083E+01 -0.611521E-01 -0.508983E-01
               31            32            33            34            35 
     31  0.385007E+12
     32 -0.139086E+02  0.385007E+12
     33 -0.136065E+02 -0.138441E+02  0.385007E+12
     34  0.126110E-02  0.278402E-02 -0.578438E-03  0.385007E+12
     35  0.237287E-02 -0.416312E-02 -0.438689E-02 -0.134950E+02  0.385007E+12
     36 -0.369537E-03 -0.108417E-02 -0.247805E-03 -0.158321E+02 -0.145272E+02
     37 -0.147482E-02 -0.215938E-02 -0.535119E-02  0.304443E+00  0.603551E+00
     38 -0.156551E-02 -0.253919E-02 -0.538875E-03  0.423836E+01  0.478949E+00
     39  0.353465E-03 -0.664739E-03  0.150970E-02  0.143908E+00 -0.116676E+00
     40 -0.209947E-02 -0.132227E-03 -0.112056E-02  0.453946E-02 -0.832799E-03
     41  0.246857E-03  0.176772E-03 -0.138778E-02  0.280559E-02 -0.345179E-02
     42 -0.213781E-03 -0.177387E-02  0.287922E-02  0.690270E-02 -0.842765E-02
               36            37            38            39            40 
     36  0.385007E+12
     37 -0.125355E+00  0.385007E+12
     38  0.159270E+00 -0.137463E+02  0.385007E+12
     39  0.926091E-01 -0.134452E+02 -0.149924E+02  0.385007E+12
     40  0.314024E-03  0.149461E-02 -0.279771E-03  0.476885E-02  0.385007E+12
     41  0.118323E-01  0.543392E-02  0.118583E-02  0.763645E-02 -0.136711E+02
     42  0.377156E-01  0.170205E-02 -0.896607E-03  0.163691E-02 -0.138352E+02
               41            42 
     41  0.385007E+12
     42 -0.136130E+02  0.385007E+12
nmr_J000004.out
                1             2             3             4             5 
      1  0.243533E+11
      2  0.458856E+02  0.243533E+11
      3 -0.979267E-01  0.430465E+02  0.243533E+11
      4  0.160047E+00 -0.936640E+00  0.423408E+02  0.243533E+11
      5  0.789627E+00  0.103581E+01 -0.148096E+00  0.425321E+02  0.243533E+11
      6  0.582510E+00  0.476288E+00 -0.135097E+00 -0.414495E+01  0.482189E+02
      7  0.498544E+02  0.460492E-01 -0.598416E-01  0.290539E+00  0.747714E+00
      8  0.412627E+02  0.907370E+00  0.159880E+01  0.210038E+00 -0.682960E-01
      9 -0.143382E+01  0.452372E+01  0.198369E+00 -0.262791E-01 -0.462191E-01
     10  0.304975E+01  0.236938E+01 -0.756472E-01 -0.282086E-01  0.121466E+01
     11  0.192715E+00  0.103240E-01 -0.311043E-01 -0.186834E+01 -0.723713E+01
     12  0.686859E+00 -0.443698E-01  0.642947E-02 -0.126881E+00  0.424031E+01
     13 -0.101856E+01  0.157978E+00 -0.664791E-01 -0.961088E-01  0.835450E+00
     14  0.246480E+01 -0.357325E+00  0.260503E-02 -0.271004E-02 -0.272368E+00
     15  0.572518E+01 -0.198921E+00 -0.222288E+00  0.517747E+01 -0.231381E+00
     16 -0.956609E-01 -0.169190E-01  0.497492E+01 -0.265258E+00  0.376862E+02
     17  0.234916E-01  0.791388E-01 -0.353401E-02  0.738051E-02 -0.197571E+00
     18  0.151331E+00  0.323655E-01  0.282383E-02  0.259571E+00 -0.205482E+00
     19  0.387145E+02 -0.820527E+00  0.557745E+01 -0.500804E-01 -0.114528E+00
     20 -0.140272E+01  0.129113E+03 -0.171338E+01  0.601178E+00  0.215268E+00
     21 -0.191075E+01  0.126983E+03 -0.203999E+01  0.777696E+01  0.109850E+00
     22  0.834291E+01 -0.106798E+01  0.125559E+03 -0.192200E+01  0.176785E+00
     23  0.374420E+00 -0.137908E+01  0.127519E+03 -0.126944E+01  0.586329E+01
     24  0.279034E-01  0.173785E+00 -0.196184E+01  0.130419E+03 -0.169024E+01
     25 -0.277057E+00  0.642554E+01 -0.215340E+01  0.127301E+03 -0.125974E+01
     26 -0.155390E+00  0.542324E+00  0.435998E+01 -0.122929E+01  0.135832E+03
     27 -0.288592E+00  0.223109E+00 -0.772042E-01  0.200887E+00  0.153956E+00
     28 -0.479284E+00  0.236330E+01  0.397401E+00  0.147992E+00 -0.108934E-01
     29  0.729514E+01  0.952220E-01 -0.284846E-01  0.271162E-01  0.899778E-01
     30  0.413491E+00 -0.332729E+00  0.106964E+00  0.116424E+00  0.531692E-02
     31 -0.104540E-03  0.200299E+00 -0.223947E+00  0.230975E+01 -0.222263E+01
     32  0.680387E-04 -0.630693E-01  0.120757E+01  0.895510E+01 -0.113807E+01
     33 -0.141157E-01  0.237272E-02 -0.186161E+00  0.206336E+01 -0.468987E+00
     34  0.260142E-01  0.748876E-03 -0.284758E-02  0.624543E-01  0.209334E-01
     35  0.781961E-01  0.452424E-01 -0.176798E-02 -0.950037E-03  0.884687E-01
     36  0.191194E+00  0.120063E+00 -0.417651E-02  0.905037E-03 -0.462974E-02
     37  0.705063E-02 -0.718186E-02 -0.153428E-02  0.619382E-01 -0.406974E-01
     38  0.602025E-02  0.296079E-01  0.139023E-03 -0.141994E-01  0.902632E-01
     39  0.296620E-01  0.254762E-02  0.802171E-03  0.165523E+00  0.388116E-01
     40 -0.122925E+01  0.883556E+01  0.200371E+01 -0.535934E-01  0.955292E-02
     41 -0.657409E+00  0.157189E+01 -0.198055E+00  0.469719E-01  0.160690E-01
     42 -0.121698E+01  0.350146E+01  0.991478E-01  0.393236E-02  0.865083E-02
                6             7             8             9            10 
      6  0.243533E+11
      7  0.559922E+02  0.243533E+11
      8 -0.816700E-01 -0.139204E+01  0.243533E+11
      9  0.164763E+00  0.280308E+01  0.402384E+02  0.243533E+11
     10  0.603929E+00  0.556115E+02 -0.199594E+01  0.445310E+02  0.243533E+11
     11  0.227816E+02 -0.446535E+00 -0.131371E+00  0.358494E+00 -0.297789E+00
     12 -0.354012E+01  0.183855E+01 -0.116718E+00 -0.566520E+00  0.581570E+02
     13  0.178174E+01  0.134899E+03  0.460822E+01  0.401563E+01 -0.135040E+00
     14  0.299298E+01  0.584925E+00  0.416924E+01 -0.125450E+01  0.133946E+03
     15  0.145138E+03  0.227531E+01 -0.201223E-01 -0.805428E-01  0.137149E+00
     16 -0.239321E+01  0.417418E+01  0.177263E-01  0.146365E-01  0.443374E+00
     17  0.367097E+01  0.102372E+01 -0.514575E-01  0.240297E+01  0.146754E+01
     18  0.705738E-01  0.102587E+00  0.313393E+00  0.313474E+01  0.153905E+01
     19  0.521999E+01 -0.672207E+00 -0.228640E+01  0.971076E+00 -0.188027E+00
     20 -0.149565E+00  0.206506E+01  0.565206E+01  0.398748E+00 -0.216883E+00
     21 -0.186684E+00  0.626974E+01  0.415767E+00 -0.108302E+00  0.549376E+00
     22 -0.203773E-01 -0.195321E+00  0.273274E-01 -0.639838E-01  0.530367E-01
     23 -0.149940E+00  0.101237E+00  0.135806E+00  0.369392E-01  0.497064E-02
     24  0.497668E+01 -0.119664E+00  0.306024E+00 -0.159732E-01 -0.352935E-02
     25  0.564826E+01 -0.232201E+00  0.941787E-01 -0.146678E-01  0.567806E-01
     26  0.331295E+01  0.438861E+00  0.161226E+00 -0.347221E-02 -0.174130E+00
     27 -0.185063E+00  0.618636E+01  0.127100E+03 -0.378053E+00  0.779321E+01
     28 -0.107236E+00  0.353198E+00  0.128888E+03 -0.190989E+01  0.528902E+00
     29 -0.966896E-01  0.339712E+01 -0.530106E+00  0.127969E+03  0.411794E-01
     30 -0.172604E+00  0.175064E+00 -0.199768E+01  0.131741E+03 -0.975878E+00
     31  0.149575E+01 -0.336229E+00  0.479354E-02  0.273898E-03  0.178593E-01
     32  0.221249E+01 -0.164456E+00  0.750118E-02  0.559430E-02  0.997968E-02
     33  0.759214E+01  0.879090E+00  0.812108E-02  0.220617E-01  0.342045E+00
     34 -0.151340E-01 -0.143633E+00  0.775587E-01  0.632134E+00  0.624621E+00
     35  0.100671E+01 -0.210924E+00  0.669764E-01  0.537768E+00  0.539643E+00
     36 -0.184473E+00  0.311643E+00 -0.253719E-01  0.181895E+01  0.566706E+01
     37  0.170543E+00 -0.124940E+00  0.315898E-01  0.893081E-01  0.279171E+01
     38 -0.805874E-01  0.543986E-01  0.142891E+00  0.122731E+01  0.661166E+01
     39 -0.138816E-01  0.219433E+00  0.164003E-01 -0.163426E+00  0.418513E+00
     40 -0.132500E+00  0.241611E+01  0.965774E+00  0.378380E+00 -0.109290E+00
     41  0.155621E+01  0.723348E+01  0.267580E+01 -0.123621E+00 -0.168322E+00
     42 -0.210582E+00  0.137616E+01  0.712197E+01  0.249814E+00 -0.639606E-01
               11            12            13            14            15 
     11  0.708114E+10
     12  0.226987E+02  0.243533E+11
     13 -0.146251E+01  0.220729E+01  0.385007E+12
     14 -0.901482E+00  0.126320E+01  0.844705E+01  0.385007E+12
     15 -0.550155E+01  0.216940E-01  0.816826E+01 -0.242345E+00  0.385007E+12
     16 -0.232245E+01 -0.135863E+00 -0.349348E+00  0.332112E+00  0.352909E+01
     17 -0.920599E+01  0.508423E+02 -0.264940E+00  0.564104E+00  0.533962E-01
     18 -0.205954E+01  0.462913E+02 -0.861056E-01  0.571865E+01 -0.414101E-01
     19 -0.924778E-01 -0.557029E-01  0.690744E+01 -0.617737E-01  0.141951E+00
     20  0.172034E-01  0.109910E-01 -0.196942E+00  0.706600E-01  0.234123E-01
     21 -0.436470E-01  0.550494E-01 -0.455403E+00  0.179234E+00  0.279447E-01
     22 -0.338628E+00  0.753630E-02  0.372881E-01 -0.197128E-01 -0.149226E-01
     23 -0.371681E-01  0.173422E-02  0.108927E+00 -0.757405E-02  0.228681E+00
     24 -0.831864E-01  0.313873E-01  0.201460E-01 -0.297560E-02 -0.216043E+00
     25  0.543636E-01  0.736428E-01 -0.610810E-02 -0.117431E-01  0.121533E+01
     26 -0.507313E+01  0.400676E+00 -0.910345E-01  0.299527E-01  0.154753E+01
     27 -0.192219E-01 -0.200038E+00  0.122585E+01  0.366210E+00  0.257646E+00
     28 -0.168007E+00 -0.129127E+00 -0.284684E+00 -0.545618E+00 -0.247479E-01
     29 -0.113627E+00  0.361561E+01 -0.615692E+00  0.994699E+00  0.449838E-01
     30 -0.609595E-01  0.571482E+01 -0.164330E+00  0.977499E+01  0.314517E-01
     31 -0.354338E+00 -0.149498E-01  0.882107E-01  0.214461E-01 -0.244731E+00
     32  0.706496E-01  0.411354E-01  0.341371E-01 -0.463888E-02 -0.213861E+00
     33 -0.150086E+00 -0.321056E-01 -0.818481E-01  0.131353E+00  0.116833E+00
     34 -0.164168E+01 -0.301505E+01  0.347936E-01 -0.856809E-01  0.785226E-01
     35 -0.936874E+01  0.135207E+01  0.153395E+00 -0.113076E+00 -0.644014E-01
     36 -0.562282E+00 -0.247429E+01  0.266622E+00 -0.395588E+00 -0.200988E-02
     37 -0.230210E+00 -0.204782E+01  0.685191E-01 -0.147897E+00 -0.352995E+00
     38 -0.998593E+00 -0.237517E+01  0.959433E-01  0.162789E+01  0.650979E-01
     39 -0.418950E+01  0.142855E+01 -0.187323E-01  0.769122E-01 -0.145891E+00
     40  0.821881E-02 -0.533731E-02 -0.873901E-01  0.114338E+00 -0.361372E-01
     41 -0.197679E-01 -0.509576E-01  0.110028E+01  0.120616E+00  0.668131E-01
     42  0.827115E-02  0.215608E-01 -0.279592E+00  0.168561E-01 -0.266283E-01
               16            17            18            19            20 
     16  0.243533E+11
     17 -0.136985E-01  0.243533E+11
     18 -0.529651E-02  0.738284E+00  0.243533E+11
     19  0.592249E-01  0.409060E-02  0.666392E-02  0.243533E+11
     20  0.128762E-01 -0.506323E-02 -0.481361E-02  0.120088E+01  0.385007E+12
     21 -0.102514E+00  0.336835E-01 -0.140701E-01  0.501829E+01 -0.165648E+02
     22 -0.250098E+00 -0.650291E-02  0.146408E-02 -0.861232E-01  0.563920E+01
     23  0.230910E+00 -0.287753E-02 -0.202844E-02 -0.321612E+00  0.124643E+02
     24  0.289731E+00  0.744386E-02  0.300576E-01 -0.221499E-01 -0.669103E-01
     25  0.581760E+01  0.467392E-03  0.568946E-01  0.132447E+00 -0.365128E+00
     26 -0.275445E+01  0.220818E+00 -0.913295E-03  0.231898E-01 -0.314112E+00
     27 -0.755743E-02  0.407064E-03  0.387513E+00  0.373185E+01 -0.411256E+00
     28  0.822434E-03 -0.571570E-02 -0.608639E-02  0.765146E+01 -0.275826E+00
     29  0.223076E-01  0.109710E+01 -0.250038E+00  0.779500E-01  0.716778E+00
     30  0.752988E-02  0.349877E+00 -0.523424E-01  0.356193E+00 -0.163664E-01
     31  0.128501E+03 -0.249473E-02 -0.485119E-02 -0.679056E-02  0.126681E+00
     32  0.119099E+03 -0.351005E-02  0.138395E-03  0.470953E-02  0.391601E-01
     33  0.121235E+03 -0.898041E-02 -0.722298E-02  0.236857E-01 -0.241757E-02
     34 -0.172000E-02  0.124293E+03  0.827437E+01  0.242066E-01  0.195184E-02
     35  0.202272E-01  0.123222E+03  0.711703E+00 -0.829655E-02 -0.309344E-03
     36  0.111777E-01  0.124027E+03  0.346116E+01 -0.392532E-02 -0.802350E-02
     37 -0.249968E-02  0.841277E+01  0.120428E+03  0.630718E-02 -0.225720E-03
     38  0.227753E-01  0.202388E+01  0.124773E+03 -0.293670E-02 -0.308987E-02
     39  0.669957E-02  0.157212E+01  0.120593E+03 -0.625091E-02  0.139739E-02
     40  0.706935E-02  0.529248E-02 -0.156662E-02  0.120407E+03 -0.235955E+00
     41  0.122847E-01 -0.252405E-02  0.253709E-02  0.123169E+03 -0.200343E+00
     42 -0.270923E-02  0.298693E-01  0.488721E-03  0.124393E+03 -0.106313E+00
               21            22            23            24            25 
     21  0.385007E+12
     22  0.194526E+01  0.385007E+12
     23  0.531482E+01 -0.159472E+02  0.385007E+12
     24 -0.491034E+00  0.109101E+02  0.864272E+01  0.385007E+12
     25  0.474384E+00  0.948624E+01  0.682199E+00 -0.168122E+02  0.385007E+12
     26 -0.387794E-01 -0.147355E+00 -0.233505E+00  0.998223E+01  0.574573E+00
     27 -0.543530E-01  0.132981E-01  0.950466E-01  0.156118E+00  0.170364E+00
     28 -0.212531E+00 -0.257929E-02 -0.173206E+00 -0.272650E+00  0.677441E-01
     29 -0.192378E-01  0.831942E-01  0.552548E-01 -0.624551E-05 -0.297820E-02
     30  0.233098E-01  0.107193E+00  0.613180E-01 -0.117400E-01  0.260335E-01
     31  0.216130E+00  0.140630E-01 -0.169644E-01 -0.159512E+00 -0.903894E-01
     32  0.988175E-01 -0.822685E-01  0.452934E+00 -0.350491E+00  0.111387E+01
     33 -0.366944E-02  0.118088E+00  0.105535E+00 -0.151897E+00 -0.235145E+00
     34 -0.391642E-02  0.335718E-02  0.188614E-02  0.120952E-01 -0.280012E-02
     35 -0.812180E-03  0.103416E-01  0.914077E-03  0.148102E-02 -0.472399E-02
     36  0.161870E-01  0.724463E-02  0.441313E-04 -0.310804E-02 -0.957344E-03
     37 -0.235824E-02  0.451480E-03  0.830588E-03  0.708686E-02  0.126577E-01
     38  0.101716E-01  0.105822E-01  0.225923E-02  0.162611E-02 -0.323259E-02
     39  0.169462E-01  0.179253E-01 -0.138174E-02  0.803045E-02  0.135150E-01
     40  0.101424E+01  0.322107E+00 -0.125860E+00 -0.145055E-03  0.880680E-01
     41 -0.175483E+00  0.745670E-02  0.103664E+00 -0.751275E-03  0.341223E-01
     42 -0.273229E-01 -0.723801E-02  0.260290E-02  0.452791E-03  0.282163E-01
               26            27            28            29            30 
     26  0.385007E+12
     27 -0.152918E-01  0.385007E+12
     28 -0.217520E-01 -0.134833E+02  0.385007E+12
     29  0.164174E-01  0.639138E+00  0.718609E+01  0.385007E+12
     30  0.125012E-02  0.680893E+01  0.131295E+02 -0.154682E+02  0.385007E+12
     31  0.121134E+02 -0.121948E-02 -0.151961E-03 -0.290268E-02  0.180112E-02
     32  0.286749E+01  0.388203E-03 -0.128565E-02  0.299574E-02 -0.645721E-03
     33  0.370474E+01 -0.343696E-02  0.533225E-03  0.144921E-01 -0.293349E-02
     34 -0.592922E-02  0.209400E-01  0.374453E-01 -0.512430E+00  0.805651E-01
     35  0.209100E+00 -0.729163E-02  0.742306E-01 -0.223581E+00 -0.454552E-01
     36  0.600468E-02 -0.225861E-01  0.149419E-01 -0.147022E+00 -0.661883E-02
     37  0.327192E-01  0.463574E-01  0.121053E-03 -0.227691E-01 -0.245954E-01
     38  0.565379E-02  0.988439E-01 -0.795797E-02  0.427491E-01  0.534462E-01
     39  0.102896E+00 -0.647744E-02  0.728991E-03  0.868308E-02 -0.103584E-01
     40 -0.306420E-02 -0.209428E+00 -0.530875E+00  0.411621E-01 -0.291264E+00
     41 -0.176917E-02 -0.157711E+00 -0.336822E-01  0.505116E-01  0.638197E-01
     42  0.531748E-02  0.367370E+00  0.226927E+01 -0.151804E+00  0.594681E-01
               31            32            33            34            35 
     31  0.385007E+12
     32 -0.139334E+02  0.385007E+12
     33 -0.138901E+02 -0.138213E+02  0.385007E+12
     34 -0.111971E-03  0.187037E-02 -0.106984E-02  0.385007E+12
     35 -0.413711E-02 -0.195256E-02 -0.870816E-02 -0.133917E+02  0.385007E+12
     36 -0.451583E-03 -0.352054E-03  0.137028E-02 -0.158706E+02 -0.142283E+02
     37 -0.147368E-02 -0.113153E-02 -0.443465E-02  0.406435E+01  0.227318E-01
     38  0.288524E-02  0.299484E-02  0.539922E-03 -0.706840E-01 -0.604091E-01
     39 -0.489482E-02 -0.180368E-02 -0.125245E-01  0.701797E+00  0.519955E+00
     40 -0.107671E-02 -0.212321E-02  0.135928E-02  0.510588E-02 -0.141853E-02
     41 -0.467803E-03 -0.563075E-03  0.153480E-04 -0.125196E-02 -0.355844E-02
     42  0.107331E-03 -0.615717E-03 -0.110086E-02  0.107071E-01 -0.421574E-02
               36            37            38            39            40 
     36  0.385007E+12
     37  0.423379E+00  0.385007E+12
     38  0.450709E-01 -0.148567E+02  0.385007E+12
     39 -0.134879E+00 -0.140437E+02 -0.136881E+02  0.385007E+12
     40  0.197113E-02 -0.938402E-03  0.431906E-03  0.995906E-03  0.385007E+12
     41 -0.363292E-02 -0.191345E-02 -0.402492E-02 -0.140829E-03 -0.136419E+02
     42  0.241375E-01 -0.559360E-03 -0.202306E-03  0.266097E-03 -0.144273E+02
               41            42 
     41  0.385007E+12
     42 -0.140238E+02  0.385007E+12
