*************************************************
******************* ORCA 6.1.1 ******************
*************************************************
$Calculation_Status
   &GeometryIndex 1
   &version [&Type "String"] "6.1.1"
   &progName [&Type "String"] "LeanSCF"
   &Status [&Type "String"] "NORMAL TERMINATION"
$End
$Geometry
   &GeometryIndex 1
   &NAtoms [&Type "Integer"] 35
   &NCorelessECP [&Type "Integer"] 0
   &NGhostAtoms [&Type "Integer"] 0
   &CartesianCoordinates [&Type "Coordinates", &Dim(35,4), &Units "Bohr"] 
              C      0.026321560115   -1.450297189604   -0.108756895417
              C      1.235533815034    0.938192180073   -1.465739852613
              C     -0.777593183618    3.082073211240   -1.735097705454
              C     -2.491563862578    3.481100378865    0.598413034109
              C     -3.457122574075    0.926917216589    1.649650515948
              C     -1.195533800355   -0.745687174940    2.484705458166
              C     -2.397770699491   -2.255427932042   -1.596881834376
              C     -4.550612626602   -0.676560488971   -0.473710379374
              O      0.412394688730    0.246031349344    4.398657679679
              C      1.857089242670   -3.670146017700    0.219285491665
              C     -6.968693188897   -0.730241967037   -1.207053428382
              C      3.783354953309    1.873664391717   -0.418695252034
              C      4.044775839602    3.860869820081    1.150539465326
              H      1.667173675590    0.288394234495   -3.399120375533
              O      2.700953848318   -4.515618297463   -2.215889407571
              C      6.132464009977    0.615737577109   -1.488013826842
              H      0.171964394295    4.860726344892   -2.244410971356
              H     -1.999424246556    2.609809790631   -3.352485502539
              H     -1.503482314471    4.506938243735    2.118276317117
              H     -4.116587987790    4.665853704909    0.056615642605
              H     -4.816065192957    1.249756494662    3.191630867901
              H     -1.978386065158   -2.498746332345    3.309132569835
              H     -2.203321365721   -1.993270691284   -3.650956967150
              H     -2.771063883138   -4.283422244283   -1.288534409467
              H      1.699020446645    1.332761027947    3.630444203128
              H      0.844024470810   -5.206763054387    1.216274902065
              H      3.463683711149   -3.112636301536    1.433536044451
              H     -7.609622703775   -1.933483035271   -2.759389961240
              H     -8.408068075142    0.419944646358   -0.274268610635
              H      5.913067537720    4.482119873642    1.770137189221
              H      2.459904479034    4.990443677051    1.830382262705
              H      3.793637993687   -5.984806017391   -1.960780898583
              H      6.028448472768   -1.454521100167   -1.459008193267
              H      6.339831256485    1.155999655324   -3.494055466296
              H      7.847683823234    1.222605591194   -0.484527571442
$End
$SCF_Energy
   &GeometryIndex 1
   &Method [&Type "String"] "SCF"
   &totalEnergy [&Type "ArrayOfDoubles", &Dim (1,1)] "Total energy of each state"
                                                         0

0                                     -6.5776691251653392e+02
   &Mult [&Type "ArrayOfIntegers", &Dim (1,1)] "Multiplicity of each state"
                                                         0

0                                                        1
$End
$DFT_Energy
   &GeometryIndex 1
   &nAlphaEl [&Type "Integer"] 57
   &nBetaEl [&Type "Integer"] 57
   &nTotalEl [&Type "Integer"] 114
   &finalEn [&Type "Double"]      -6.5776691251653392e+02  "No Van der Waals correction"
   &eExchange [&Type "Double"]      -9.1091057063283742e+01
   &eCorr [&Type "Double"]      -4.0423635805198366e+00
   &eXC [&Type "Double"]      -9.5133420643803575e+01
   &eCNL [&Type "Double"]       0.0000000000000000e+00
$End
$Solvation_Details
   &GeometryIndex 1
   &Solvent [&Type "String"] "CHLOROFORM"
   &Epsilon [&Type "Double"]       4.8029999999999999e+00
   &Refrac [&Type "Double"]       1.4459000000000000e+00
   &RSolv [&Type "Double"]       1.3000000000000000e+00
   &SurfaceType [&Type "String"] "GAUSSIAN VDW"
   &CPCMDielEnergy [&Type "Double"]      -1.1685862999999999e-02
   &NPoints [&Type "Integer"] 2572
   &SurfaceArea [&Type "Double"]       9.0347986271100001e+02
$End
$SCF_Timings
   &GeometryIndex 1
   &TOTAL [&Type "Double"]       1.4868335999999999e+01
   &PREP [&Type "Double"]       4.8314300000000004e-01
   &FOCK [&Type "Double"]       1.0989966000000003e+01
   &DENS [&Type "Double"]       3.5213800000000184e-01
   &ETOT [&Type "Double"]       1.0562200000000233e-01
   &POP [&Type "Double"]       9.9999999925159955e-07
   &TRAFO [&Type "Double"]       3.9292199999999955e-01
   &DIIS [&Type "Double"]       1.5533440000000016e+00
   &SOSCF [&Type "Double"]       7.2514299999999832e-01
   &XC [&Type "Double"]       4.0337879999999995e+00
   &FOCKSTART [&Type "Double"]       2.5167999999998802e-02
   &SOLV [&Type "Double"]       4.3206920000000002e+00
   &SOLV_INIT [&Type "Double"]       2.7186800000000000e-01
   &INT_PREP [&Type "Double"]       2.0000000002795559e-06
   &INT_BF [&Type "Double"]       1.2140320000000373e+00
   &INT_DENS [&Type "Double"]       1.0645849999999648e+00
   &INT_DENSIO [&Type "Double"]       2.0071539115000007e+04
   &INT_FUNC [&Type "Double"]       3.4599199999999908e-01
   &INT_POT [&Type "Double"]       9.4716000000000955e-01
   &INT_POTIO [&Type "Double"]       1.4335999999997573e-02
   &INT_SUM [&Type "Double"]       1.7229999999974766e-03
   &SPLITRIJ [&Type "Double"]       3.1284619999999990e+00
$End
$Single_Point_Data
   &GeometryIndex 1
   &FinalEnergy [&Type "Double"]      -6.5776691251653392e+02  "Final single point energy"
   &Converged [&Type "Boolean"] true
$End
$Calculation_Info
   &GeometryIndex 1
   &Mult [&Type "Integer"] 1
   &Charge [&Type "Integer"] 0
   &NumOfAtoms [&Type "Integer"] 35
   &NumOfElectrons [&Type "Integer"] 114
   &NumOfBasisFuncts [&Type "Integer"] 605
   &NumOfAuxCBasisFuncts [&Type "Integer"] 0
   &NumOfAuxJBasisFuncts [&Type "Integer"] 955
   &NumOfAuxJKBasisFuncts [&Type "Integer"] 0
   &NumOfCABSBasisFuncts [&Type "Integer"] 0
$End
$SCF_Dipole_Moment
   &GeometryIndex 1
   &dipoleMagnitude [&Type "Double", &Units "a.u."]       8.4942659904962281e-01
   &dipoleElecContrib [&Type "ArrayOfDoubles", &Dim (3,1)] "Electronic contribution"
                                                         0

0                                     -1.9494361585521887e+00
1                                     -2.9732620105048380e+00
2                                      2.3970857310438776e+00
   &dipoleNucContrib [&Type "ArrayOfDoubles", &Dim (3,1)] "Nuclear contribution"
                                                         0

0                                      2.5375386284242243e+00
1                                      2.6013122653051042e+00
2                                     -2.8842350091396920e+00
   &dipoleTotal [&Type "ArrayOfDoubles", &Dim (3,1)] "Total"
                                                         0

0                                      5.8810246987203563e-01
1                                     -3.7194974519973378e-01
2                                     -4.8714927809581443e-01
   &doAtomicDipole [&Type "Boolean"] false
   &Method [&Type "String"] "SCF"
   &Level [&Type "String"] "Relaxed density"
   &Mult [&Type "Integer"] 1
   &State [&Type "Integer"] -1
   &Irrep [&Type "Integer"] 0
$End
$SCF_Spin_Spin_Coupling
   &GeometryIndex 1
   &numOfNucPairs [&Type "Integer"] 187 "Number of nuclei pairs to calculate"
   &numOfNucPairsDSO [&Type "Integer"] 0 "number of nuclear pairs to calculate DSO"
   &numOfNucPairsPSO [&Type "Integer"] 0 "number of nuclear pairs to calculate PSO"
   &numOfNucPairsFC [&Type "Integer"] 187 "number of nuclear pairs to calculate FC"
   &numOfNucPairsSD [&Type "Integer"] 0 "number of nuclear pairs to calculate SD"
   &numOfNucPairsSD_FC [&Type "Integer"] 0 "number of nuclear pairs to calculate SD/FC"
   &pairsInfo [&Type "ArrayOfIntegers", &Dim (187,4)] "Pairs Info: Col1->Index of A. Col2->Atom. Num. of A.  Col3->Index of B. Col4->Atom. Num. of B."
                                                         0                           1                           2                           3

0                                                       13                           1                          16                           1
1                                                       13                           1                          17                           1
2                                                       13                           1                          18                           1
3                                                       13                           1                          19                           1
4                                                       13                           1                          20                           1
5                                                       13                           1                          21                           1
6                                                       13                           1                          22                           1
7                                                       13                           1                          23                           1
8                                                       13                           1                          24                           1
9                                                       13                           1                          25                           1
10                                                      13                           1                          26                           1
11                                                      13                           1                          27                           1
12                                                      13                           1                          28                           1
13                                                      13                           1                          29                           1
14                                                      13                           1                          30                           1
15                                                      13                           1                          31                           1
16                                                      13                           1                          32                           1
17                                                      13                           1                          33                           1
18                                                      13                           1                          34                           1
19                                                      16                           1                          17                           1
20                                                      16                           1                          18                           1
21                                                      16                           1                          19                           1
22                                                      16                           1                          20                           1
23                                                      16                           1                          21                           1
24                                                      16                           1                          22                           1
25                                                      16                           1                          23                           1
26                                                      16                           1                          24                           1
27                                                      16                           1                          25                           1
28                                                      16                           1                          26                           1
29                                                      16                           1                          27                           1
30                                                      16                           1                          28                           1
31                                                      16                           1                          29                           1
32                                                      16                           1                          30                           1
33                                                      16                           1                          31                           1
34                                                      16                           1                          32                           1
35                                                      16                           1                          33                           1
36                                                      16                           1                          34                           1
37                                                      17                           1                          18                           1
38                                                      17                           1                          19                           1
39                                                      17                           1                          20                           1
40                                                      17                           1                          21                           1
41                                                      17                           1                          22                           1
42                                                      17                           1                          23                           1
43                                                      17                           1                          24                           1
44                                                      17                           1                          25                           1
45                                                      17                           1                          26                           1
46                                                      17                           1                          27                           1
47                                                      17                           1                          28                           1
48                                                      17                           1                          29                           1
49                                                      17                           1                          30                           1
50                                                      17                           1                          31                           1
51                                                      17                           1                          32                           1
52                                                      17                           1                          33                           1
53                                                      17                           1                          34                           1
54                                                      18                           1                          19                           1
55                                                      18                           1                          20                           1
56                                                      18                           1                          21                           1
57                                                      18                           1                          22                           1
58                                                      18                           1                          23                           1
59                                                      18                           1                          24                           1
60                                                      18                           1                          25                           1
61                                                      18                           1                          26                           1
62                                                      18                           1                          27                           1
63                                                      18                           1                          28                           1
64                                                      18                           1                          29                           1
65                                                      18                           1                          30                           1
66                                                      18                           1                          31                           1
67                                                      18                           1                          32                           1
68                                                      18                           1                          33                           1
69                                                      18                           1                          34                           1
70                                                      19                           1                          20                           1
71                                                      19                           1                          21                           1
72                                                      19                           1                          22                           1
73                                                      19                           1                          23                           1
74                                                      19                           1                          24                           1
75                                                      19                           1                          25                           1
76                                                      19                           1                          26                           1
77                                                      19                           1                          27                           1
78                                                      19                           1                          28                           1
79                                                      19                           1                          29                           1
80                                                      19                           1                          30                           1
81                                                      19                           1                          31                           1
82                                                      19                           1                          32                           1
83                                                      19                           1                          33                           1
84                                                      19                           1                          34                           1
85                                                      20                           1                          21                           1
86                                                      20                           1                          22                           1
87                                                      20                           1                          23                           1
88                                                      20                           1                          24                           1
89                                                      20                           1                          25                           1
90                                                      20                           1                          26                           1
91                                                      20                           1                          27                           1
92                                                      20                           1                          28                           1
93                                                      20                           1                          29                           1
94                                                      20                           1                          30                           1
95                                                      20                           1                          31                           1
96                                                      20                           1                          32                           1
97                                                      20                           1                          33                           1
98                                                      20                           1                          34                           1
99                                                      21                           1                          22                           1
100                                                     21                           1                          23                           1
101                                                     21                           1                          24                           1
102                                                     21                           1                          25                           1
103                                                     21                           1                          26                           1
104                                                     21                           1                          27                           1
105                                                     21                           1                          28                           1
106                                                     21                           1                          29                           1
107                                                     21                           1                          30                           1
108                                                     21                           1                          31                           1
109                                                     21                           1                          32                           1
110                                                     21                           1                          33                           1
111                                                     21                           1                          34                           1
112                                                     22                           1                          23                           1
113                                                     22                           1                          24                           1
114                                                     22                           1                          25                           1
115                                                     22                           1                          26                           1
116                                                     22                           1                          27                           1
117                                                     22                           1                          28                           1
118                                                     22                           1                          29                           1
119                                                     22                           1                          30                           1
120                                                     22                           1                          31                           1
121                                                     22                           1                          32                           1
122                                                     22                           1                          33                           1
123                                                     22                           1                          34                           1
124                                                     23                           1                          24                           1
125                                                     23                           1                          25                           1
126                                                     23                           1                          26                           1
127                                                     23                           1                          27                           1
128                                                     23                           1                          28                           1
129                                                     23                           1                          29                           1
130                                                     23                           1                          30                           1
131                                                     23                           1                          31                           1
132                                                     23                           1                          32                           1
133                                                     23                           1                          33                           1
134                                                     23                           1                          34                           1
135                                                     24                           1                          25                           1
136                                                     24                           1                          26                           1
137                                                     24                           1                          27                           1
138                                                     24                           1                          28                           1
139                                                     24                           1                          29                           1
140                                                     24                           1                          30                           1
141                                                     24                           1                          31                           1
142                                                     24                           1                          32                           1
143                                                     24                           1                          33                           1
144                                                     24                           1                          34                           1
145                                                     25                           1                          26                           1
146                                                     25                           1                          27                           1
147                                                     25                           1                          28                           1
148                                                     25                           1                          29                           1
149                                                     25                           1                          30                           1
150                                                     25                           1                          31                           1
151                                                     25                           1                          32                           1
152                                                     25                           1                          33                           1
153                                                     25                           1                          34                           1
154                                                     26                           1                          27                           1
155                                                     26                           1                          28                           1
156                                                     26                           1                          29                           1
157                                                     26                           1                          30                           1
158                                                     26                           1                          31                           1
159                                                     26                           1                          32                           1
160                                                     26                           1                          33                           1
161                                                     26                           1                          34                           1
162                                                     27                           1                          28                           1
163                                                     27                           1                          30                           1
164                                                     27                           1                          31                           1
165                                                     27                           1                          32                           1
166                                                     27                           1                          33                           1
167                                                     28                           1                          29                           1
168                                                     28                           1                          30                           1
169                                                     28                           1                          31                           1
170                                                     28                           1                          32                           1
171                                                     28                           1                          33                           1
172                                                     29                           1                          30                           1
173                                                     29                           1                          31                           1
174                                                     29                           1                          32                           1
175                                                     29                           1                          33                           1
176                                                     29                           1                          34                           1
177                                                     30                           1                          31                           1
178                                                     30                           1                          32                           1
179                                                     30                           1                          33                           1
180                                                     30                           1                          34                           1
181                                                     31                           1                          32                           1
182                                                     31                           1                          33                           1
183                                                     31                           1                          34                           1
184                                                     32                           1                          33                           1
185                                                     32                           1                          34                           1
186                                                     33                           1                          34                           1
   &pairsDistances [&Type "ArrayOfDoubles", &Dim (187,1)] "The distances of each pair"
                                                         0

0                                      2.6179688935896546e+00
1                                      2.2965977061801750e+00
2                                      4.0401853063647239e+00
3                                      4.2517721374220132e+00
4                                      4.9186332800528580e+00
5                                      4.3009743451444802e+00
6                                      2.3813061609510391e+00
7                                      3.5519591364385588e+00
8                                      3.7607524194192128e+00
9                                      3.8224108173823157e+00
10                                     3.2684575797218298e+00
11                                     5.0592480838388010e+00
12                                     5.5825687570568228e+00
13                                     4.1780265897098978e+00
14                                     3.7450416853214490e+00
15                                     3.5868579105023035e+00
16                                     2.6890590102680805e+00
17                                     2.5154281883457492e+00
18                                     3.6496469223576780e+00
19                                     1.7558306409668059e+00
20                                     2.4801044862037105e+00
21                                     2.5774993825331993e+00
22                                     4.3466711655889485e+00
23                                     5.0098213019000415e+00
24                                     3.9101014372971274e+00
25                                     5.1084260658759550e+00
26                                     3.7152748604874906e+00
27                                     5.6446704080015833e+00
28                                     4.9623512563801988e+00
29                                     5.4733293198946233e+00
30                                     5.2176701048574428e+00
31                                     3.7125545219399214e+00
32                                     2.4738927700380930e+00
33                                     6.0526061643651401e+00
34                                     4.5766215556805516e+00
35                                     3.8644139044629262e+00
36                                     4.5904340343209773e+00
37                                     3.0753478293194259e+00
38                                     2.3860945653624701e+00
39                                     3.8382193729822749e+00
40                                     4.4424085809064247e+00
41                                     2.4433441303771088e+00
42                                     3.8295750491499678e+00
43                                     4.2357538010778040e+00
44                                     5.0218215382833034e+00
45                                     4.8930421452505302e+00
46                                     3.8330697763442165e+00
47                                     3.9366532266094771e+00
48                                     5.0854544937567923e+00
49                                     3.8311534017306812e+00
50                                     5.5339851800848816e+00
51                                     4.8658637719614584e+00
52                                     4.4801277648910274e+00
53                                     5.4767937911378635e+00
54                                     1.7633610792480001e+00
55                                     2.5231560103524004e+00
56                                     3.7688151074888165e+00
57                                     4.6140654863493733e+00
58                                     5.0336842525168422e+00
59                                     2.5166856138128830e+00
60                                     5.3097438451241441e+00
61                                     4.8268249745674963e+00
62                                     5.3589638985951051e+00
63                                     4.4306100038485026e+00
64                                     3.9290126093704805e+00
65                                     2.1183681697388059e+00
66                                     6.5834172546007546e+00
67                                     5.4241552696226618e+00
68                                     5.4029129082094220e+00
69                                     5.4226009390414847e+00
70                                     2.4813451073641817e+00
71                                     4.3147341554152758e+00
72                                     4.1583572506768940e+00
73                                     4.8415927409184789e+00
74                                     4.0197639280718462e+00
75                                     5.8788955528686913e+00
76                                     5.7934956760640963e+00
77                                     4.2229012469093892e+00
78                                     3.1994016142821544e+00
79                                     5.3852434096509372e+00
80                                     3.6085796215220105e+00
81                                     7.1011976469890001e+00
82                                     6.3209075249810640e+00
83                                     6.1316785023618037e+00
84                                     6.5944184569924946e+00
85                                     2.4886806869427587e+00
86                                     4.2388601923749327e+00
87                                     3.9198416643665368e+00
88                                     3.4557252124193845e+00
89                                     4.6623272244603111e+00
90                                     5.0390233907310211e+00
91                                     3.8652266242199502e+00
92                                     2.6776330975798746e+00
93                                     5.9771990256337348e+00
94                                     4.3888374380353028e+00
95                                     6.5458435818692200e+00
96                                     6.4059963844099306e+00
97                                     6.8825841845680262e+00
98                                     6.9780280623814699e+00
99                                     3.6947389105665298e+00
100                                    2.6433420101148797e+00
101                                    2.8154519397347624e+00
102                                    2.3475084106696351e+00
103                                    3.0633303319808203e+00
104                                    4.3911287485009485e+00
105                                    4.1902125218431818e+00
106                                    5.6345828912974687e+00
107                                    4.6727603724216502e+00
108                                    4.5287448569098991e+00
109                                    4.9622877655125679e+00
110                                    6.0064124956062681e+00
111                                    5.9114557860641757e+00
112                                    1.7668628732837497e+00
113                                    4.7126360974163735e+00
114                                    3.4822432062197270e+00
115                                    4.0722582739601805e+00
116                                    2.8997057120201402e+00
117                                    3.9502472239001261e+00
118                                    6.1982604262752625e+00
119                                    5.3066480785389398e+00
120                                    3.9156457054998759e+00
121                                    4.5168591720955202e+00
122                                    4.8189416793233759e+00
123                                    5.8303428022001942e+00
124                                    4.6047393724258585e+00
125                                    2.3780903303783987e+00
126                                    3.6529515052462873e+00
127                                    2.9509533594842390e+00
128                                    3.9218497661251872e+00
129                                    6.7270962195378576e+00
130                                    5.8711313474928746e+00
131                                    3.6062536807341243e+00
132                                    4.8920468328526185e+00
133                                    5.7351688740940316e+00
134                                    6.3439623940001475e+00
135                                    3.7164898116714205e+00
136                                    2.7852019328803790e+00
137                                    6.2197835020761501e+00
138                                    5.7540145074636060e+00
139                                    2.9528560595727162e+00
140                                    2.1945106982409994e+00
141                                    4.9977420889780513e+00
142                                    3.8311631133049753e+00
143                                    4.5003982966607978e+00
144                                    3.9155962625111354e+00
145                                    1.7784750705678809e+00
146                                    5.2381707633670089e+00
147                                    5.7843396046308930e+00
148                                    5.7938600581126467e+00
149                                    5.4731154301011520e+00
150                                    2.3307390332085909e+00
151                                    3.6706254726453249e+00
152                                    5.0997929027420348e+00
153                                    5.1108973221026721e+00
154                                    6.2967450840287400e+00
155                                    6.6164974577670232e+00
156                                    4.2265692976456144e+00
157                                    4.3258404785570104e+00
158                                    2.3594193062714788e+00
159                                    2.2259546290248311e+00
160                                    3.7707222099926039e+00
161                                    3.4168930660481416e+00
162                                    1.8598124766052553e+00
163                                    6.9077826323251452e+00
164                                    6.4177949665870022e+00
165                                    7.2541178748174167e+00
166                                    7.5705990176555558e+00
167                                    7.9513306581609307e+00
168                                    6.3375868210074744e+00
169                                    7.3467405508753547e+00
170                                    7.7290717965481965e+00
171                                    7.9975701726997617e+00
172                                    1.8473028108351246e+00
173                                    5.9862145539088765e+00
174                                    3.5767211881213976e+00
175                                    3.3028851943745865e+00
176                                    2.3338266795166960e+00
177                                    6.1849898213524677e+00
178                                    4.2693867223083153e+00
179                                    4.0337894632948688e+00
180                                    3.6884667866324605e+00
181                                    2.6863046619279971e+00
182                                    4.0930116482481065e+00
183                                    4.4451324450528169e+00
184                                    1.7593208588552147e+00
185                                    1.7887627648644184e+00
186                                    1.7816315948748649e+00
   &pairsTotalSSCIso [&Type "ArrayOfDoubles", &Dim (187,1)] "The Spin-Spin coupling constant for each pair"
                                                         0

0                                      7.7079490089668701e-01
1                                      7.5335802339357301e+00
2                                     -6.2515892016517838e-01
3                                      6.2234088614928429e-01
4                                      5.3720372500907931e-01
5                                      6.8750867924523773e-01
6                                     -4.1842378943033820e-01
7                                     -2.2552678885492608e-01
8                                      1.7427644790632079e-04
9                                     -6.1508274039947630e-01
10                                    -2.2227502731398979e-01
11                                     9.3296775325600462e-03
12                                     3.9617625800841938e-02
13                                     1.0186705007804255e-01
14                                    -1.1161994126167678e+00
15                                    -2.6804806208844824e-02
16                                    -6.4129780620991039e-01
17                                    -9.1367738241464846e-01
18                                     6.7255088603016011e-01
19                                    -1.5281994553695363e+01
20                                     5.6156581767975000e+00
21                                     1.3377010488396848e+00
22                                     7.8559704325037993e-01
23                                     7.7490366554658952e-01
24                                    -3.3379718936382675e-02
25                                     7.3273048664417098e-02
26                                     2.5485682405689139e-03
27                                     6.2027739071440413e-01
28                                    -6.2769064437810194e-03
29                                    -4.4064186714918140e-03
30                                     2.3573592813978476e-02
31                                     5.9849304560606123e-03
32                                    -1.2856646036886021e-01
33                                    -2.1601883442651841e-02
34                                    -1.8218753019873614e-02
35                                     1.1499924360428333e-01
36                                     1.3067679270480909e-01
37                                     1.4207150648280379e+01
38                                     6.2456510510256580e+00
39                                    -5.5822396314912703e-01
40                                     1.0164753906790520e-01
41                                    -7.0116817333065434e-02
42                                     5.5272234597686154e-01
43                                     8.9500682251475693e-03
44                                    -3.5187942994322270e-02
45                                     5.2363509669738781e-02
46                                    -3.9155419382838494e-02
47                                    -1.7586626124469405e-02
48                                    -2.3579700587678523e-01
49                                    -1.0599403618397157e-01
50                                     3.8387588410637982e-02
51                                    -7.5979295730897692e-02
52                                    -1.0877073659734851e-01
53                                     1.1869152070706830e-01
54                                    -1.4015607905519389e+01
55                                     2.3398630584181026e+00
56                                    -4.0235776405116314e-01
57                                    -1.1453930634077314e-01
58                                    -4.4144069472894892e-01
59                                     1.1186356076285786e-02
60                                    -1.5811036534927818e-02
61                                    -8.2618930150153529e-03
62                                     1.2573896065002482e-01
63                                    -5.9467102283906260e-02
64                                    -9.1233775607274144e-03
65                                    -5.3648634461527744e-01
66                                    -8.9152772337490265e-04
67                                    -3.2386267796534585e-02
68                                    -3.4239666171401853e-02
69                                    -1.2673306253956396e-02
70                                     4.2211976592393867e+00
71                                     8.3030572824497906e-01
72                                     8.9124359241751674e-02
73                                     1.4345902040484132e-01
74                                    -2.1338115975647765e-02
75                                    -1.5130875124634799e-02
76                                    -2.1781515119995782e-02
77                                     1.4819544434207724e-01
78                                     1.0068312162403061e-01
79                                     2.4136149293146704e-02
80                                    -1.4220519959100415e-02
81                                    -3.0086060771207169e-02
82                                    -3.3189390962037796e-02
83                                    -3.1993277093845064e-02
84                                     5.3214108598620649e-02
85                                     5.0895374581486017e+00
86                                    -1.0961704991820214e+00
87                                     1.8332950182698574e-01
88                                    -5.0232115856788280e-02
89                                    -6.1638597817941135e-02
90                                    -6.0913572245627864e-02
91                                    -9.8102489233383539e-01
92                                    -9.9483758871475247e-01
93                                     1.1146193708436712e-02
94                                     1.4347194207559888e-02
95                                     3.9933435716780419e-01
96                                     8.2814050701943941e-03
97                                     1.4678925618173796e-02
98                                    -7.7193945761851856e-03
99                                    -1.9900503715113430e-02
100                                    5.6080674697928941e-02
101                                    1.2453930027738213e+01
102                                   -3.4861969716670177e-01
103                                   -2.0687238682645517e-01
104                                    6.1588555458389075e-03
105                                    5.4634829651116747e-02
106                                   -1.3579028777665805e-01
107                                   -1.5437269968397340e-02
108                                   -4.7713745652669060e-02
109                                   -6.2040710581034421e-02
110                                   -1.0342461096027403e-01
111                                   -3.7212780275143811e-04
112                                   -1.9325921435988324e+01
113                                   -2.6173116844591432e-01
114                                   -1.3719216613360119e-01
115                                   -8.1927077217312350e-02
116                                   -2.2312888577451719e+00
117                                   -2.6296933694681255e+00
118                                    7.0550893239638701e-02
119                                    1.9117220207741634e-02
120                                    5.0762529297434529e-02
121                                   -1.3679830227770952e-02
122                                    5.5304080167254306e-03
123                                    5.1704570753347001e-03
124                                    1.8810567189468419e-01
125                                   -3.5796164080774467e-01
126                                    2.4101337519054425e-01
127                                   -2.7057013124591700e+00
128                                   -3.1864638549451376e+00
129                                    6.2794223197695870e-02
130                                    3.8804291165485269e-02
131                                    1.0974158324684423e-02
132                                   -5.1445406337841677e-02
133                                   -1.6180121097599049e-02
134                                    6.1308829885451201e-02
135                                   -1.4218026907285611e-02
136                                    1.8371914257246498e-02
137                                   -4.3041287420210975e-02
138                                   -1.9044708504380243e-02
139                                   -3.9251694303846875e-02
140                                   -8.6023054870565407e-01
141                                    4.3311807497111485e-02
142                                   -4.4707458995842095e-02
143                                   -1.9100159802000978e-02
144                                    6.7623037041936607e-03
145                                   -9.4094457250910821e+00
146                                   -3.4373017839642592e-03
147                                    7.5316590910134134e-03
148                                   -1.5454804603812192e-02
149                                   -5.6442120458012070e-04
150                                    1.4728817803703578e+00
151                                    9.5378175147348948e-02
152                                    1.3700786426241812e-01
153                                   -1.6448082411044108e-02
154                                    3.8316853260333274e-02
155                                    2.3225996175344038e-01
156                                   -1.0005617180080813e-02
157                                    2.4891156390890448e-03
158                                    1.0580171677530381e+00
159                                   -2.1357478658956466e-01
160                                    8.7173409897867982e-02
161                                   -4.0621007635325123e-03
162                                    4.1122444574690220e-01
163                                   -3.5552003382238366e-03
164                                   -6.2568573222745562e-03
165                                   -2.6469206957534095e-04
166                                    1.6172617482277988e-03
167                                    8.6823868294544325e-03
168                                   -2.7311134417799471e-03
169                                   -1.4994584147016621e-02
170                                   -1.9891259543200514e-03
171                                   -7.0443369738175496e-04
172                                    1.5172419771855564e-01
173                                    1.9452901612837959e-02
174                                   -1.3514150189655887e+00
175                                   -2.7852215203838808e+00
176                                   -4.8778529644650864e-01
177                                    7.6536695688867390e-03
178                                   -7.6696331179547406e-01
179                                   -2.2968052186039967e+00
180                                    5.0422771226269014e-01
181                                    1.0576804760376975e-01
182                                    1.0156643251222099e-02
183                                    1.6032552961050890e-02
184                                   -1.9007084992742993e+01
185                                   -1.1674275979813444e+01
186                                   -1.4079528616713585e+01
   &Method [&Type "String"] "SCF"
   &Level [&Type "String"] "Relaxed density"
   &Mult [&Type "Integer"] 1
   &State [&Type "Integer"] -1
   &Irrep [&Type "Integer"] 0
$End
$Calculation_Timings
   &GeometryIndex 1
   &GTOINT [&Type "Double"]       1.5815060000000001e+00
   &SCF [&Type "Double"]       1.6822293999999999e+01
   &PROPINT [&Type "Double"]       1.2042569999999984e+00
   &RESPONSE [&Type "Double"]       8.9932949999999998e+00
   &PROP [&Type "Double"]       6.9843600000000094e-01
   &SUM [&Type "Double"]       2.9299787999999999e+01
$End
