   -0.00772594
   -0.03317731
   -0.06224564
   -0.05821652
   -0.03574450
    0.10625328
   -0.06945489
    0.00887981
   -0.48651156
    0.08098301
   -0.11265667
    0.01274541
   -0.11315692
    0.05145898
   -0.47875679
   -0.11710873
    0.04076112
    0.03989140
    0.03901294
    0.04120023
    0.04138680
    0.04601338
    0.04348032
    0.05099204
    0.30919161
    0.02803278
    0.04813015
    0.03434841
    0.03526112
    0.02908864
    0.03089732
    0.30874628
    0.03951289
    0.06172379
    0.04676375
