$coord
 0.17574417844618 -1.19667969369173   0.22266450140465  c
-1.84502612543139  0.75730674392133   1.22738249793693  c
-0.68270623521967  3.46151638917068   1.43559860224169  c
 1.05482080982529  4.22589405467843  -0.78307533304953  c
 2.84186732524945  2.03199558134301  -1.55171574363747  c
 1.24042352309223 -0.26755636210873  -2.36827562318165  c
 2.58348183395921 -1.05306048538591   1.94255262292320  c
 4.23723833380544  1.00325606917087   0.75301913561948  c
 2.70552588323775 -2.13507966017888  -3.68754766390099  o
-0.89253599523030 -3.89976575373287   0.06748797499122  c
 6.52071835951588  1.73336998712779   1.55555744482816  c
-4.39443065359536  0.68475078925159  -0.15518592649802  c
-4.88143313406730  1.82174551017940  -2.37392293576638  c
-2.25181782218494  0.15051125160410   3.17815531327709  h
-1.81231626792425 -4.85030799668932   2.44031410476046  o
-6.49321252225718 -0.68521018558412   1.24360450888617  c
-2.21256523753708  4.85338100848753   1.65823247606312  h
 0.43331683820822  3.55099313484916   3.19188649873950  h
-0.05793123916677  4.79784671384019  -2.44872001774316  h
 2.18931147908930  5.88364681027629  -0.23276977466634  h
 4.13273766365971  2.66116154493318  -3.05858837825619  h
-0.27182508431812  0.23480450100332  -3.69641544996197  h
 3.59966394982784 -2.87709382753508   1.94882198343997  h
 2.12277094022011 -0.63306828737680   3.92854922007038  h
 4.28456981661341 -2.42091695385585  -2.76253766128065  h
 0.56872307397750 -5.16515827219408  -0.71558761426702  h
-2.51750409191485 -3.95871499280532  -1.22958871434183  h
 7.40150550834967  0.91559477843009   3.23576526701764  h
 7.59914360060556  3.18883113755015   0.56338180688455  h
-6.76326424288783  1.72767696598900  -3.21929215752157  h
-3.48481640548177  2.90690759036507  -3.42794797714084  h
-0.37051782266204 -5.02329988363747   3.58511727098860  h
-8.24134629849704 -0.77150304587435   0.12331116555375  h
-5.93433977145626 -2.61939425579971   1.76272020939376  h
-6.92322630948345  0.30040441725310   3.03299654518478  h
$end
