           1           2  0.959080479355441     
           2           3  0.986256107569742     
           3           4   1.00848002556054     
           4           5  0.978063560518317     
           1           6  0.959505069004284     
           5           6  0.973685994085725     
           1           7  0.981676292714248     
           5           8  0.995041464519900     
           7           8   1.00423989190820     
           6           9  0.983095604896152     
           1          10  0.980111338534564     
           8          11   1.93637656028906     
           2          12  0.996190872273118     
          12          13   1.92756581725510     
           2          14  0.961971040323247     
          10          15  0.990591337920916     
          12          16   1.02547371952653     
           3          17  0.976236077796904     
           3          18  0.977076689328030     
           4          19  0.969853439817918     
           4          20  0.975687985888230     
           5          21  0.962988556995021     
           6          22  0.957664993058163     
           7          23  0.958329569205180     
           7          24  0.963276672263425     
           9          25  0.884714910610935     
          10          26  0.966562064039890     
          10          27  0.968923085048240     
          11          28  0.974987431690660     
          11          29  0.974756863933932     
          13          30  0.974435152521285     
          13          31  0.967236474593386     
          15          32  0.887698285986373     
          16          33  0.984445481491502     
          16          34  0.968631429012917     
          16          35  0.967242817124834     
