   -0.00837739
   -0.03258006
   -0.06179877
   -0.05849681
   -0.03599622
    0.10660559
   -0.06858654
    0.00855921
   -0.48563866
    0.08123196
   -0.11274962
    0.00876780
   -0.10986960
    0.04272584
   -0.48333950
   -0.11429139
    0.04106393
    0.04169003
    0.03889889
    0.04189194
    0.04136093
    0.04507615
    0.05144707
    0.05270106
    0.31016531
    0.05045527
    0.02308273
    0.03414000
    0.03440744
    0.03211876
    0.03458452
    0.31015081
    0.04926222
    0.04663401
    0.04470311
