$coord
 0.14406077012175 -1.17138834628795   0.20382910133910  c
-1.80232163794893  0.76607583551591   1.23063678795894  c
-0.62351155954401  3.43010979573710   1.39629309369631  c
 1.08611074307661  4.16525594386289  -0.81381972544649  c
 2.81658226175857  1.96747707706798  -1.55065631466075  c
 1.17802975285107 -0.27605687556923  -2.37235723040779  c
 2.53090693834735 -1.10896389936557   1.87396093993626  c
 4.14225672931888  0.95868935976604   0.76171450106412  c
 2.56934340290002 -2.13155046165322  -3.66879248870508  o
-0.96969288766292 -3.84119328065243   0.02933690867062  c
 6.33671442115658  1.74878523402078   1.64797556265860  c
-4.32928746194376  0.74473881651295  -0.12116536692655  c
-4.79947396163254  1.87624769298533  -2.30261202056916  c
-2.19994652495718  0.20411125351231   3.18953653288094  h
-1.43091152213696 -4.96228229136185   2.39566615178855  o
-6.42973681971693 -0.56837966891882   1.27470575678410  c
-2.14131285806001  4.81503421618238   1.58280638056866  h
 0.50791764645287  3.52193183402646   3.11988957859632  h
-0.02203429506202  4.72819573490723  -2.45681786703160  h
 2.23233446713311  5.78771166887976  -0.25349962355740  h
 4.13040979284166  2.55325554248513  -3.03118351651823  h
-0.32966598293060  0.24368002192826  -3.67564140911760  h
 3.50495512448784 -2.92925576696207   1.78813096751077  h
 2.09702591896388 -0.76549292454813   3.85900828384969  h
 4.03893814662561 -2.54540489431618  -2.67304992123349  h
 0.38313630370306 -5.08544287969762  -0.91132325046540  h
-2.69018210477654 -3.79324162100353  -1.13241029851094  h
 7.16363905467577  0.95440214490823   3.32979345722209  h
 7.39118122537421  3.22783420234093   0.73098992605943  h
-6.65845877686009  1.81849251535532  -3.13192262418408  h
-3.40785578335230  2.90716750491239  -3.35908702521299  h
-2.58880433582070 -3.90652678066508   3.32415280766308  h
-6.04819045636473 -2.57859395829299   1.50079589669870  h
-6.65344948423268  0.24818259318786   3.15344639423756  h
-8.20836711883415 -0.37076679880372   0.26658876451120  h
$end