           1           2  0.959211882634424     
           2           3  0.984393072066656     
           3           4   1.00874067922947     
           4           5  0.978723781447126     
           1           6  0.959195386283349     
           5           6  0.973030408394131     
           1           7  0.982136575530095     
           5           8  0.994572067567198     
           7           8   1.00655568487707     
           6           9  0.984790642969448     
           1          10  0.980195572182516     
           8          11   1.93525791423529     
           2          12  0.996732394799196     
          12          13   1.93024603575390     
           2          14  0.959463324823255     
          10          15  0.992627349326757     
          12          16   1.02330170899947     
           3          17  0.976295136586485     
           3          18  0.976914644698039     
           4          19  0.969838456600925     
           4          20  0.975453768980091     
           5          21  0.963163968265635     
           6          22  0.957552698106708     
           7          23  0.957390651770984     
           7          24  0.962834803469786     
           9          25  0.883796847067093     
          10          26  0.968050326027201     
          10          27  0.965484617259064     
          11          28  0.975060789392970     
          11          29  0.974876325646340     
          13          30  0.974113064530581     
          13          31  0.966752808883470     
          15          32  0.879656979796252     
          16          33  0.965203716239402     
          16          34  0.971684744229453     
          16          35  0.983779026185646     
