   -0.06982145
   -0.06417133
   -0.04907989
   -0.03696923
   -0.06616840
    0.06506731
   -0.02128826
   -0.04164529
   -0.22631790
    0.05009283
   -0.01067279
    0.01775165
   -0.06602279
    0.01360812
    0.00695703
   -0.04694168
   -0.05233059
   -0.02534905
    0.29298320
   -0.02396544
   -0.06036576
   -0.73695190
    0.06759436
    0.36352021
   -0.45045022
   -0.26571773
    0.02503628
    0.04887249
    0.04184083
    0.05490659
    0.04679555
    0.02613470
    0.02942515
    0.02664173
    0.05898104
    0.16761190
    0.05078214
    0.06444813
    0.04729506
    0.05697885
    0.05982030
    0.07172408
    0.08366450
    0.05648437
    0.06989616
    0.06719188
    0.04949606
    0.07216128
    0.08970278
    0.07076316
