           1           2   1.00554817787367     
           3           4   1.42184944061483     
           4           5   1.46155461455134     
           5           6   1.35245089357902     
           4           7  0.101063195469936     
           6           7   1.33173953027952     
           3           8   1.43744787917883     
           5           8  0.103572934535125     
           7           8   1.42415442079553     
           6           9   1.12529471140706     
           1          10  0.978245978380375     
           9          10  0.997812356706853     
          10          11  0.943346448623211     
           7          12  0.991221558568173     
          11          12  0.962685097787757     
          11          13  0.975669748841969     
           2          14  0.970170662351676     
          13          14  0.965195043412802     
          12          15  0.956764813818620     
          14          15  0.966060042638425     
          14          16   1.00824111945946     
          16          17   1.91984345494528     
          17          18   1.02412534726361     
          15          19  0.922233574611391     
          18          19  0.938583684824637     
          19          20  0.941605858016109     
          12          21  0.969661953776929     
          20          21   1.00798137744536     
          19          22   1.01455317281080     
          15          23  0.962197814262587     
          11          24  0.946590193180174     
          24          25   1.72598640645022     
          24          26   1.14951385222415     
          25          26  0.171384944175473     
          26          27  0.941876217855087     
           1          28  0.974029942782339     
           1          29  0.972060368818581     
           2          30  0.974445900914418     
           2          31  0.975155054870009     
           3          32  0.971423436541690     
           4          33  0.970963798834306     
           5          34  0.967357184079291     
           8          35  0.954910253874297     
           9          36  0.940278822398880     
          10          37  0.962968611700811     
          13          38  0.971330714539269     
          13          39  0.970263521476246     
          16          40  0.962299070906594     
          17          41  0.961972838346262     
          18          42  0.963460910351395     
          18          43  0.948682542186969     
          20          44  0.967510075752556     
          20          45  0.972767472259970     
          21          46  0.970960760313292     
          21          47  0.972568678949626     
          27          48  0.976648046207288     
          27          49  0.978950076107838     
          27          50  0.976588000390857     
