$coord
-0.13118508488320 -1.48126823679264  -0.65737444165360  c
 0.97985972571172  0.99533454404268  -1.78372908180400  c
-0.89765505169539  3.19616580135522  -1.45440235535758  c
-2.26092561957681  3.23602230003795   1.08919979012368  c
-3.30986903514304  0.60957627784383   1.71349689955839  c
-1.08657077233541 -1.20511843337428   2.08634021881281  c
-2.65472180637057 -2.02993004090245  -2.00711380022438  c
-4.58926374177224 -0.50609085992369  -0.56745896373694  c
 0.64474820253128 -0.38247279270349   3.90158280566531  o
 1.71948307401210 -3.69479240125343  -0.91474316909287  c
-6.98058601110771 -0.20097789767882  -1.20883998063726  c
 3.65724752951784  1.63526238706382  -0.98752900892757  c
 5.58517679655541  0.83140167306706  -2.37268710156717  c
 1.10751249162443  0.62663619750396  -3.82360594504473  h
 3.63097436011511 -3.52907732824609   0.94828482988647  o
 4.11335660646469  3.31657015365023   1.24247363877886  c
 0.08746179458749  4.98222808473159  -1.75507718789344  h
-2.32984275237213  3.04394588943193  -2.93381402542703  h
-0.99291730653848  3.79785487786868   2.60828264685180  h
-3.80984165464610  4.59627309501952   0.99735112540424  h
-4.53525849017832  0.70628985198887   3.36801624193799  h
-1.83358158389229 -3.07070039645628   2.66358500003316  h
-2.61059931691106 -1.54715623271721  -4.00975849113657  h
-3.11938269301131 -4.03903611758686  -1.86581414976262  h
 2.15003015806270 -1.39259204013522   3.66354977408309  h
 2.54170180022881 -3.69177236832726  -2.81624552692493  h
 0.68175051915638 -5.48225632473267  -0.66379390800911  h
-7.75679827274297 -1.03848641536209  -2.89425413664517  h
-8.25951406347625  0.89646479068773  -0.06962020332160  h
 7.51180094333067  1.26473798966631  -1.87857774551809  h
 5.33948307264129 -0.30046775162273  -4.04902757242163  h
 5.03900454598917 -4.56670924894952   0.45969265039212  h
 3.07294142418025  2.66728056053835   2.88556557314075  h
 6.11733316690147  3.36758843307654   1.69313165766455  h
 3.50526656873880  5.23790105244821   0.81671381851989  h
$end