$coord
 1.82682267207998  2.69165792229901   0.11463075086548  c
 3.99653224299346  1.46618064375384   1.60792981565228  c
 5.71166976743609 -0.39008511031426   0.18574139100880  c
 4.45691032086183 -2.33966342887749  -1.55797465929449  c
 2.06382925753215 -3.66583525969285  -0.58643561011837  c
-0.00378477012921 -1.79202111783942   0.18382757389880  c
 0.12174120389356  0.74776696316721  -1.19715863330151  c
-0.01521180190244  4.04697391841294   1.91959012825566  c
-2.56835974357097  4.08010749190489   0.56230234428134  c
-2.62703668803100  1.69589596982786  -1.09214173106258  c
-2.44031665227040 -2.73451292501405  -0.38334657315110  o
-4.16357184979755 -0.66001922297029  -0.20423630387099  c
 0.67934802737411  0.42992280641102  -3.15336595086407  h
-3.29813520992382  2.19463985368832  -2.97864214977117  h
 0.09200293515731 -1.47026494114311   2.23294497811787  h
 2.64911345941201 -5.47682701175004   1.58165742632849  c
-6.35619682382268 -1.21909736453542  -2.00091215504044  c
-5.17861634920054 -0.47810153025991   2.50397749408433  c
 2.88233920612120  4.55449844797452  -1.82604199730474  c
 5.19289440775569  2.98160983822852   2.34613050688274  h
 3.21251162185843  0.49627294714279   3.24884268244144  h
 7.05168532045318  0.67667248093815  -0.96794222667200  h
 6.82325742189165 -1.38665419032490   1.61232244850405  h
 5.86043298212618 -3.80196977842768  -1.95955789268985  h
 4.02782968091418 -1.43952684779361  -3.36120343986090  h
 1.29404845898974 -4.77358129463228  -2.15778103322758  h
 0.62890286729966  5.94463693932906   2.39274656782150  h
-0.17058194737016  2.98191438611296   3.67885512045231  h
-4.13644918141614  4.18383078873868   1.88545870831577  h
-2.68233320328144  5.73931761187270  -0.65639143106752  h
 3.46271155777851 -4.46719798913294   3.17655556854330  h
 0.92191996492501 -6.39980366069078   2.20220707147332  h
 3.98225749070314 -6.92006582230470   0.97669575177966  h
-7.67956010776559  0.35151851336244  -2.01955970845172  h
-7.33347775896579 -2.91992667152776  -1.39401245315536  h
-5.64139021599261 -1.53007441812328  -3.90122732153597  h
-3.70629746189708  0.06675004929875   3.82597568730633  h
-6.72006103852726  0.87361451150679   2.61407077007072  h
-5.88745295825458 -2.32718147053383   3.05442724367048  h
 3.96568418704765  6.03272171293635  -0.89280904633406  h
 4.11808667769514  3.59056202589360  -3.15448484447487  h
 1.35858851251313  5.43458260486847  -2.88599054042102  h
$end