   -0.00096950
   -0.03658349
   -0.06237137
   -0.05856929
   -0.03727475
    0.11134574
   -0.07186951
    0.01299132
   -0.48804457
    0.08673382
   -0.11397701
    0.00781783
   -0.11054497
    0.04528495
   -0.47354239
   -0.11663523
    0.04191246
    0.04253179
    0.03716449
    0.04089288
    0.04039857
    0.03773859
    0.06195513
    0.05043163
    0.31870698
    0.02764579
    0.02591248
    0.03193038
    0.03216626
    0.03254352
    0.03531796
    0.30810237
    0.04573559
    0.04470944
    0.05041211
