$coord
-0.08591724035590 -1.03986936947509   0.55558234192996  c
-1.94451563984997  1.09810137017101   1.30710239472377  c
-0.62190222568981  3.69591462059324   1.16828875853752  c
 1.16082842290628  4.07305676083642  -1.07705347567476  c
 2.76922209602455  1.70980398863819  -1.52346924989320  c
 0.97470325308784 -0.50182243102226  -2.10181357922006  c
 2.28596030461782 -0.89093327319042   2.24027398080695  c
 4.01584264297660  0.93131351740567   0.91085375953686  c
 2.18681866597171 -2.55903107200223  -3.25740148979118  o
-1.36096205369115 -3.63455540850833   0.75422107198205  c
 6.23660780936026  1.71554385184235   1.73382904025352  c
-4.44785341723227  1.03291355632634  -0.08317715844995  c
-4.85677738757109  1.98136773194084  -2.36251267796872  c
-2.40323322349773  0.78113487706063   3.30523082765695  h
 0.47586967526657 -5.57744227829296   0.62675498946766  o
-6.60998346635395 -0.05858404646857   1.40225898609747  c
-2.06521581686465  5.17024970469898   1.15637065497441  h
 0.48673032342774  3.93516882607896   2.89190122749698  h
 0.11100189712559  4.50709903716421  -2.79613955129811  h
 2.39059244387774  5.68243616933686  -0.67964856828327  h
 4.12143475271476  2.02488879225038  -3.04832903831520  h
-0.51275567357947  0.05080283288459  -3.42244318686166  h
 3.16929643280853 -2.75176335155537   2.36861860625673  h
 1.84149238431149 -0.29164363598462   4.16170904905685  h
 2.88849534292058 -3.62537862783432  -1.95473727164162  h
-2.73226657525441 -3.82688897342345  -0.78736062059904  h
-2.36547829339652 -3.77128024933886   2.57007145409390  h
 7.00261389130543  1.09518554902662   3.51499524846309  h
 7.37999902708471  3.00840556962831   0.65658874266351  h
-6.70667048606748  1.90364754129256  -3.21120073944321  h
-3.42431679513505  2.88178471096517  -3.48200432945148  h
-0.35772799920904 -7.15208573307249   0.27449105284804  h
-8.31732053734399 -0.13983637807514   0.26370610050141  h
-6.18074246103475 -1.95100535828598   2.07971966159803  h
-6.98321045330212  1.12351320637419   3.04836322421670  h
$end