           1           2  0.957653761201676     
           2           3  0.985372778040424     
           3           4   1.00840784193428     
           4           5  0.978951098593460     
           1           6  0.965621268716149     
           5           6  0.965919028995143     
           1           7  0.981785161773602     
           5           8  0.997009128040231     
           7           8   1.00827865562246     
           6           9  0.992241120342281     
           1          10  0.984460575026075     
           8          11   1.93352880453860     
           2          12  0.997661326009632     
          12          13   1.92909512077187     
           2          14  0.962824707232062     
          10          15  0.983917697375818     
          12          16   1.02358108598222     
           3          17  0.976219773213954     
           3          18  0.977012027423339     
           4          19  0.969797007206969     
           4          20  0.975574596849696     
           5          21  0.963739162823152     
           6          22  0.955686695200643     
           7          23  0.953193842122695     
           7          24  0.962992835573975     
           9          25  0.869395102619202     
          10          26  0.972147974300131     
          10          27  0.966057559064664     
          11          28  0.975323403150194     
          11          29  0.975164806710396     
          13          30  0.974021848308139     
          13          31  0.966357178943436     
          15          32  0.889980663704368     
          16          33  0.984096521831298     
          16          34  0.970773033711301     
          16          35  0.968937973859110     
