   -0.06969931
   -0.06387297
   -0.04981944
   -0.03700469
   -0.06672135
    0.06670141
   -0.02213656
   -0.04218140
   -0.21448298
    0.05174584
   -0.01088591
    0.01653254
   -0.06361510
    0.01291994
    0.00759774
   -0.04632230
   -0.05277880
   -0.02536174
    0.29313048
   -0.02344714
   -0.05835556
   -0.73621811
    0.06834309
    0.36192660
   -0.46893639
   -0.25169325
    0.02577198
    0.04887128
    0.04382528
    0.05381228
    0.04675651
    0.02543827
    0.02922692
    0.02764941
    0.05883543
    0.16787616
    0.04360142
    0.06050988
    0.04829479
    0.05636493
    0.05962759
    0.07188917
    0.08398662
    0.05755472
    0.07084438
    0.06776808
    0.04138018
    0.07134706
    0.08980863
    0.07359438
