           1           2   1.00605435704195     
           3           4   1.42176709224162     
           4           5   1.46193676566302     
           5           6   1.35007663194598     
           4           7  0.100621725477874     
           6           7   1.32731291429269     
           3           8   1.43619270502501     
           5           8  0.103193058808551     
           7           8   1.42551982270943     
           6           9   1.13213537119075     
           1          10  0.974768324762820     
           9          10   1.00284512450826     
          10          11  0.942260533581727     
           7          12  0.990948864359964     
          11          12  0.956361938305840     
          11          13  0.983446629816903     
           2          14  0.970113268173658     
          13          14  0.966223639336476     
          12          15  0.957058700671059     
          14          15  0.965858292425056     
          14          16   1.00859356490660     
          16          17   1.92022278075402     
          17          18   1.02387926482977     
          15          19  0.922134483766040     
          18          19  0.938762737960216     
          19          20  0.942113507184654     
          12          21  0.969301794755016     
          20          21   1.00810068886716     
          19          22   1.01408414842182     
          15          23  0.962309937080104     
          11          24  0.947822632769299     
          24          25   1.69817946454648     
          24          26   1.17310695822016     
          25          26  0.174165542251688     
          26          27  0.939947706848293     
           1          28  0.974606379266103     
           1          29  0.972163853375147     
           2          30  0.974538597887153     
           2          31  0.974960216461541     
           3          32  0.971495550992905     
           4          33  0.970988540125031     
           5          34  0.967372539042122     
           8          35  0.954784290299088     
           9          36  0.940158935567899     
          10          37  0.964472856524822     
          13          38  0.971932301851920     
          13          39  0.969477229135218     
          16          40  0.962341053769231     
          17          41  0.961997024696309     
          18          42  0.963464910378734     
          18          43  0.948812244167010     
          20          44  0.967656054383033     
          20          45  0.972630014165252     
          21          46  0.971623697480631     
          21          47  0.972069615561689     
          27          48  0.975767020975822     
          27          49  0.979017659388812     
          27          50  0.976240975090878     
