   -0.00919165
   -0.03271703
   -0.06126249
   -0.06064450
   -0.02996825
    0.12180602
   -0.07158065
    0.01882049
   -0.48480468
    0.07895058
   -0.11322648
    0.01152935
   -0.11535913
    0.04432909
   -0.48884328
   -0.11254807
    0.04078884
    0.04217830
    0.04191603
    0.04097035
    0.04494676
    0.01677998
    0.05323941
    0.04804201
    0.31421693
    0.02462628
    0.04711882
    0.03370128
    0.03468599
    0.03228818
    0.02893777
    0.31018349
    0.05642419
    0.04922568
    0.04444037
