$coord
 0.25369296351599 -1.12128745066088   0.80414641356385  c
-1.71163380137479  0.95045348487928   1.47858802934719  c
-0.60720168635602  3.61262473431073   1.05148368406777  c
 1.02198347924936  3.89644978076319  -1.31958035232825  c
 2.85326293773746  1.66599740658480  -1.54793645906044  c
 1.28834956485901 -0.73546724963314  -1.89605721990492  c
 2.65231025108385 -0.69804108765816   2.39967793509516  c
 4.15771389269453  1.22889901924657   0.94309379228204  c
 2.85257151850658 -2.73128071722900  -2.69572909818596  o
-0.82641578280800 -3.79345282945648   1.17734320420031  c
 6.24845919141819  2.34901666688586   1.71308770601106  c
-4.29913973774414  0.57445394901854   0.30691180974020  c
-6.10420438818630 -0.56041492381072   1.63326342437482  c
-2.01755378023222  0.76273258893551   3.52238170619631  h
-2.29555842656560 -4.63805784529629  -0.87661801707724  o
-4.87420435780725  1.56141956973893  -2.28782678786782  c
-2.14432264375728  4.98948337959801   1.02649858279469  h
 0.57911989258190  4.06698659240280   2.67673579008927  h
-0.13725274092594  3.99331806603024  -3.02156280157181  h
 2.08789848281846  5.65745981844060  -1.18229140179311  h
 4.17893003215334  1.94715091395453  -3.09994934253316  h
-0.22099800490639 -0.46191180718179  -3.28736397679988  h
 3.73773177343695 -2.45028518926261   2.50977532539327  h
 2.23638820046997 -0.09187446647304   4.32466109359184  h
 1.81084830124625 -4.22189454430838  -2.82514977129712  h
-1.91433176840212 -3.87207778034452   2.94254686067923  h
 0.72313353406792 -5.15232162709340   1.32989284234098  h
 7.06254290366756  1.96445179901798   3.53849996380079  h
 7.23745593966699  3.68741736785949   0.54316983121037  h
-7.97351823060888 -0.85086447379304   0.87859433196555  h
-5.80473205641420 -1.23997034163512   3.52886496535945  h
-3.81786876317298 -3.63106344501719  -0.93812834356841  h
-4.45278996390761  3.56942344722005  -2.41067976923051  h
-3.77647535949207  0.59671063838937  -3.73472473918092  h
-6.86710088195038  1.29463478393674  -2.71714994903032  h
$end