           1           2  0.957382290585197     
           2           3  0.986654705601588     
           3           4   1.00863715224253     
           4           5  0.979042561532124     
           1           6  0.959670302945872     
           5           6  0.978385531590463     
           1           7  0.981469125714125     
           5           8  0.995051334030524     
           7           8   1.00644958014417     
           6           9  0.984911653145924     
           1          10  0.976666755755503     
           8          11   1.93659655317918     
           2          12  0.998850273201521     
          12          13   1.90859972995354     
           2          14  0.960170533978089     
          10          15  0.993557697195198     
          12          16   1.02750707274384     
           3          17  0.974212074578710     
           3          18  0.975828534785593     
           4          19  0.972392863115472     
           4          20  0.976081296567080     
           5          21  0.962732645135516     
           6          22  0.952068725704213     
           7          23  0.956958968502482     
           7          24  0.966050775605664     
           9          25  0.880753005206008     
          10          26  0.967625712554384     
          10          27  0.968319138296131     
          11          28  0.975143145296029     
          11          29  0.974930234481579     
          13          30  0.975190210736485     
          13          31  0.974659360062529     
          15          32  0.870860579839271     
          16          33  0.966172529359392     
          16          34  0.959723937796731     
          16          35  0.982753124173308     
