$coord
          1.817290434592          2.908736989554         -0.008732853889     c 
          4.248516213833          1.942276531295          1.245419250077     c 
          5.648788149744         -0.105180330136         -0.251501683941     c 
          4.817686087648         -2.798559903173          0.388052015325     c 
          2.213057465474         -3.579570916383         -0.599316075096     c 
          0.172679602865         -1.720204558501          0.254432599214     c 
          0.204321764510          0.803428787913         -1.177469431307     c 
         -0.002599315016          4.120464890522          1.903933485930     c 
         -2.584076236946          4.063734862667          0.606950403551     c 
         -2.575870527388          1.677170575873         -1.050102675412     c 
         -2.258688755443         -2.717786227449         -0.232983232486     o 
         -4.041273859724         -0.698557043640         -0.115013395498     c 
          0.765965457589          0.428805203370         -3.127842740811     h 
         -3.280488130004          2.147512677497         -2.931299332086     h 
          0.372131091011         -1.397047494458          2.300237780450     h 
          1.583528857045         -6.244343092723          0.316552623420     c 
         -6.205131110128         -1.367272083474         -1.911182145833     c 
         -5.076002612807         -0.504272094207          2.585264625519     c 
          2.508629803748          4.831395546726         -2.060269213558     c 
          5.501983448612          3.561960461024          1.508691751431     h 
          3.828656156733          1.204444864076          3.125920074697     h 
          5.442277409089          0.220909810435         -2.275545220694     h 
          7.662185523811          0.038921710455          0.186992921062     h 
          4.846248717305         -3.029696715061          2.441010809132     h 
          6.205748338849         -4.112955450707         -0.394187063883     h 
          2.240353148209         -3.593362533770         -2.669313088951     h 
          0.568459824222          6.030668260750          2.418102198131     h 
         -0.052856282785          2.989397961456          3.627947934888     h 
         -4.126268226262          4.097359131027          1.962604821694     h 
         -2.792667297151          5.724147932949         -0.596586178501     h 
         -0.262545105204         -6.802065598788         -0.382707840834     h 
          2.991987790635         -7.584097939521         -0.351922627388     h 
          1.543951454191         -6.302241852394          2.371190868268     h 
         -5.471054299458         -1.686561313892         -3.802956256081     h 
         -7.583047699930          0.154838917290         -1.963360557846     h 
         -7.125540614875         -3.090088493990         -1.277774721259     h 
         -6.651432825927          0.809109274259          2.676925871507     h 
         -5.740798248394         -2.364775435942          3.152298319673     h 
         -3.619092605185          0.085776126308          3.905267307229     h 
          3.833320855287          4.013595587030         -3.402045509274     h 
          0.841301298551          5.433931164565         -3.095470127898     h 
          3.388633923540          6.490211599404         -1.221508233542     h 
$end
