   -0.00984804
   -0.02542027
   -0.05837093
   -0.05785686
   -0.02833181
    0.11763452
   -0.07078419
    0.00919178
   -0.46813821
    0.07812427
   -0.11233962
    0.01467945
   -0.11538575
    0.03787957
   -0.47979868
   -0.11880701
    0.03953694
    0.03763561
    0.05566043
    0.03600876
    0.04049468
    0.00714539
    0.05422465
    0.05284124
    0.30767934
    0.04132952
    0.02377801
    0.03669971
    0.03748388
    0.02828928
    0.02049444
    0.30826685
    0.07243250
    0.03787224
    0.04969832
