           1           2  0.956855858573073     
           2           3  0.989093186275425     
           3           4   1.00971222820017     
           4           5  0.979035267222558     
           1           6  0.957788529645055     
           5           6  0.975476590434929     
           1           7  0.980373635440176     
           5           8  0.994670129905517     
           7           8   1.00539069050908     
           6           9  0.985505215657800     
           1          10  0.979919071261061     
           8          11   1.93669512599010     
           2          12  0.997572789645094     
          12          13   1.91949948336167     
           2          14  0.956310770103571     
          10          15  0.993766378096300     
          12          16   1.02988194473307     
           3          17  0.973387496839083     
           3          18  0.975607899526382     
           4          19  0.969925589666869     
           4          20  0.976290965328771     
           5          21  0.964804061428592     
           6          22  0.959098096535122     
           7          23  0.964325437315557     
           7          24  0.958529265931846     
           9          25  0.887996153938871     
          10          26  0.969962938644993     
          10          27  0.964425751252374     
          11          28  0.974675830141252     
          11          29  0.974610382604263     
          13          30  0.975278509017217     
          13          31  0.970787168814091     
          15          32  0.880276106597336     
          16          33  0.957882875049653     
          16          34  0.983448256517341     
          16          35  0.963611879980776     
