    0.00070186
   -0.03341266
   -0.06388885
   -0.05761052
   -0.03422126
    0.11594679
   -0.07320284
    0.01644547
   -0.48739797
    0.08324939
   -0.11370102
    0.01816399
   -0.11245193
    0.04508140
   -0.47412120
   -0.11634069
    0.04255005
    0.04152941
    0.03653728
    0.04134188
    0.03286606
    0.02181795
    0.05380436
    0.05202006
    0.30574958
    0.04608162
    0.02870202
    0.03459781
    0.03421975
    0.02762049
    0.02890111
    0.31153440
    0.04100317
    0.06430412
    0.04157893
