$coord
 0.24231974679644 -1.06689084944755   0.80494137070017  c
-1.76409708142581  0.98442120540383   1.39573441355280  c
-0.62585797162481  3.65009164558398   1.05418426559544  c
 1.11446625082986  3.98304397015011  -1.23196930339192  c
 2.87643762374571  1.70584482305480  -1.52552503173351  c
 1.24619609537805 -0.65460132582319  -1.89141451524859  c
 2.61449533937466 -0.61089118556467   2.43423703577307  c
 4.19900995185840  1.21797183930872   0.94550293495541  c
 2.63452711150366 -2.80547496994501  -2.67428462633194  o
-0.75612151379951 -3.76714314393096   1.20059201849529  c
 6.36757439636096  2.22269766079078   1.65952713437549  c
-4.25464754736771  0.63800080859971   0.02236462977122  c
-4.76518007966996  1.55050104172318  -2.25151643188013  c
-2.19503082819710  0.78398422179733   3.41389078039225  h
-2.41518744048298 -4.60115879483401  -0.69346696588724  o
-6.25988330942271 -0.75430477891256   1.46701872217267  c
-2.16656193857707  5.01725093780672   0.94487702459245  h
 0.47324027235211  4.09518111571023   2.74280468004720  h
 0.03074724415929  4.22346989143821  -2.96857836831456  h
 2.24235711322039  5.69110860799723  -0.96582437186382  h
 4.19423902229248  2.01817645311638  -3.08882481981884  h
-0.29655506347544 -0.31512416074923  -3.23773530918068  h
 3.65540393500861 -2.37835162346939   2.66626784232375  h
 2.15578440057089  0.09327027166856   4.31513894562628  h
 3.74700609119109 -2.31726209174321  -4.02790170385702  h
-1.79383152856891 -3.87549831710140   2.98340803471320  h
 0.86842394312135 -5.05352931074665   1.31627182833157  h
 7.19298183812697  1.81235260657904   3.47355738443974  h
 7.40478989682642  3.49871435044578   0.46041335886616  h
-6.59465934309903  1.27079601018450  -3.10005404583271  h
-3.44148418578760  2.60179604570801  -3.37613322338275  h
-1.46064112591200 -4.67048734670711  -2.24318323666484  h
-8.08769617474880 -0.54481615191813   0.55424045364436  h
-5.80936404424470 -2.75765223175876   1.53817143121002  h
-6.39766030251675 -0.04686051515447   3.39516224994882  h
$end