           1           2  0.958666504001401     
           2           3  0.986621606962723     
           3           4   1.00824800706151     
           4           5  0.978067117145776     
           1           6  0.968212937270216     
           5           6  0.975564611600488     
           1           7  0.981145457367189     
           5           8  0.995271579481203     
           7           8   1.00864993863807     
           6           9  0.974173682261216     
           1          10  0.975911706315273     
           8          11   1.93514567536998     
           2          12  0.998023694862487     
          12          13   1.92651206749918     
           2          14  0.961170745581794     
          10          15  0.997552312075243     
          12          16   1.02520351898204     
           3          17  0.976000885586781     
           3          18  0.977306386823795     
           4          19  0.968456623651777     
           4          20  0.975750998591045     
           5          21  0.961752923124938     
           6          22  0.955004692208758     
           7          23  0.956394101286237     
           7          24  0.963953139111406     
           9          25  0.887821462694196     
          10          26  0.969371068019135     
          10          27  0.966656146761340     
          11          28  0.975133664143268     
          11          29  0.974869146261157     
          13          30  0.974710442303584     
          13          31  0.966973993942512     
          15          32  0.884270930889427     
          16          33  0.983702885605618     
          16          34  0.961721359677149     
          16          35  0.974899924946971     
