$coord
 2.65503941194301  2.39141498742357   4.11805295544325  c
 4.82816269914081  2.71200708590076   2.19399361000113  c
 4.15025094848682  1.81167991259993  -0.52884059107471  c
 3.06131339808598 -0.96373342375377  -0.47918740239162  c
 0.65010662011962 -0.85204189116765   1.17959576441599  c
 1.39931979987131 -0.23788673314852   3.94674689378613  c
 2.36819230883076 -1.82173493015109  -3.17977780708795  c
 0.88761566221504 -4.32705510327785  -3.11887800316463  c
-1.64486117916156 -3.98383660362310  -1.72206322682660  c
-1.28899144583894 -3.09821811251090   1.06311161449305  c
-0.97618716677673  1.26972540909340   0.20781337175769  c
-3.81369375584877 -1.75489406361321   1.84769430676394  c
-3.50214115267917  0.85470949023599   0.66478352021359  c
-5.26305583681337  2.64037346597677  -0.08836580351575  c
-4.38460678910935  4.81228673413739  -1.34654133105807  c
-1.84387899591300  5.16033409936415  -1.85262340426498  c
-0.08110687203547  3.34185573135422  -1.05926146174830  c
 2.42161629208124  3.57660921172978  -1.63452872422734  o
-7.82411834172056  2.39439203211033   0.28904620877227  o
 6.55281913072035  2.01842032717924  -2.19329421114077  c
 5.07138468047236 -2.80229828634669   0.58226592729855  c
-3.23330137631598 -6.42762861714993  -1.92856728964424  c
-0.68542378425289 -5.33226490159972   2.83170191783905  c
 3.38056325885401  2.68756084664021   6.01010697946926  h
 1.23713708108514  3.82665475418571   3.78370988147136  h
 6.47606456555095  1.68299149956058   2.82378578561532  h
 5.35913830385420  4.68602770194576   2.07751051619658  h
-0.26986593950813 -0.25110971214912   5.12242068899308  h
 2.66175635466086 -1.67416646980566   4.65549657586476  h
 1.23331157965943 -0.38938687234222  -4.09530706324455  h
 4.07532554467762 -2.05311138531589  -4.27534368071951  h
 0.50343371182680 -4.94114956240604  -5.03282186279256  h
 1.99443887443929 -5.79301606429493  -2.22658416898755  h
-2.65385355169675 -2.49139761329367  -2.68484961790008  h
-3.98450803935729 -1.64601565530972   3.88745156960444  h
-5.43920807812995 -2.77061483637436   1.13736099905844  h
-5.75645332350538  6.19838539177986  -1.95020270303087  h
-1.20185513288716  6.81130169654842  -2.86690346630745  h
-8.17934431754249  0.81360740331231   1.16611637134445  h
 7.22389982489085  3.95299504909957  -2.15080397723751  h
 8.02899413761576  0.79422734933545  -1.48487055535116  h
 6.12974382562857  1.52116447304645  -4.13145755754299  h
 5.92723731118364 -2.10699905882170   2.29568469839317  h
 4.22459619279821 -4.61061431052284   0.99586839363312  h
 6.54713525206499 -3.09792247866085  -0.79953847019593  h
-4.97228821922829 -6.28930508905432  -0.86171536290167  h
-3.70934367079756 -6.77352135683122  -3.88988377131749  h
-2.17727952645034 -8.03703290100303  -1.23905938267822  h
-2.29769442104898 -6.58420299824137   2.94482102511888  h
 0.90693631136141 -6.41293371309483   2.14521333085924  h
-0.26432999750012 -4.67653748159020   4.71933903444571  h
$end
