   -0.01024915
   -0.02819285
   -0.05873849
   -0.05532200
   -0.03011860
    0.12262032
   -0.07588384
    0.01068935
   -0.48166731
    0.07964199
   -0.11224769
    0.00597851
   -0.10989176
    0.04289381
   -0.49031479
   -0.11485804
    0.03864605
    0.03835576
    0.05039969
    0.03574176
    0.03938552
    0.00584791
    0.05418809
    0.04720061
    0.31857813
    0.02479022
    0.04275830
    0.03738564
    0.03851704
    0.02883804
    0.05334502
    0.31616116
    0.04208748
    0.04460221
    0.04883194
