           1           2  0.961639116752676     
           2           3  0.982600121451450     
           3           4   1.00991977030372     
           4           5  0.979004033868403     
           1           6  0.958482778901231     
           5           6  0.975742789311618     
           1           7  0.979922237261422     
           5           8  0.995520606645192     
           7           8   1.00400072750309     
           6           9  0.992185628858020     
           1          10  0.979955004097952     
           8          11   1.93746963545818     
           2          12  0.994933268233933     
          12          13   1.91645430210219     
           2          14  0.962935463077707     
          10          15  0.991171909691567     
          12          16   1.02019347744402     
           3          17  0.976404577079528     
           3          18  0.976679201812946     
           4          19  0.969214598588070     
           4          20  0.975948491506530     
           5          21  0.964585002988429     
           6          22  0.957929075346260     
           7          23  0.965347942250579     
           7          24  0.958982049977570     
           9          25  0.865864868582501     
          10          26  0.966801043504542     
          10          27  0.970057480792317     
          11          28  0.974605947044537     
          11          29  0.974547381045486     
          13          30  0.974410010490935     
          13          31  0.967190305284238     
          15          32  0.860825722878700     
          16          33  0.984383995873353     
          16          34  0.971308613033078     
          16          35  0.968605277166534     
