! hf-3c
! DEFGRID2
! scfconv6
! miniprint nopop noautostart
%MaxCore 2500
%pal
    nprocs 12
end
*xyz 0 1
C   -1.3429981148  -1.4795294942   2.0089719893
C   -2.7324238884  -1.2985507892   1.3635856280
C   -2.7174070632  -0.6771040256  -0.0644821529
C   -1.6758089032   0.5117905319  -0.1857926262
C   -0.2844852206   0.2963353589   0.5418062022
C   -0.5651515734  -0.1472481549   2.0035690514
C   -1.3902266094   0.8345799861  -1.6706348975
C   -0.6080984614   2.1575481615  -1.7856222593
C    0.7132171485   2.1106845982  -0.9875790597
C    0.5671481285   1.6473945874   0.4975897332
C    0.8080746527  -0.7254547673   0.0089820575
C    1.9659852646   1.1674880664   0.9348465837
C    2.0627248765  -0.1877003414   0.3059607312
C    3.2706691457  -0.8052490037   0.0658354903
C    3.2630277251  -2.0742381483  -0.5147549019
C    2.0506794321  -2.6564175298  -0.7855570711
C    0.8116562693  -2.0346881685  -0.5169509551
O   -0.2252190261  -2.8630025707  -0.7813024677
O    4.4271999538  -0.1359272225   0.4087599108
O   -2.4395269122  -1.7210878843  -0.9954976027
C   -4.1839552423  -0.2423318192  -0.3889984166
C   -2.4254464773   1.7191630661   0.4419510733
C    1.4286155108   3.4767300709  -1.1140133612
C    0.1867424887   2.8160359730   1.4484052110
H   -1.4774008722  -1.8217053094   3.0285635055
H   -0.7767340490  -2.2397030699   1.4864458574
H   -3.3234653953  -0.6496665601   1.9961146893
H   -3.2497043809  -2.2494826438   1.3022851772
H    0.3709433376  -0.2673049930   2.5303875181
H   -1.1422094366   0.6024021541   2.5230033779
H   -0.8020250649   0.0373861541  -2.1070639317
H   -2.3156763059   0.9160520025  -2.2247459391
H   -0.3684702357   2.3455416389  -2.8251269399
H   -1.2211702246   2.9815175296  -1.4518491805
H    1.3353747330   1.3680138571  -1.4665140841
H    2.0301923450   1.0980891235   2.0142160862
H    2.7525560160   1.8302571145   0.6052082287
H    4.1839359595  -2.5921824801  -0.7333488383
H    1.9988408448  -3.6471333940  -1.2101127901
H   -1.1143517793  -2.4338164461  -0.8014514949
H    5.2035976421  -0.6808700417   0.1855392426
H   -2.6034418909  -1.4142841090  -1.9041023491
H   -4.7816512736  -1.1446038425  -0.4565737415
H   -4.6047958697   0.3830968150   0.3841244886
H   -4.2425807682   0.2833320223  -1.3335762582
H   -2.7863729702   1.4852931742   1.4315291696
H   -1.8096108057   2.5877716891   0.5057451575
H   -3.2683338830   1.9770585276  -0.1784342687
H    2.3581404811   3.4915204567  -0.5606048511
H    1.6513506046   3.6755400797  -2.1555122812
H    0.7995321420   4.2765865145  -0.7473403773
H    1.0997200774   3.3029098157   1.7663701054
H   -0.4199848920   3.5719060554   0.9767071462
H   -0.3229557988   2.4637154771   2.3332122891
*
