    0.01891530
   -0.06247811
   -0.05581768
   -0.06284580
   -0.01544516
    0.11312933
   -0.03376602
   -0.06045401
   -0.06082460
   -0.03207295
   -0.32669163
    0.14180150
    0.01994722
    0.02174410
    0.00290016
   -0.10587217
   -0.11042657
   -0.11495444
   -0.10854196
    0.02877659
    0.03316738
    0.02677719
    0.02960817
    0.05192343
    0.03104817
    0.02908674
    0.02652552
    0.04474128
    0.03730056
    0.02791736
    0.03106217
    0.03374526
    0.05153783
    0.05044755
    0.03658245
    0.04940547
    0.03368889
    0.03340476
    0.04467634
    0.02947260
    0.03752107
    0.03333674
