           1           2  0.987870339699391     
           2           3   1.00626033463263     
           3           4   1.00516794017985     
           4           5  0.997372309491616     
           5           6  0.979511262997301     
           1           7  0.972659826524746     
           6           7  0.966570517758647     
           1           8  0.987427790602729     
           8           9   1.00783172827767     
           7          10  0.980799392423102     
           9          10  0.995603580289542     
           6          11  0.975318615586532     
          10          12  0.959838845499291     
          11          12  0.964258778004490     
           7          13  0.974135917428045     
          10          14  0.974418027049513     
           6          15  0.956822616406822     
           5          16   1.00575466914703     
          12          17  0.995682619242346     
          12          18  0.985828566422898     
           1          19  0.993568481652376     
           2          20  0.972797687545922     
           2          21  0.973621290171139     
           3          22  0.978761983391997     
           3          23  0.977960016812465     
           4          24  0.969694766484917     
           4          25  0.976317678999642     
           5          26  0.964692812319200     
           8          27  0.977593122363099     
           8          28  0.970371613830485     
           9          29  0.972153100479234     
           9          30  0.977438479078449     
          16          31  0.986222652476944     
          16          32  0.986291408896608     
          16          33  0.985911462760403     
          17          34  0.982001864437073     
          17          35  0.984752606171424     
          17          36  0.982344535747889     
          18          37  0.986328852937717     
          18          38  0.984548911534296     
          18          39  0.985170640386945     
          19          40  0.986028361310682     
          19          41  0.983467244978985     
          19          42  0.985123692574070     
