$coord
          2.202025522595          2.798907796014         -0.188241641180     c 
          4.467135255201          1.554770870894          1.178430125479     c 
          5.670012194018         -0.685523009837         -0.240419570367     c 
          4.547069366316         -3.260979421173          0.457513548301     c 
          1.821286818517         -3.729701161975         -0.432409166632     c 
          0.013252272399         -1.648077638319          0.496180616307     c 
          0.189185537936          0.814578389645         -1.069022786613     c 
          0.721873901567          4.619138795925          1.625885117782     c 
         -2.087714635552          3.818869124473          1.618133395987     c 
         -2.455588346527          2.017029453018         -0.656395338109     c 
         -2.600117031679         -2.437334118652          0.492502463357     o 
         -4.235671758464         -0.331212054941         -0.255792070879     c 
          0.482777647885          0.338920251765         -3.065402959109     h 
         -3.050607524411          3.086730473617         -2.333016535513     h 
          0.431926950521         -1.235138495960          2.486468614888     h 
          0.894798389857         -6.315841032951          0.440847398663     c 
         -5.507965661456         -1.015110117568         -2.764683128669     c 
         -6.247844209147          0.094316833054          1.780005393850     c 
          3.144165725672          4.298418130982         -2.491624392169     c 
          5.877312869787          3.034595994142          1.518922850734     h 
          3.884805598027          0.934970361325          3.063971089201     h 
          5.522484173634         -0.396822594026         -2.284497971053     h 
          7.710940650958         -0.720555615547          0.145223367502     h 
          4.608707822208         -3.483116906257          2.515565711767     h 
          5.750825977475         -4.779957891072         -0.280862239049     h 
          1.785720506767         -3.685222944978         -2.512746361016     h 
          0.932621213914          6.571003348268          0.973026357940     h 
          1.527131773759          4.562620645277          3.531364549192     h 
         -2.533274941374          2.826142762611          3.374408989537     h 
         -3.367132653439          5.446388121227          1.522405503220     h 
          0.893363046811         -6.426264859742          2.497717350331     h 
         -1.036671852648         -6.659921240593         -0.191819780384     h 
          2.088394751310         -7.838572910168         -0.272045170077     h 
         -4.091474913346         -1.366234341613         -4.215202177428     h 
         -6.742701620064          0.500534915063         -3.410525089263     h 
         -6.631735769982         -2.725920544493         -2.556168709701     h 
         -5.393254538192          0.274268652601          3.640998467324     h 
         -7.352669177060          1.787019234325          1.388763598426     h 
         -7.531938418146         -1.511885287763          1.857741958909     h 
          4.490629895920          5.750073772609         -1.925075588844     h 
          4.072394884838          3.075607410619         -3.861931299348     h 
          1.574840341584          5.228539284903         -3.447919812914     h 
$end
