$coord
 2.69582669951678  2.29471030803187   4.04335814838086  c
 4.87383445657936  2.41659591440244   2.16594008677891  c
 4.12577630419067  1.56783372199561  -0.51916861546656  c
 2.87009930544256 -1.11666326910003  -0.52251983763608  c
 0.54603173034258 -0.92693604677146   1.23481076135663  c
 1.36257666044816 -0.25922249604498   3.95144902622040  c
 2.00423163585817 -1.78974498996446  -3.23931766870621  c
-0.75510820107706 -2.61552533611113  -3.51239782727358  c
-1.65137779685103 -4.39940627649554  -1.42315111783912  c
-1.45405381370408 -3.11744701498258   1.22034931565244  c
-0.98733489588202  1.24728651743018   0.25871420677142  c
-3.96963178599537 -1.66694891486945   1.74199697457277  c
-3.54543153818843  0.89687593613318   0.62777939015814  c
-5.22999831681319  2.74178590903982  -0.16224590018020  c
-4.25120333328734  4.87100763435452  -1.36504127092968  c
-1.68916261127017  5.14830782896080  -1.82641795661665  c
-0.00091088710980  3.30053007325966  -1.01522879532132  c
 2.49907109874521  3.46124407035777  -1.57949777758142  o
-7.76871611250031  2.41000607657555   0.21291636625346  o
 6.50341408153747  1.67786521584297  -2.17388874937281  c
 4.80272510031597 -3.07572249802531   0.38570985406113  c
-0.36701445731970 -6.97664319467887  -1.72677925726064  c
-1.09673520854231 -5.10226636438384   3.29101823110451  c
 3.41782376911141  2.63030114909464   5.94891751274441  h
 1.33827186322585  3.79117617264718   3.62527786215711  h
 6.44094618640997  1.25888517677575   2.83526537320149  h
 5.55758667210256  4.35991149577069   2.03134796628713  h
-0.30972820577908 -0.14774642147006   5.15020931390707  h
 2.59656497784608 -1.72486051174491   4.70525030234670  h
 2.26207689515656 -0.15405069956959  -4.46942346119835  h
 3.21618570732696 -3.29165807366230  -3.96472504861582  h
-1.98249231154858 -0.96383770014251  -3.56323886361741  h
-0.95585212155977 -3.56769346455726  -5.33489763708006  h
-3.66462628775094 -4.75593722453301  -1.76222891480778  h
-4.31584044163275 -1.51577668184998   3.77274001477173  h
-5.61103021488890 -2.59849411232016   0.91816098464413  h
-5.53785366019379  6.32616566983576  -2.00671408214179  h
-0.99216259130897  6.77634691686713  -2.83398033373590  h
-8.66477651256863  3.84296459351531  -0.46704364080056  h
 7.04726922249416  3.64716248372903  -2.39088621937839  h
 8.05266039878157  0.65848571040846  -1.29968808488410  h
 6.15490988638043  0.90283913718638  -4.04051802985403  h
 5.72753235416649 -2.51009452337949   2.12555089754504  h
 3.87734358496312 -4.87072195538545   0.73129761315691  h
 6.25400966438032 -3.36657084768333  -1.03957055709842  h
 1.66488985964555 -6.87959332279384  -1.48899273969560  h
-1.12031736806917 -8.35871561362149  -0.41016489830541  h
-0.73817450132711 -7.66699043589409  -3.62953028677901  h
-2.60953979773923 -6.48949531415391   3.16382855089363  h
 0.69996025099234 -6.07847128739241   3.12890910117545  h
-1.19578062838123 -4.25494203567306   5.15783125627094  h
$end