! r2scan-3c
! DEFGRID2
! scfconv6
! miniprint nopop noautostart
%MaxCore 2500
%pal
    nprocs 12
end
*xyz 0 1
C    1.4265700533   1.2143084001   2.1396529867
C    2.5791221230   1.2788074853   1.1461661336
C    2.1832667965   0.8296618758  -0.2747321998
C    1.5187911448  -0.5909127540  -0.2765055902
C    0.2889475480  -0.4905134317   0.6534337144
C    0.7210445165  -0.1371746374   2.0910167738
C    1.0605937066  -0.9470922616  -1.7141730884
C   -0.3995860516  -1.3840764018  -1.8586808850
C   -0.8738714963  -2.3280655420  -0.7530991389
C   -0.7694521413  -1.6496819158   0.6457810469
C   -0.5224751262   0.6600356002   0.1369056623
C   -2.1006386759  -0.8821113771   0.9218251000
C   -1.8761615720   0.4746063062   0.3322065466
C   -2.7675959211   1.4508906196  -0.0858568329
C   -2.2496399219   2.5776262331  -0.7223487322
C   -0.8938663590   2.7243671766  -0.9664987598
C   -0.0004820207   1.7465652979  -0.5372359421
O    1.3224514733   1.8316114826  -0.8358342282
O   -4.1110275229   1.2753202933   0.1126704888
C    3.4414585235   0.8878880348  -1.1503723847
C    2.5414926722  -1.6276022523   0.2041088647
C   -0.1942156868  -3.6918805856  -0.9137722308
C   -0.5803672785  -2.7000030828   1.7415318478
H    1.8086344487   1.3918954253   3.1480315759
H    0.7081829717   2.0062040322   1.9184144270
H    3.4084019370   0.6661733464   1.5003578217
H    2.9409482132   2.3071658041   1.0749430507
H   -0.1639011080  -0.0781840392   2.7253733991
H    1.3740430123  -0.9127568744   2.4899112305
H    1.1970395417  -0.0815201195  -2.3651170405
H    1.7019321816  -1.7418704379  -2.0980421423
H   -1.0490897516  -0.5100409457  -1.8855848028
H   -0.5058151595  -1.8879420761  -2.8231062508
H   -1.9392367171  -2.5167335946  -0.9325313817
H   -2.2838444066  -0.8021144765   1.9964480376
H   -2.9692293181  -1.3750638663   0.4858698688
H   -2.9305059530   3.3476627034  -1.0619073606
H   -0.5250298326   3.5858883600  -1.4996778081
H   -4.5852022660   2.0336092843  -0.2471488511
H    3.7292542700   1.9299952700  -1.2652025006
H    4.2612843683   0.3484556315  -0.6877653155
H    3.2570380456   0.4777618963  -2.1381500607
H    3.0308795952  -1.3282848184   1.1247930951
H    2.0518018631  -2.5774750583   0.3869860311
H    3.3094793897  -1.7815125707  -0.5501170477
H    0.8810217720  -3.6405240051  -0.7879410247
H   -0.5928464199  -4.4232418132  -0.2170499168
H   -0.3906251236  -4.0571966131  -1.9206647132
H   -1.3809089913  -3.4340930290   1.6742259676
H    0.3704030132  -3.2165884810   1.6557473906
H   -0.6327798575  -2.2516183580   2.7294067573
*
