$coord
-3.25722922255410 -1.81102331698053   4.40063210884767  c
-3.96136370538865 -3.34170940466719   2.03700480328963  c
-4.93259714276257 -1.55260618043096  -0.07911408154331  c
-3.19889595448209  0.91702628872412  -0.30605065608734  c
-0.56736636097685  0.62649561193207   1.02553165299903  c
-0.97421152810316 -0.04798965156052   3.88196182401900  c
-2.73571136396092  1.58997331404848  -3.11919794921098  c
-1.13942444413599  4.01618484077169  -3.39956728846735  c
 1.41052879045574  3.82014129135441  -1.99373385036572  c
 1.05919433593096  3.14950471583741   0.85050867396315  c
 1.46830284788014 -1.29313946048657  -0.01440998145265  c
 3.61755803713109  2.22483840801768   1.91483387623530  c
 3.83340189927244 -0.39456161341106   0.81399797062408  c
 6.07795242112005 -1.65604773581989   0.50369043147307  c
 6.05305131130595 -3.97777330573329  -0.78150509364718  c
 3.80976693842185 -4.84302588223481  -1.71118306919181  c
 1.47686027630913 -3.54964262810101  -1.38814296569297  c
-0.42868234469892 -4.79987291149642  -2.55834915210749  o
 8.36528012566437 -0.74662609293127   1.35033051566680  o
-4.88909346037035 -2.99384566585145  -2.36123027002700  o
-7.77699849189843 -0.98707919617692   0.44341625320433  c
-4.67672361291703  3.13208404224757   0.92356575553687  c
 2.94045417193733  6.27539416498652  -2.41114101825012  c
 0.27616015350705  5.52931724725085   2.37208319572006  c
-4.87466273382753 -0.72221105510721   5.01153216654115  h
-2.79094961327113 -3.09063674830385   5.92914761824951  h
-5.42425647431063 -4.70613551993817   2.46270016178437  h
-2.32564886993851 -4.37830147576313   1.38776715268368  h
 0.72179051017753 -0.94938299463264   4.56879737690728  h
-1.21564616502324  1.66062166389593   4.96371507138658  h
-1.74714551372179  0.05419519886319  -4.03838858327570  h
-4.52318503200324  1.85684162734783  -4.07680909915041  h
-0.76040855112450  4.33311841399918  -5.38619486328574  h
-2.18367141960458  5.63838873583845  -2.73354050137259  h
 2.45293662290007  2.28299806878804  -2.84136603563032  h
 3.56448869390460  2.21342354497503   3.96133939407641  h
 5.14669980006295  3.44754520580402   1.33686956412359  h
 7.79659987830033 -5.00338888051987  -1.05036871248868  h
 3.71719566171247 -6.59175180184435  -2.75811578042564  h
-2.11061411343495 -4.00435516174225  -2.55691456346772  h
 8.11961714731756  0.82807683209299   2.27072874959152  h
-5.77274958982337 -2.11284417392794  -3.71020633678813  h
-8.58111717002186  0.21836056603955  -0.99995721003897  h
-8.77390928971290 -2.77656728185452   0.42105930230380  h
-8.06359980603346 -0.11088362848834   2.26518636986479  h
-3.68514949491472  4.88073855413487   0.71488214137969  h
-6.48012018984370  3.36201798519836   0.00623755677445  h
-4.99341455854311  2.81435827818613   2.91117421380753  h
 1.88811170361663  7.91130836519117  -1.78343487965564  h
 4.72286136539307  6.22951346435905  -1.41137580193629  h
 3.33635488737724  6.50341757356690  -4.40708368061511  h
-0.73295219685916  5.07470379885156   4.08543826060795  h
 1.97694234964924  6.53591126254436   2.90052890804235  h
-0.85981118960264  6.81695872613673   1.27539445385276  h
$end
