! hf-3c
! DEFGRID2
! scfconv6
! miniprint nopop noautostart
%MaxCore 2500
%pal
    nprocs 12
end
*xyz 0 1
C   -1.7236514745  -0.9583522673   2.3287142245
C   -2.0962633961  -1.7683564616   1.0779365199
C   -2.6102179974  -0.8216038078  -0.0418653690
C   -1.6927828384   0.4852694136  -0.1619550325
C   -0.3002373483   0.3315272004   0.5426879796
C   -0.5155305390  -0.0253950300   2.0542457300
C   -1.4476761088   0.8413776434  -1.6506084703
C   -0.6029574491   2.1252734916  -1.7989735352
C    0.7464196909   2.0215317129  -1.0550385178
C    0.5605015042   1.6666461205   0.4500698077
C    0.7769924055  -0.6842999327  -0.0076254338
C    1.9143292715   1.1773337829   1.0132864495
C    2.0285489244  -0.2087930140   0.4307491756
C    3.2163139088  -0.8763427216   0.2665414976
C    3.2031368090  -2.1049469826  -0.4135546856
C    2.0160418418  -2.5628189276  -0.9055190835
C    0.7815208016  -1.8783899848  -0.7345736226
O   -0.2268489274  -2.5399833589  -1.3538200682
O    4.4267156034  -0.3950975133   0.7145641358
O   -2.5871968401  -1.5842748986  -1.2495092480
C   -4.1154103693  -0.5223398157   0.2346457760
C   -2.4748155566   1.6574274971   0.4887299504
C    1.5560213368   3.3207955801  -1.2759208786
C    0.1461376597   2.9259886778   1.2552523690
H   -2.5795604284  -0.3821776317   2.6519886131
H   -1.4769069315  -1.6354945337   3.1375697983
H   -2.8703929110  -2.4903796675   1.3032048023
H   -1.2306803820  -2.3168973624   0.7343747509
H    0.3819550889  -0.5023918450   2.4177034520
H   -0.6432922468   0.8787631401   2.6266848960
H   -0.9245495896   0.0286788642  -2.1370232061
H   -2.3935664386   0.9825982730  -2.1573544675
H   -0.4023908761   2.2929875158  -2.8502515739
H   -1.1555491508   2.9837068239  -1.4465273378
H    1.2980381601   1.2081105500  -1.5035861532
H    1.8862461845   1.1712932976   2.0962505311
H    2.7235162444   1.8243623557   0.7074409070
H    4.1257829763  -2.6476793717  -0.5558311854
H    1.9670552318  -3.4882048319  -1.4595320154
H   -1.1168888893  -2.1190134950  -1.3530609166
H    4.2967163537   0.4381993882   1.2016179059
H   -3.0548075258  -1.1180689865  -1.9633566403
H   -4.5409316485   0.1155514353  -0.5291545672
H   -4.6429528446  -1.4692961294   0.2228149871
H   -4.2670732533  -0.0586770892   1.1986850049
H   -1.9500971306   2.5827756141   0.3782993375
H   -3.4291319269   1.7791032996   0.0033007729
H   -2.6424011878   1.4892942635   1.5405270502
H    0.9991456848   4.1864840934  -0.9437530950
H    2.4992306037   3.2965165589  -0.7468679101
H    1.7655229731   3.4414603714  -2.3321282493
H   -0.3878615991   2.6854176013   2.1619208231
H    1.0461528382   3.4586552911   1.5348937970
H   -0.4549924870   3.6073792039   0.6749096796
*
