$coord
 0.19843197681746 -1.28899220118791  -0.42227138054014  c
 1.11872945444958  1.17735363397674  -1.70441586941743  c
-0.92166618094246  3.25630339261639  -1.54364019146962  c
-2.40611437005744  3.32096609068813   0.93036629256323  c
-3.23878984079834  0.65524455854965   1.69288884392010  c
-0.87031846915117 -0.90054957109100   2.26821932898488  c
-2.21641275446273 -2.19767581662777  -1.76998548844178  c
-4.32251816854303 -0.72799341776688  -0.54321010788815  c
 0.68096111157878  0.27050148251616   4.06848091865883  o
 2.28309292395704 -3.29670064682342  -0.49067332901817  c
-6.69626074111072 -0.64663339180226  -1.30671637413202  c
 3.71388019149899  2.10067317636855  -0.91004867120084  c
 4.20273990802469  3.39177071670852   1.17475984843132  c
 1.30689967492058  0.70166066151996  -3.71580978196398  h
 1.42407609569178 -5.53070779445401   0.69232414909959  o
 5.76535419814699  1.61763990481786  -2.81835513118885  c
-0.02702456079296  5.08806653387623  -1.86097083990663  h
-2.26958318987203  2.94912403412854  -3.07688111178954  h
-1.26876685345147  4.09654047243516   2.45932470476620  h
-4.06342035813959  4.52444876560088   0.68185824998615  h
-4.53044853096489  0.74720983581165   3.29695571506384  h
-1.43958354449066 -2.77701114989325   2.96683566212577  h
-2.14674877204496 -1.92362804590766  -3.81118636712738  h
-2.47019905268590 -4.21395683759066  -1.40436623122729  h
 2.15309330584631 -0.76796885316634   4.30898414183971  h
 3.97285102874742 -2.57392507960702   0.48274942807261  h
 2.78689138981020 -3.68278772631295  -2.46971832072150  h
-7.33019906410702 -1.66159593661777  -2.95350453361578  h
-8.10251640820154  0.43633982594914  -0.31243915321044  h
 6.08790061805781  4.04938419435507   1.58315393238361  h
 2.78805423126972  3.81437143456040   2.56401128873655  h
 2.69691646110963 -6.81654860029386   0.51558147062788  h
 7.59855088942506  2.19561894271474  -2.09307860385302  h
 5.85606825882852 -0.37195745552003  -3.33454634198221  h
 5.38111217619265  2.68890650430398  -4.53653607429640  h
$end