$coord
 0.08817891000559  1.18145523666668   4.74908827038249  c
 2.88244193253501  1.80229341484563   4.33275230562583  c
-4.26444903594491 -6.46605008066146  -0.18272856396960  c
-6.29212822987999 -5.54657788802578   1.23159036227447  c
-6.20117670123750 -3.11685565142941   2.19694574983553  c
-4.12188472128451 -1.53757730690761   1.72302254177149  c
-2.13037805760412 -2.39632012531818   0.17470197507961  c
-2.22838167458072 -4.89270005953289  -0.69631840593240  c
-4.08462574857030  0.84025425931360   2.88933997973759  n
-1.74245195087388  2.25956403405873   2.74982907482872  c
-0.59436054830959  2.16453895768491   0.03858948351879  c
 0.00068581610765 -0.63614019009270  -0.65937257630364  c
 1.98580336874580  3.45388411509953   0.06730740356640  c
 3.60540402946374  1.51451631275082   1.51914355617398  c
 2.63821698005344 -1.11387474229159   0.63132057285756  c
 6.36597283705675  1.95189503874944   1.14100006756856  c
 7.90262018353750  0.28659474163776   0.05579339641503  c
 7.02938815471815 -2.23943928458175  -0.84665742443785  c
 4.24034440080201 -2.40138529131533  -1.38328822740499  n
 3.49830538747161 -1.04449209236664  -3.76720203679902  c
 0.63365984791231 -0.86783743720424  -3.54933567515864  c
 3.57399996999056 -4.89159198419460  -1.57612175640515  o
 2.57878262386335 -2.48190320582490   2.17454544772388  h
-2.49914093207734  3.38832245297080  -1.71342144793561  c
-4.29079393930910  2.34007419291177  -2.68839395422990  o
-2.02429709482657  5.87604062730113  -1.99594591348561  o
-3.81948716680252  7.25326976109402  -3.53532239802501  c
-0.53217742163936  1.84466960868899   6.60915423597021  h
-0.15861321132499 -0.87553990496363   4.76610786867752  h
 3.30963778336137  3.74703384001669   4.91220796723185  h
 4.04806714250267  0.53925601162266   5.49182375390438  h
-4.27596456749126 -8.39181643634255  -0.89304002346857  h
-7.91781720276716 -6.73946238054566   1.62250097874469  h
-7.72904365439744 -2.40153151172811   3.37129385409554  h
-0.63216783024032 -5.58903207959494  -1.78273751705293  h
-5.68398304572703  1.85740761624764   2.65770648633774  h
-2.15638702258162  4.24423253963443   3.18694569603834  h
 1.95596532234611  5.28461042602457   1.03002458402055  h
 2.68232544036058  3.77867949031772  -1.85261255775299  h
 7.09425658151026  3.76687884228412   1.78533028836722  h
 9.90344380415302  0.69829762594551  -0.17690907802683  h
 7.97614953000748 -2.81573781146971  -2.59431752851591  h
 7.38912693211406 -3.71612981898631   0.56164238474385  h
 4.42603929250535  0.80527472562160  -3.79621986632414  h
 4.16001783719121 -2.18476963899809  -5.35383047008412  h
-0.24652099131641 -2.55567344399140  -4.33549863414378  h
-0.07286029385903  0.75091234699665  -4.61942406048839  h
-5.70402131457129  7.15802982767640  -2.69332347919817  h
-3.13415419912448  9.19576113056932  -3.56715541455464  h
-3.87335306656412  6.46773192627725  -5.44527966963744  h
$end
