$coord
          2.610232594868          2.405100133749          4.053629525390     c 
          4.785800934482          2.697036052727          2.184797802160     c 
          4.155635967454          1.768653023947         -0.505997480502     c 
          3.075970705005         -0.988306471251         -0.462603421203     c 
          0.669206230848         -0.882359388226          1.194231752137     c 
          1.425229381011         -0.222098180101          3.931766743909     c 
          2.343458344969         -1.830230962111         -3.141738917124     c 
          0.864498937114         -4.298029226155         -3.089208421388     c 
         -1.642558209106         -3.977361852807         -1.698743865144     c 
         -1.299183913695         -3.098062324516          1.076889565703     c 
         -0.940141781764          1.238575677275          0.223373250206     c 
         -3.796220093972         -1.739822773369          1.831303261975     c 
         -3.476789408307          0.830472335684          0.684419030782     c 
         -5.227491752358          2.626451966404         -0.073527398927     c 
         -4.335964178025          4.769295195533         -1.320772755615     c 
         -1.794486443702          5.117181254355         -1.844011110566     c 
         -0.038798916615          3.320885549396         -1.060525591366     c 
          2.451264729355          3.548612407879         -1.642687272690     o 
         -7.745099136507          2.240145135683          0.380104752992     o 
          6.544020701144          2.000603143270         -2.127507126438     c 
          5.068980644434         -2.837557773168          0.550873725377     c 
         -3.198535916084         -6.399407017030         -1.952900031832     c 
         -0.762963635257         -5.311481115604          2.846107505075     c 
          3.308898536598          2.759960420830          5.964573886265     h 
          1.164497439128          3.821678964820          3.653579564815     h 
          6.444801022279          1.688191433440          2.874091326791     h 
          5.297896200443          4.692320566842          2.046099533077     h 
         -0.245449845455         -0.232102341655          5.137047199649     h 
          2.750794661726         -1.618491719385          4.660306965384     h 
          1.189312864303         -0.379076143969         -4.046585940974     h 
          4.043779590444         -2.083445167876         -4.281273390317     h 
          0.471756137282         -4.883774919007         -5.030229359627     h 
          1.986080022439         -5.790354874465         -2.217182989116     h 
         -2.673736453235         -2.466293793873         -2.670710587033     h 
         -3.998625564873         -1.619429083738          3.881808943002     h 
         -5.464696231628         -2.698948756976          1.103786299323     h 
         -5.677534041212          6.184870705712         -1.938379295246     h 
         -1.166248590473          6.761871371803         -2.869510267125     h 
         -8.694300288877          3.646706441813         -0.282636908659     h 
          6.131103367168          1.535754857650         -4.081895096359     h 
          7.192896039060          3.948925963491         -2.065986463589     h 
          8.036471777746          0.781720452620         -1.429763506465     h 
          6.089291971493         -2.091716743453          2.163544601295     h 
          4.179714225465         -4.589509558662          1.133671650405     h 
          6.436789676894         -3.279246693626         -0.918131165914     h 
         -4.964317628435         -6.279153353825         -0.911238293004     h 
         -3.654308220813         -6.713516421694         -3.933445526550     h 
         -2.148164597786         -8.031618678771         -1.280022106012     h 
          0.784429601935         -6.474301916331          2.159669013746     h 
         -0.294719173279         -4.656931709607          4.733551005009     h 
         -2.432340059520         -6.499095481535          2.997454418395     h 
$end
