$coord
          2.609734013691          2.405775446957          4.053371180572     c 
          4.785482825913          2.697604611536          2.184778591200     c 
          4.155498919386          1.768800237364         -0.505931823492     c 
          3.075999059547         -0.988201226758         -0.462455278033     c 
          0.669274016223         -0.882227687381          1.194361011654     c 
          1.424947086339         -0.221535946394          3.931906642583     c 
          2.343718981791         -1.830342508301         -3.141581891864     c 
          0.864953770867         -4.298243404874         -3.089096573239     c 
         -1.642129172758         -3.977645725185         -1.698723657177     c 
         -1.298963268766         -3.098052640252          1.076874153659     c 
         -0.940223182504          1.238439610379          0.223132422769     c 
         -3.796157974562         -1.740003630172          1.831195987707     c 
         -3.476820950141          0.830273159878          0.684300883787     c 
         -5.227629004138          2.626162393100         -0.073648928531     c 
         -4.336222516829          4.768931170995         -1.321106237827     c 
         -1.794768957393          5.116855730338         -1.844483843282     c 
         -0.039009446298          3.320691961132         -1.060929221906     c 
          2.451109706025          3.548579927633         -1.642934536911     o 
         -7.745216113795          2.239831585537          0.380231698539     o 
          6.544014166432          2.000602074238         -2.127201815139     c 
          5.069095249849         -2.837080401195          0.551310220318     c 
         -3.197856862946         -6.399855786517         -1.952772132541     c 
         -0.762833228711         -5.311156540068          2.846391285782     c 
          3.308027917326          2.761096055594          5.964349612260     h 
          1.163920729878          3.822138164621          3.652829045031     h 
          6.444417726669          1.688889657684          2.874406857161     h 
          5.297532335562          4.692897579907          2.045809838083     h 
         -0.245758022191         -0.231643856171          5.137168358667     h 
          2.750722547288         -1.617622949263          4.660636080806     h 
          1.189464161582         -0.379342887871         -4.046542205729     h 
          4.044051803915         -2.083486918928         -4.281096422779     h 
          0.472315459462         -4.884047855730         -5.030106603413     h 
          1.986621887898         -5.790440480198         -2.217008933079     h 
         -2.673453985544         -2.466752960254         -2.670817996794     h 
         -3.998685275717         -1.619607127684          3.881692994136     h 
         -5.464566201704         -2.699234276250          1.103619892317     h 
         -5.677816144643          6.184540002712         -1.938572799221     h 
         -1.166639445932          6.761663874211         -2.869886165747     h 
         -8.694456024445          3.646476406971         -0.282269795195     h 
          7.192073245728          3.949219608937         -2.067064011976     h 
          8.036758754512          0.782849367896         -1.428121725038     h 
          6.131791188446          1.534037180086         -4.081318137522     h 
          6.089307078868         -2.091125689158          2.164078846468     h 
          4.179921516268         -4.589070904718          1.134214574333     h 
          6.437106587864         -3.278859823841         -0.917523763402     h 
         -4.963778716996         -6.279656819917         -0.911381514017     h 
         -3.653236743593         -6.714234266613         -3.933366124051     h 
         -2.147379035913         -8.031853370276         -1.279588884833     h 
         -2.432327422773         -6.498548028886          2.998107580242     h 
          0.784333844001         -6.474387557969          2.160117626933     h 
         -0.294302697183         -4.656428171544          4.733704089435     h 
$end
