   -0.06982263
   -0.06417124
   -0.04907847
   -0.03696768
   -0.06616959
    0.06506675
   -0.02128836
   -0.04164741
   -0.22631682
    0.05009123
   -0.01067211
    0.01774879
   -0.06602025
    0.01360813
    0.00695492
   -0.04694382
   -0.05232901
   -0.02535164
    0.29298626
   -0.02396729
   -0.06037057
   -0.73694857
    0.06759296
    0.36351839
   -0.45045751
   -0.26570935
    0.02503686
    0.04887188
    0.04184097
    0.05490748
    0.04679647
    0.02613470
    0.02942584
    0.02664291
    0.05898066
    0.16761398
    0.05078809
    0.06444752
    0.04729014
    0.05697820
    0.05981966
    0.07172341
    0.08366587
    0.05648304
    0.06989352
    0.06719522
    0.04950492
    0.07217197
    0.08969731
    0.07075427
