$coord
-0.06585346904215  1.00608301475265   4.74676911373064  c
 2.72773563471185  1.69276956071100   4.43235160164549  c
-4.12406415425664 -6.51182918014756  -0.37028014498338  c
-6.09700767863694 -5.70566690219317   1.17841237483915  c
-6.07957571626623 -3.27277117294965   2.14440774081570  c
-4.11212544393727 -1.58821618162151   1.56603915933015  c
-2.12423005408462 -2.37059844026911  -0.03451814397882  c
-2.17713285106934 -4.84633843542195  -0.95069689472232  c
-4.21742328912533  0.86478781316456   2.54237437000828  n
-1.80946868657835  2.18710514593155   2.73739874774048  c
-0.62725381461208  2.18247543505647   0.05867758649252  c
 0.01745837974368 -0.57205918309097  -0.75034953457785  c
 1.94076535552334  3.49396083464223   0.18150867640152  c
 3.53152427073664  1.51721772831420   1.62708676836817  c
 2.61202525358642 -1.08707456646640   0.62247825176594  c
 6.30087713707269  1.98086768188463   1.36102914741771  c
 7.88537034027248  0.35076408720220   0.29026688621836  c
 7.06027776444198 -2.14972251748265  -0.72192015070899  c
 4.29369763068763 -2.30931132925318  -1.36291633718222  n
 3.63819073839873 -0.88861638497058  -3.73260223924747  c
 0.76954659377148 -0.70443046917529  -3.61652920154794  c
 3.64486500626905 -4.79372756060852  -1.64947528184406  o
 2.50298941176525 -2.49985865622925   2.12207747636879  h
-2.53442125257964  3.46573112223047  -1.66939912746545  c
-3.89138944918777  2.43922149482517  -3.20332460083259  o
-2.56819656592709  5.97563495258119  -1.23910298874767  o
-4.40715157522016  7.39544495176856  -2.68092349844515  c
-0.74223078566168  1.57424427518735   6.62126449876017  h
-0.28497340815476 -1.05274090162079   4.65075163426359  h
 3.10015096641788  3.62442548479831   5.08941879976144  h
 3.89266428443503  0.41289056034789   5.57376775624802  h
-4.09511221705924 -8.42310302647724  -1.11601304230553  h
-7.64018029695967 -6.97641190665039   1.65075421123112  h
-7.59944519979999 -2.63052163225236   3.37067278835400  h
-0.59183720185673 -5.47703247203359  -2.09021009170064  h
-5.30372596716530  1.00535281102445   4.10912458011585  h
-2.19373048501150  4.16346583953063   3.23189895589963  h
 1.87413278238829  5.30095816922784   1.18568384185464  h
 2.68298092161868  3.85750668145482  -1.71523296704464  h
 6.99410361101490  3.77669977210113   2.09314323680253  h
 9.89354578119440  0.77190711740011   0.15222600975641  h
 8.06991694193164 -2.66195376823520  -2.45448179102645  h
 7.38354112538181 -3.66950450034273   0.64873968507634  h
 4.57056450515745  0.95989107479552  -3.68263966289656  h
 4.35489593219782 -1.98800387302480  -5.32465621259714  h
-0.08706571973768 -2.36285001829971  -4.48896571889922  h
 0.10925536992806  0.94542164352074  -4.66022277249517  h
-6.31067542726273  6.68378189642877  -2.30761968082262  h
-4.21969930051544  9.34443350483890  -2.04055911860381  h
-3.99750697341669  7.25117737185566  -4.70129924336140  h
$end
