           1           2   1.00554802861436     
           3           4   1.42186267778900     
           4           5   1.46154545017029     
           5           6   1.35245579472135     
           4           7  0.101061581295636     
           6           7   1.33173845634480     
           3           8   1.43743819426726     
           5           8  0.103576146317689     
           7           8   1.42415888235902     
           6           9   1.12529261698466     
           1          10  0.978247418324645     
           9          10  0.997813321381500     
          10          11  0.943345010559918     
           7          12  0.991220490627130     
          11          12  0.962687605538644     
          11          13  0.975664136155343     
           2          14  0.970172917672092     
          13          14  0.965194350499424     
          12          15  0.956761210649842     
          14          15  0.966062064482891     
          14          16   1.00823858316072     
          16          17   1.91984323154929     
          17          18   1.02412680483324     
          15          19  0.922232083321015     
          18          19  0.938583010231709     
          19          20  0.941602959029636     
          12          21  0.969663361006765     
          20          21   1.00798201062548     
          19          22   1.01455934099961     
          15          23  0.962199177891579     
          11          24  0.946598924644061     
          24          25   1.72597126778554     
          24          26   1.14951809725828     
          25          26  0.171385092461049     
          26          27  0.941882627856629     
           1          28  0.974029794640828     
           1          29  0.972059091263781     
           2          30  0.974445094408589     
           2          31  0.975154830282907     
           3          32  0.971422843946518     
           4          33  0.970962966187336     
           5          34  0.967357338327281     
           8          35  0.954910969721455     
           9          36  0.940277528445101     
          10          37  0.962967826568200     
          13          38  0.971330697725982     
          13          39  0.970262584687442     
          16          40  0.962299405006066     
          17          41  0.961971809263108     
          18          42  0.963457628993901     
          18          43  0.948682119562408     
          20          44  0.967507354831337     
          20          45  0.972766847090771     
          21          46  0.970955779583821     
          21          47  0.972566678005010     
          27          48  0.976659690883514     
          27          49  0.978947652446036     
          27          50  0.976573591204610     
