    0.01813051
   -0.06252521
   -0.05577460
   -0.06156358
   -0.01503633
    0.11501265
   -0.03281456
   -0.06267687
   -0.06140089
   -0.03491792
   -0.32841682
    0.14085672
    0.02047097
    0.02467483
    0.00434381
   -0.10645290
   -0.10976588
   -0.11449562
   -0.10539777
    0.02497568
    0.04921950
    0.03160238
    0.02676209
    0.05364775
    0.02794398
    0.02633713
    0.02984161
    0.02888626
    0.04155394
    0.02589832
    0.03045562
    0.03417349
    0.04744071
    0.04674087
    0.03840137
    0.04902072
    0.03431556
    0.04499501
    0.03437148
    0.03539947
    0.02964749
    0.03611899
