$coord
-1.39750012942484  2.98774932861944   0.55231403886413  c
-2.23108003953000  2.27439266455968  -2.13719636672955  c
-4.49469340391389  0.50437596426737  -2.39673634980272  c
-3.86260428243320 -2.25736726679436  -1.88934854835139  c
-3.01652137452958 -2.80540687177435   0.81640746991543  c
-0.31771420784945 -1.89592879336154   1.35624725258163  c
 0.14737676080430  0.92079397917206   1.91395932794923  c
 0.58118511190345  5.11794270783312   0.35928387535676  c
 3.02156585763690  3.77860342978175  -0.38807653043106  c
 2.93429031899168  1.28754267466913   1.09480607558001  c
 1.31502038252731 -2.51457319999710  -0.66504341211977  o
 3.63561283461950 -1.20351786728239  -0.30655133786773  c
-0.05915724424407  1.23392599630901   3.94557699254747  h
 4.14636586129991  1.45907098686737   2.75634301797171  h
 0.32506652786919 -2.92515195909542   3.05932674566664  h
-3.15114567951392 -5.65283605167464   1.30309126034912  c
 4.84948749049651 -0.88817771367161  -2.90854314540733  c
 5.42463544105668 -2.77988430536810   1.35599823127584  c
-3.63663057856074  3.87580791679069   2.14825781170861  c
-2.69234357881007  4.03525319466494  -3.11801340709841  h
-0.64349688900786  1.40693204674736  -3.11892092123605  h
-6.03602020229833  1.10824609388880  -1.16932129412103  h
-5.18007587652792  0.64631273305774  -4.34176025681647  h
-2.36293597378623 -2.86988612109198  -3.16367181379625  h
-5.54088869017546 -3.39259109840910  -2.28980921394145  h
-4.27985930730557 -1.85134652994523   2.14895461325744  h
 0.81496069748351  6.00379571935355   2.20827626367442  h
 0.03846872841373  6.57901312415185  -0.98627685901136  h
 3.04363649799046  3.46389264700041  -2.41707078197975  h
 4.69023846578264  4.88565980822683   0.09411202069141  h
-2.65484050195823 -6.08956342379142   3.25024420330259  h
-5.04863090705931 -6.35819113192727   0.94663398271773  h
-1.83897700539274 -6.62688725703056   0.05866363209537  h
 3.50305066303395 -0.12379993351765  -4.25627778386052  h
 6.48992956830425  0.34072427131114  -2.79605021544039  h
 5.43822092292371 -2.73188578750328  -3.59669104020979  h
 4.66159777095603 -3.00403047589162   3.25070627459944  h
 5.66896211800541 -4.64576661717412   0.53051131669967  h
 7.25609794578722 -1.85913647519775   1.48514206328907  h
-4.89726937677235  2.32592654725556   2.61792913463901  h
-2.97146559336733  4.70055662724142   3.91157298380111  h
-4.70657680807266  5.30838608080530   1.13269601810912  h
$end