           1           2  0.987334943033487     
           2           3   1.00711040210415     
           3           4   1.00931979203110     
           4           5  0.997877931469606     
           5           6  0.978824899525784     
           1           7  0.973139979841146     
           6           7  0.973034299057174     
           1           8  0.979768665768239     
           8           9   1.00667512435469     
           7          10  0.979735562221407     
           9          10  0.996138281278355     
           6          11  0.974297410029316     
          10          12  0.959418909832981     
          11          12  0.961910479882420     
           7          13  0.972178972326110     
          10          14  0.974405044183014     
           6          15  0.954641420796204     
           5          16   1.00624422713027     
          12          17  0.996049578455387     
          12          18  0.987539956977673     
           1          19   1.00143792887598     
           2          20  0.974959239311281     
           2          21  0.969558783574979     
           3          22  0.973222517914254     
           3          23  0.976443253541415     
           4          24  0.972317849073806     
           4          25  0.974969144980202     
           5          26  0.963912380095258     
           8          27  0.977495822550211     
           8          28  0.976997428473362     
           9          29  0.971586040546864     
           9          30  0.980725563093747     
          16          31  0.986214493182464     
          16          32  0.986139587766599     
          16          33  0.986789998785784     
          17          34  0.979456010456145     
          17          35  0.985504332918081     
          17          36  0.982622642899936     
          18          37  0.983810647579064     
          18          38  0.984896009717081     
          18          39  0.986145119329670     
          19          40  0.979426446683719     
          19          41  0.983985972900025     
          19          42  0.985439118956501     
