! r2scan-3c
! DEFGRID2
! scfconv6
! miniprint nopop noautostart
%MaxCore 2500
%pal
    nprocs 12
end
*xyz 0 1
C    1.3810118947   1.2730816592   2.1449518551
C    2.5323686896   1.4275110169   1.1561351486
C    2.1989955321   0.9360088631  -0.2677276161
C    1.6277487541  -0.5229336175  -0.2447208169
C    0.3541645901  -0.4668548303   0.6320286876
C    0.7540495948  -0.1172317851   2.0806755837
C    1.2402427890  -0.9685756334  -1.6624536976
C    0.4577138665  -2.2745326678  -1.6346796605
C   -0.8689774162  -2.1048796661  -0.8989259304
C   -0.6873818234  -1.6394190075   0.5698573140
C   -0.4975447275   0.6553540797   0.1180766041
C   -2.0088404755  -0.9207703534   0.9690272753
C   -1.8398545839   0.4393616758   0.3621164667
C   -2.7663423927   1.3897054195  -0.0389733382
C   -2.2946303502   2.5236099302  -0.6990993791
C   -0.9497509192   2.7077236952  -0.9760589063
C   -0.0206429119   1.7572346733  -0.5614196187
O    1.2970715182   1.8778278030  -0.8694035966
O   -4.0985922412   1.1852679413   0.2012099684
C    3.4629434860   1.0586731240  -1.1256668280
C    2.6824499350  -1.5013184331   0.2917408318
C   -1.6922331326  -3.3866581495  -1.0333626065
C   -0.4036739978  -2.8105432653   1.5062455415
H    1.7505331493   1.4611092453   3.1561981855
H    0.6159203827   2.0225886013   1.9329940653
H    3.4102393149   0.8937220015   1.5210707448
H    2.8033336461   2.4833746828   1.0825960446
H   -0.1300495568  -0.1225806611   2.7184726762
H    1.4556198206  -0.8560092800   2.4663026311
H    0.6294373859  -0.2007396300  -2.1413381169
H    2.1400202529  -1.1025338990  -2.2654588748
H    0.2499386007  -2.5845270620  -2.6618180299
H    1.0512751273  -3.0641694275  -1.1731907126
H   -1.4147310548  -1.3053495726  -1.4133361495
H   -2.1160133178  -0.8570592621   2.0541036628
H   -2.8917241697  -1.4283733984   0.5840105507
H   -3.0045711902   3.2727179330  -1.0258486422
H   -0.6173590654   3.5781187620  -1.5186784977
H   -4.6009084162   1.9296323937  -0.1493707568
H    3.8058816139   2.0898372118  -1.0938432701
H    4.2528699770   0.4142660835  -0.7557295414
H    3.2448044600   0.8117775917  -2.1597407492
H    3.2223228353  -1.1065761625   1.1451813144
H    2.2119194150  -2.4284319673   0.6002005607
H    3.4063704265  -1.7350980575  -0.4855327111
H   -2.6267188207  -3.3230515897  -0.4822823724
H   -1.9332098101  -3.5530200922  -2.0814479081
H   -1.1363441544  -4.2502741592  -0.6771293400
H   -1.2871323610  -3.4388838399   1.5865303545
H    0.4150516345  -3.4260986681   1.1430851271
H   -0.1557382949  -2.4640759012   2.5049685597
*
