   -0.05325262
   -0.06606770
    0.13586538
    0.00643660
    0.00975512
   -0.06022464
   -0.05773218
   -0.05957666
   -0.02107675
    0.01280345
   -0.03305919
   -0.05844020
   -0.04055506
    0.12209089
   -0.06114420
   -0.06565295
    0.13087210
   -0.28829878
   -0.40361943
   -0.11502509
   -0.11030485
   -0.10347037
   -0.10530092
    0.02754855
    0.03486427
    0.03234071
    0.03982153
    0.03146404
    0.03739304
    0.03555145
    0.02987381
    0.02936068
    0.03361621
    0.03284638
    0.03224652
    0.02588840
    0.05104371
    0.04594639
    0.29685215
    0.05042376
    0.04302682
    0.05080280
    0.03646709
    0.04371826
    0.03530869
    0.03043284
    0.03298156
    0.03616731
    0.03868253
    0.03387112
    0.03643739
