$coord
 2.60809627865980  2.41036986718504   4.05039087810724  c
 4.78079300617815  2.70834610108286   2.17955956519687  c
 4.14958800874999  1.77930570178535  -0.51089040693514  c
 3.07721659827010 -0.98073916796777  -0.46739062928815  c
 0.67235743646164 -0.87981524281918   1.19222390775523  c
 1.43098224457029 -0.22043645710349   3.92955282043835  c
 2.34320256768060 -1.82153427880912  -3.14639752190370  c
 0.86931348067231 -4.29196684098392  -3.09447844688304  c
-1.63675116206039 -3.97861214381158  -1.70116668395492  c
-1.28954286379039 -3.10030198375852   1.07489276603545  c
-0.94253889385845  1.23643470222686   0.22124119735196  c
-3.79231165011651 -1.75071622061543   1.83738167818859  c
-3.48285702981518  0.82813761394817   0.68445409079770  c
-5.23206888746118  2.62435539871734  -0.06655880580232  c
-4.34937450497144  4.77052530021795  -1.32056542007019  c
-1.81299316458714  5.11411632196621  -1.84549524943358  c
-0.05035038180549  3.31916968245128  -1.06229305640026  c
 2.43973631000734  3.55344446526560  -1.64559583602901  o
-7.77684199304334  2.37990139353406   0.33738986959387  o
 6.53596090470507  2.01686913132313  -2.13433256842258  c
 5.07651439372972 -2.82519228106426   0.54210011299767  c
-3.18184941291814 -6.40811668553633  -1.95871588609733  c
-0.74663914570273 -5.31442989096097   2.84134462252503  c
 3.30706501321980  2.76644008752094   5.96086449869264  h
 1.15805298025609  3.82282311295815   3.65135175937300  h
 6.44354547521581  1.70433242553680   2.86691382812795  h
 5.28615822657645  4.70507358063965   2.04063704072360  h
-0.23497624272702 -0.23594238807434   5.14208018983812  h
 2.76234148679462 -1.61354838754096   4.65384073074864  h
 1.18642735220040 -0.37142475419746  -4.04934502713550  h
 4.04258418288926 -2.07183372732902  -4.28738267758631  h
 0.47428060494561 -4.87645716419415  -5.03511534146845  h
 1.99437895060478 -5.78311412149687  -2.22499090674985  h
-2.67105378765347 -2.46897420439891  -2.67313947970094  h
-3.97867466048715 -1.64450280464305   3.89309502064843  h
-5.43823642132355 -2.76094037260254   1.11239654756616  h
-5.71738474483690  6.15838812157818  -1.91641904233933  h
-1.18257251839639  6.75780168645636  -2.87092253892884  h
-8.09244940759648  0.80360844273997   1.19318571032295  h
 7.17780829580864  3.96745621328213  -2.07481358694543  h
 8.03332809876236  0.80374048414045  -1.43702874002679  h
 6.12290335651011  1.54978594989312  -4.08807519254465  h
 6.09564002164024 -2.07827225195045   2.15524415621751  h
 4.19509210022346 -4.58217410936866   1.12253400018474  h
 6.44480072201519 -3.25926861743780  -0.92870070685351  h
-4.94612645901001 -6.31113554261254  -0.91073254910167  h
-3.64298394059563 -6.71534683287044  -3.93882844701680  h
-2.11849691595866 -8.03662126873427  -1.29787345061671  h
-2.40911279906762 -6.51274665595758   2.99143123226290  h
 0.80589372973952 -6.46760017398842   2.15206332932992  h
-0.27973578626445 -4.66055341078923   4.72949572191750  h
$end