           1           2   1.00811423048543     
           2           3  0.975734286415974     
           3           4  0.947163271462172     
           4           5  0.963032382438242     
           1           6   1.00671898561673     
           5           6  0.969295269645473     
           4           7  0.987160119949321     
           7           8   1.00717096875997     
           8           9  0.998126105960355     
           5          10  0.949055371501727     
           9          10  0.972470139712942     
           5          11  0.987045729656470     
          10          12  0.974342957564478     
          11          13   1.37760935408164     
          12          13   1.00725958780796     
          13          14   1.37047612412993     
          11          15  0.100477648229857     
          14          15   1.35429525660510     
          13          16  0.100336286443238     
          15          16   1.46878144842408     
          11          17   1.36011623580817     
          16          17   1.34302070970073     
           3          18  0.941451812456829     
          17          18   1.05756088152772     
          14          19   1.05039268214404     
           3          20  0.993716343963978     
           4          21  0.998145754372851     
           9          22   1.00761704800119     
          10          23   1.00655776211646     
           1          24  0.975829045277352     
           1          25  0.975513668435934     
           2          26  0.970617670580745     
           2          27  0.974265803826374     
           6          28  0.972488080884599     
           6          29  0.970862084034931     
           7          30  0.972949992710456     
           7          31  0.971850080986572     
           8          32  0.974967300547387     
           8          33  0.972194831853320     
           9          34  0.964437631574107     
          12          35  0.960717954502399     
          12          36  0.966185079704666     
          15          37  0.968071273261235     
          16          38  0.968868381089665     
          19          39  0.891823466707504     
          20          40  0.983192780941463     
          20          41  0.983276854590539     
          20          42  0.981578014281624     
          21          43  0.977385888275989     
          21          44  0.976039411541081     
          21          45  0.982538581773380     
          22          46  0.981961722695229     
          22          47  0.985874700305270     
          22          48  0.985579547552457     
          23          49  0.982031464949765     
          23          50  0.977854575033684     
          23          51  0.981129575792751     
