   -0.07159930
   -0.06464490
   -0.04893185
   -0.03640645
   -0.06185434
    0.06846723
   -0.02470887
   -0.04357866
   -0.20494980
    0.05246366
   -0.01547057
    0.01946753
   -0.06860908
    0.01360072
    0.00679687
   -0.04665930
   -0.05274721
   -0.02558782
    0.29346704
   -0.02343147
   -0.05646343
   -0.73648063
    0.07105414
    0.35755650
   -0.46781153
   -0.27010905
    0.02758809
    0.05731244
    0.05377027
    0.05454295
    0.04843474
    0.02627093
    0.03055212
    0.03165678
    0.05819044
    0.16440654
    0.03889698
    0.05878141
    0.05261187
    0.05677857
    0.05963685
    0.07176986
    0.08446353
    0.05911832
    0.07050211
    0.06525076
    0.03855425
    0.06999841
    0.08857577
    0.06950656
