$coord
 0.03698763968920  0.95359225326634   4.85883525226753  c
 2.82654008400365  1.58461854590886   4.45911374152412  c
-4.03206295580741 -6.45338313733548  -0.08581747472175  c
-6.12587342847903 -5.59437485989196   1.23477236174381  c
-6.15496016367783 -3.16714411752164   2.17831173651740  c
-4.12750892358832 -1.53386128887205   1.76281481834585  c
-2.11820719996767 -2.32734666528945   0.24060948096913  c
-2.05952386955613 -4.82129141175550  -0.59095714629143  c
-4.10670638659686  0.77638407005438   3.02444205179135  n
-1.78516088401453  2.18757199527608   2.94986107229295  c
-0.64698500879605  2.23005225037160   0.24909571981209  c
-0.06164191246766 -0.51520519535377  -0.57847917772653  c
 1.92871051685647  3.49624074127742   0.32319127874661  c
 3.52878068565295  1.46292170617068   1.64102492509175  c
 2.57979375334690 -1.07837876441710   0.57047042108594  c
 6.28257274116298  1.94273485624668   1.25372357316749  c
 7.76182103193669  0.39236946567883  -0.02719390500921  c
 6.85532600394286 -2.04971312129389  -1.09164837912917  c
 4.08784957493000 -2.23267009156368  -1.53510614123288  n
 3.27260302386672 -0.79437729464534  -3.79783693454117  c
 0.41509499969185 -0.63722130186419  -3.47001644623942  c
 3.50622719117255 -4.65706273098905  -1.80344530103950  o
 2.52221173302251 -2.54715283107791   2.01515205095444  h
-2.54989798368597  3.51574972426429  -1.45382041419724  c
-4.71684244402686  2.87687230006087  -1.72223430171171  o
-1.57241704333125  5.55162062474386  -2.61250235993652  o
-3.25430149026943  6.91353135326431  -4.20203095024564  c
-0.53688486951335  1.52134970831547   6.75605181593789  h
-0.24259909159251 -1.08323347744744   4.73290462835494  h
 3.23875484288153  3.48163604715196   5.16076021233471  h
 3.98272554770749  0.25558565292099   5.53444084107841  h
-3.94777093320968 -8.38286582576653  -0.74161802509053  h
-7.71205936501483 -6.83462997475042   1.57302130952706  h
-7.73790586090358 -2.49623842479445   3.27901825440113  h
-0.39547353623757 -5.48266075938270  -1.57859744723765  h
-5.71859028220158  1.77759806777962   2.85143753788931  h
-2.17231950851501  4.14025102219733   3.52468894123097  h
 1.90012073238551  5.25922322935321   1.38717878774596  h
 2.61032649431573  3.91760470537876  -1.57174699293443  h
 6.99835670570753  3.68849345898458   2.03422274976103  h
 9.74531033974544  0.79411681026086  -0.29786090731389  h
 7.77100876187284 -2.48782880338546  -2.88912437624494  h
 7.29427140468283 -3.60644356752189   0.20197427769929  h
 4.19179101154318  1.05138380637286  -3.82641459434034  h
 3.81009536266166 -1.87927138612203  -5.46364732211230  h
-0.45554092889750 -2.33575585432911  -4.23615971927773  h
-0.36432221893287  0.99036975427655  -4.45718351705601  h
-4.78657802571088  7.73098871665361  -3.08836882229073  h
-2.13708849681594  8.39246406827885  -5.08685564253949  h
-4.06924304180372  5.66167234829837  -5.62544326395113  h
$end