           1           2   1.00680305324389     
           3           4   1.41314774179630     
           4           5   1.47099946938661     
           5           6   1.34711927650732     
           6           7   1.33709840388012     
           3           8   1.44706341398628     
           5           8  0.105642749056337     
           7           8   1.41283254256647     
           6           9   1.12388326842072     
           1          10  0.978733298673626     
           9          10   1.01274140109520     
          10          11  0.929962743145967     
           7          12  0.992169422145013     
          11          12  0.944645019006858     
          11          13  0.987849284627389     
           2          14  0.970034583617643     
          13          14  0.965357063222264     
          12          15  0.957657058074663     
          14          15  0.966126736928365     
          14          16   1.00876563502239     
          16          17   1.91999826876600     
          17          18   1.02391710803742     
          15          19  0.921354469683637     
          18          19  0.938580048876241     
          19          20  0.942180044367408     
          12          21  0.968216363492629     
          20          21   1.00817680362709     
          19          22   1.01468050765439     
          15          23  0.961749617562991     
          11          24  0.958882833118026     
          24          25   1.70402814935518     
          24          26   1.14378475409243     
          25          26  0.168480722618183     
          26          27  0.942518273346579     
           1          28  0.973417384968934     
           1          29  0.970973892783252     
           2          30  0.974168375884111     
           2          31  0.974829664283262     
           3          32  0.971334446020000     
           4          33  0.970785495403096     
           5          34  0.968208395975880     
           8          35  0.954577217465064     
           9          36  0.939806499200436     
          10          37  0.967381305884227     
          13          38  0.971987470467552     
          13          39  0.967786564375445     
          16          40  0.962321647342257     
          17          41  0.961971919136648     
          18          42  0.963348888014076     
          18          43  0.948585179018493     
          20          44  0.966985604077407     
          20          45  0.972608010531778     
          21          46  0.971186225041916     
          21          47  0.971625306103019     
          27          48  0.976209044685284     
          27          49  0.978911455270880     
          27          50  0.977008008977256     
