$coord
         -1.397474457795          2.987757762315          0.552314824133     c 
         -2.231043567322          2.274412460213         -2.137201580445     c 
         -4.494672092856          0.504417558694         -2.396753100290     c 
         -3.862617617575         -2.257330807439         -1.889352400380     c 
         -3.016550967810         -2.805375297862          0.816407303655     c 
         -0.317734255996         -1.895925142351          1.356247151271     c 
          0.147384204877          0.920791395128          1.913963633457     c 
          0.581234330825          5.117929070886          0.359292758899     c 
          3.021608790227          3.778572815479         -0.388056755326     c 
          2.934303573068          1.287508553005          1.094816119068     c 
          1.314995498303         -2.514585246718         -0.665042113880     o 
          3.635600074168         -1.203550065047         -0.306555249195     c 
         -0.059150136565          1.233924869533          3.945580706911     h 
          4.146380751705          1.459009869785          2.756355021741     h 
          0.325036635369         -2.925155607394          3.059325335507     h 
         -3.151214765721         -5.652800589909          1.303102552805     c 
          4.849464850028         -0.888209138644         -2.908550863670     c 
          5.424614263100         -2.779929962021          1.355989909491     c 
         -3.636604592563          3.875833152592          2.148249763401     c 
         -2.692282878134          4.035277143250         -3.118022411257     h 
         -0.643463337967          1.406935217711         -3.118915576054     h 
         -6.036003674640          1.108306078582         -1.169352992054     h 
         -5.180034751297          0.646358041737         -4.341783601033     h 
         -2.362951380783         -2.869870322270         -3.163668004758     h 
         -5.540913271095         -3.392536831599         -2.289816364195     h 
         -4.279879545270         -1.851293767035          2.148947677934     h 
          0.815007255044          6.003782379284          2.208284560248     h 
          0.038534576871          6.579003085668         -0.986270447653     h 
          3.043685896866          3.463871417690         -2.417051774688     h 
          4.690286993255          4.885612880844          0.094147621522     h 
         -2.654921708646         -6.089527882953          3.250258708570     h 
         -5.048707836758         -6.358131660258          0.946640686889     h 
         -1.839055900467         -6.626873107689          0.058682319781     h 
          3.503029390197         -0.123807561184         -4.256273671336     h 
          6.489922408427          0.340672193294         -2.796058504683     h 
          5.438173571563         -2.731921568388         -3.596707906927     h 
          4.661582006196         -3.004081893456          3.250699543462     h 
          5.668924674322         -4.645808004287          0.530491221963     h 
          7.256084146367         -1.859196540294          1.485131588973     h 
         -4.897260531747          2.325962815382          2.617911047599     h 
         -2.971438423858          4.700571467877          3.911568880515     h 
         -4.706533087034          5.308424948203          1.132689460791     h 
$end
