   -0.00848407
   -0.03309626
   -0.06227333
   -0.05812690
   -0.03612643
    0.10703249
   -0.06931967
    0.00884176
   -0.48431147
    0.08167366
   -0.11275516
    0.01282563
   -0.11340219
    0.05119637
   -0.47704305
   -0.11758600
    0.04060865
    0.03956954
    0.03879188
    0.04093175
    0.04105775
    0.04543812
    0.04286111
    0.05048258
    0.30972743
    0.02693574
    0.04795950
    0.03416005
    0.03503492
    0.02890727
    0.03089456
    0.30892671
    0.03933133
    0.06273800
    0.04659775
