$coord
 0.17236978891157 -1.16757101220918   0.21285150953003  c
-1.78093553841212  0.76028947295483   1.23671614858735  c
-0.62727285473939  3.43155896849914   1.39566954889252  c
 1.07660763920403  4.17188318617281  -0.81795662317349  c
 2.82012154380291  1.98319772552423  -1.55276167441083  c
 1.19670455384541 -0.27334502163625  -2.36576663706840  c
 2.56374533548467 -1.09200838178264   1.87999024096372  c
 4.15650495835817  0.99086866672909   0.75916074407543  c
 2.60079013957814 -2.12434298951894  -3.66175396696813  o
-0.95837946074413 -3.82993069133485   0.03694797792831  c
 6.34718777297190  1.79423223554519   1.64254352639165  c
-4.29823518518528  0.68114840365788  -0.12632746866661  c
-4.79950878909606  1.81836719778936  -2.29785217235723  c
-2.18900558649033  0.17210484023809   3.18209259232460  h
-1.83625873149319 -4.77290907539679   2.36731948757562  o
-6.32986834761646 -0.72622562017255   1.26708063023171  c
-2.15813659124521  4.80257690496965   1.57159472938570  h
 0.49963030298536  3.54614787251341   3.12162009397290  h
-0.03765884149616  4.71886326574488  -2.46177450735381  h
 2.21450187228638  5.80375799311441  -0.26727656000326  h
 4.12916105671569  2.57485080220074  -3.03547870394160  h
-0.32097702182780  0.23125208027205  -3.66274409766430  h
 3.58054185326885 -2.89301708261714   1.78089421973936  h
 2.13718935187720 -0.73271414449062   3.86548583603992  h
 4.12014480317379 -2.46187079003373  -2.71365911427261  h
 0.45508869834944 -5.11428908053963  -0.77861923565893  h
-2.59008999530543 -3.80681910422679  -1.22491577704056  h
 7.18239351915362  1.01012735397886   3.32557874302989  h
 7.38982578132723  3.27944291290015   0.72272417876003  h
-6.65307694570301  1.70021747792361  -3.13337399054022  h
-3.44768019202878  2.92047874329902  -3.33634052544449  h
-0.43272079727333 -4.85538160448538   3.52387722902693  h
-7.99600033747236 -0.98145034863166   0.09375895238796  h
-5.65155692705182 -2.56310147820372   1.89024343628392  h
-6.87442059455686  0.33839840395484   2.94634736391227  h
$end