           1           2  0.959321631233800     
           2           3  0.986489370234054     
           3           4   1.00841200842785     
           4           5  0.978345987269341     
           1           6  0.958577719935935     
           5           6  0.972743968018955     
           1           7  0.981809789281820     
           5           8  0.995181806411484     
           7           8   1.00425467365742     
           6           9  0.985998184367854     
           1          10  0.979383368793259     
           8          11   1.93635156797875     
           2          12  0.996245325483778     
          12          13   1.92729958668670     
           2          14  0.961817044639429     
          10          15  0.992103631338570     
          12          16   1.02562123372855     
           3          17  0.976244075002166     
           3          18  0.977092730973185     
           4          19  0.969649834543096     
           4          20  0.975683912994753     
           5          21  0.962983239771789     
           6          22  0.957370198964415     
           7          23  0.958306296837399     
           7          24  0.963426181901307     
           9          25  0.884129232310619     
          10          26  0.966270453010661     
          10          27  0.968565711941941     
          11          28  0.974988775872770     
          11          29  0.974746114522967     
          13          30  0.974444493764088     
          13          31  0.967123247137399     
          15          32  0.887534126482152     
          16          33  0.984424602656434     
          16          34  0.968089320618468     
          16          35  0.967102537816538     
