    0.00136535
   -0.03333512
   -0.06112147
   -0.05866631
   -0.03001299
    0.11761787
   -0.07202438
    0.01920058
   -0.48698252
    0.08315246
   -0.11334467
    0.01798839
   -0.11354737
    0.04228545
   -0.48077141
   -0.11120454
    0.04141719
    0.04140040
    0.03849197
    0.04146005
    0.04551692
    0.02923312
    0.05281117
    0.04793416
    0.31156883
    0.02829183
    0.02724590
    0.03368489
    0.03474419
    0.02862006
    0.02234531
    0.30720441
    0.04994212
    0.05505881
    0.04242933
