$coord
 0.23848580674934 -1.08609077623037   0.81702799361407  c
-1.69174082755101  1.02780631182392   1.43074468747700  c
-0.60745440472201  3.67603373100111   0.85649190509574  c
 1.10788293973907  3.85810354364102  -1.46458145394948  c
 2.91055954913464  1.59736309114628  -1.56911292976637  c
 1.30556365971481 -0.78130915195029  -1.87905523924780  c
 2.62795962611328 -0.67443218189258   2.42642610171042  c
 4.15590206523736  1.22632244929513   0.96184380116363  c
 2.83860403700706 -2.83091660467254  -2.61236017977743  o
-0.93203942961855 -3.70349601888308   1.24861269169817  c
 6.22198159673443  2.37626730865432   1.75519459071947  c
-4.30618250380597  0.60609345476899   0.34992876462981  c
-6.17245451701228 -0.07561366966151   1.87775136677165  c
-1.94972178071253  0.94611477460661   3.48813302761650  h
-2.28775608508765 -4.45908088523392  -0.93236526300011  o
-4.80949231652973  0.99223469910052  -2.40878816792982  c
-2.17066082937634  5.01229088501707   0.67988702526414  h
 0.50757095710892  4.25873320970616   2.49192133053200  h
 0.01059698034407  3.91732591937471  -3.20985076369672  h
 2.19200499985885  5.60996025479126  -1.34783811154103  h
 4.27444745104597  1.80563922374930  -3.09995301049157  h
-0.18675469598336 -0.50883786351850  -3.28121268903774  h
 3.70020077210216 -2.43435646457447   2.55344052834247  h
 2.20584676411534 -0.04770435742695   4.34344954573892  h
 1.74137508913749 -4.27380752174975  -2.78969758869794  h
-2.18106824184413 -3.63268267083177   2.89943576530323  h
 0.57151486326685 -5.08701962881526   1.63814413984768  h
 6.99411032877615  2.04080416848009   3.60848267857627  h
 7.23192839342913  3.69249587416289   0.57784185266188  h
-8.06554083516954 -0.37570423459521   1.19110575794063  h
-5.90179494378792 -0.36719016859018   3.87553050594033  h
-3.45813845173538 -5.77267743603755  -0.48044451399958  h
-3.89046780717066  2.68820410803198  -3.11105110651987  h
-4.12117808066377 -0.62388573967877  -3.47991481051963  h
-6.83162485988921  1.15592623258573  -2.74120993223308  h
$end