           1           2  0.959794650102314     
           2           3  0.982736830223074     
           3           4   1.00838827590289     
           4           5  0.978734511874038     
           1           6  0.961271769731796     
           5           6  0.979396502085745     
           1           7  0.981431516600734     
           5           8  0.995354760383107     
           7           8   1.00678840235371     
           6           9  0.979692014668205     
           1          10  0.984432516038424     
           8          11   1.93636158718063     
           2          12  0.999611334927084     
          12          13   1.92366115414017     
           2          14  0.961283718910062     
          10          15  0.982398105693301     
          12          16   1.02732049734276     
           3          17  0.975687246821667     
           3          18  0.977293875701665     
           4          19  0.970687619134199     
           4          20  0.975835327085686     
           5          21  0.962342564846406     
           6          22  0.956196986581710     
           7          23  0.957006736702804     
           7          24  0.966215783979513     
           9          25  0.883659267902759     
          10          26  0.971569826813638     
          10          27  0.967332536054649     
          11          28  0.975198826494410     
          11          29  0.974993892490230     
          13          30  0.975891681987826     
          13          31  0.975215910822014     
          15          32  0.892089808451007     
          16          33  0.970604849202189     
          16          34  0.959889425213147     
          16          35  0.982097385037803     
