$coord
-1.48812511049551  2.98853866778896   0.55204473078145  c
-3.73010798953498  2.24220859378604  -1.13851506045998  c
-3.20281392249321  0.12942748406207  -3.03445956878398  c
-3.90970856583279 -2.47872705126370  -2.03193446867941  c
-3.07837276521695 -2.93034403000210   0.69907040466014  c
-0.40750454432263 -1.96594967172304   1.25244133446500  c
-0.06243088824285  0.83820906107880   1.96201933561244  c
 0.54916331720344  4.33606078858694  -1.03239947995548  c
 3.03849889125839  3.86607048461088   0.33337235701560  c
 2.78841590746465  1.21405553290283   1.44443114062344  c
 1.27656127433134 -2.42138801286939  -0.76223652184360  o
 3.55132846730230 -1.07153819357049  -0.26240270385830  c
-0.47498136565965  1.02063095974254   3.97611706905519  h
 3.87936694911866  1.08605235979899   3.19225604738569  h
 0.26932437267953 -3.02921023501830   2.92380499784004  h
-3.25057268551326 -5.75299720266769   1.29431374346754  c
 4.72863462323295 -0.41300053761440  -2.81551665785759  c
 5.40430597243429 -2.78468418232573   1.18018033884959  c
-2.49714193781496  4.83946500163444   2.54643711922871  c
-5.34451838150621  1.72045939534564   0.03451319582882  h
-4.26947065471594  3.95272874459516  -2.16583249333223  h
-4.27076914109469  0.47382102827622  -4.76796930673840  h
-1.20777827977662  0.10966039698975  -3.52903761565156  h
-3.02849780940284 -3.90348196209105  -3.23304940916457  h
-5.95675563165121 -2.73846872594008  -2.13310040311604  h
-4.34694195558336 -1.92048749909935   1.98459093877139  h
 0.14081115512449  6.34661912093260  -1.21888891205905  h
 0.61499941274484  3.53568572450633  -2.92722009558719  h
 4.67128686299669  4.07355681449456  -0.89768397130812  h
 3.24943184481221  5.21101650769998   1.88400723424524  h
-2.90677342520564 -6.10696152902793   3.29068537285504  h
-5.11832681262052 -6.46897795440923   0.82032081776610  h
-1.85277501455257 -6.78240308318605   0.19550692568376  h
 3.50380980910430  0.81336289776169  -3.91050979497012  h
 6.55515138966028  0.48965648420863  -2.56206420753346  h
 4.99152954367720 -2.15447416557584  -3.87349907662266  h
 7.15948842241929 -1.78239941740082   1.54685952058216  h
 4.59755692619423 -3.38406586865802   2.97281303385725  h
 5.80986232874124 -4.45986545567956   0.06167509473561  h
-0.96670479148622  5.57349041177673   3.70473712070447  h
-3.44142531420475  6.42615741689721   1.64062703021693  h
-3.85444366626734  3.90834606687126   3.78021937559868  h
$end