    0.00059246
   -0.03764069
   -0.06108147
   -0.05822988
   -0.03339577
    0.11363755
   -0.07033103
    0.01493887
   -0.48735005
    0.08429724
   -0.11352927
    0.00808429
   -0.11281887
    0.04703724
   -0.48732426
   -0.11118610
    0.04261534
    0.04313984
    0.03808579
    0.04175210
    0.03318307
    0.02504893
    0.06551512
    0.04888979
    0.30713483
    0.01901175
    0.04279137
    0.03349302
    0.03268416
    0.03431598
    0.02782534
    0.32391334
    0.05327719
    0.04535830
    0.04626449
