           1           2  0.958964124328410     
           2           3  0.982583174494749     
           3           4   1.00856247019556     
           4           5  0.978774175598972     
           1           6  0.969442540382040     
           5           6  0.976729523016158     
           1           7  0.982183168727607     
           5           8  0.993983443414545     
           7           8   1.01048128829182     
           6           9  0.967663511466977     
           1          10  0.977428861362637     
           8          11   1.93420310615210     
           2          12  0.998167637822093     
          12          13   1.92698486286083     
           2          14  0.960844985679384     
          10          15   1.00063025764864     
          12          16   1.02577395220513     
           3          17  0.975335289379014     
           3          18  0.976937106118536     
           4          19  0.970261561490269     
           4          20  0.975712544184460     
           5          21  0.961606109782950     
           6          22  0.954653375478916     
           7          23  0.952156281440887     
           7          24  0.964055856914239     
           9          25  0.883745091762244     
          10          26  0.966888033676012     
          10          27  0.971421299120364     
          11          28  0.975258397754460     
          11          29  0.975054044608453     
          13          30  0.975306092506211     
          13          31  0.975274656429999     
          15          32  0.860532144675671     
          16          33  0.970059043372640     
          16          34  0.962124295757148     
          16          35  0.981813383244934     
