$coord
-1.59541502256129  3.05938505108754   0.89280628941261  c
-4.35726081038266  2.36015112313453   0.35214321619040  c
-4.95027954488689  0.88396974712448  -2.06019264930111  c
-3.33408901805533 -1.47039051042058  -2.47270374671519  c
-2.79231673191132 -2.88950342147961  -0.01933863343632  c
-0.32395824223599 -1.98993369795110   1.21103171447729  c
 0.14680167254679  0.87027636265159   1.77917577612224  c
-0.24214828287439  4.29790728330950  -1.38304621635796  c
 2.07298549820598  2.67918973911394  -1.96703909940128  c
 2.72657804079127  1.37272792375218   0.52448137429916  c
 1.72506489564093 -2.80595313188187  -0.31839242639848  o
 3.86668193989179 -1.28183656159563   0.21531104628588  c
 0.30697149673987  1.01577621515377   3.83285681545505  h
 3.92939838219281  2.58200172862709   1.68352753659221  h
-0.19502268714357 -2.98867959619347   3.04076021294018  h
-2.59586402249026 -5.73440006601560  -0.49122090343022  c
 5.74079540756048 -1.55837252412267  -1.96207838785311  c
 5.16731045151756 -2.11639038098791   2.67568311456061  c
-1.67047876604659  4.99062968595393   3.06757245431020  c
-5.06658481533131  1.31525830188110   1.98351934235989  h
-5.43535754961615  4.12204482377128   0.26466943903852  h
-6.93619185764397  0.32294192692771  -1.94404166384545  h
-4.77607405787568  2.11569150981103  -3.70645273388980  h
-1.53531803093209 -0.97700927170579  -3.33757491854917  h
-4.31775423360939 -2.71474334047969  -3.79290599657297  h
-4.33278591343160 -2.57888703346115   1.32332261590285  h
 0.35100075996249  6.20523160765464  -0.87292666763774  h
-1.47751223585397  4.45613272766299  -3.01851832617204  h
 1.59530839476466  1.25669107321915  -3.37529160305024  h
 3.64355612831251  3.79609226643872  -2.69174841504707  h
-1.07803295625244 -6.11729926445889  -1.81799049449228  h
-2.19206725575222 -6.73116473872735   1.26078791442147  h
-4.36245864400916 -6.45192721692835  -1.25937088835746  h
 7.24277837635400 -0.17058325203708  -1.77838557315891  h
 6.55735151104972 -3.44233096563935  -1.92333088836416  h
 4.80597937499991 -1.30804652287201  -3.76984828291113  h
 6.92901715827399 -1.08857423654102   2.91700552967050  h
 3.97226873912159 -1.76377657915062   4.30791364165834  h
 5.57570890999685 -4.12832052921180   2.58678738256104  h
-2.64762093293113  4.21188674768899   4.70190232162440  h
 0.23283177679553  5.51828139481432   3.63732341810977  h
-2.66364754826716  6.69366914613583   2.48135942199304  h
$end