   -0.06967795
   -0.06387087
   -0.04979886
   -0.03699152
   -0.06664128
    0.06670178
   -0.02209432
   -0.04218800
   -0.21492873
    0.05179975
   -0.01087027
    0.01652240
   -0.06359754
    0.01292312
    0.00759708
   -0.04632200
   -0.05277834
   -0.02536175
    0.29313432
   -0.02346501
   -0.05847113
   -0.73622637
    0.06832149
    0.36198490
   -0.46884865
   -0.25175369
    0.02573411
    0.04884324
    0.04379113
    0.05381386
    0.04676074
    0.02546497
    0.02926294
    0.02767324
    0.05886252
    0.16781276
    0.04358507
    0.06055306
    0.04825450
    0.05636223
    0.05962746
    0.07189326
    0.08396767
    0.05753487
    0.07084775
    0.06781998
    0.04158486
    0.07351314
    0.07167032
    0.08966774
