$coord
 0.13102341239494  0.94657544308521   4.91806928784610  c
 2.95143682065495  1.49339591364665   4.57883930590956  c
-4.38790875917895 -6.10563308266846  -0.55295383230416  c
-6.26456174284216 -5.32366652772598   1.12090232974713  c
-6.09806351087494 -2.96748398765502   2.24912035613164  c
-4.07861327097954 -1.33306600763872   1.70904431943502  c
-2.17841428616291 -2.09695314605476  -0.00259612855423  c
-2.37935442218895 -4.49694534387391  -1.08284472212685  c
-4.05877725706124  1.06201233284661   2.82373560304601  n
-1.60402847745242  2.29468768348291   3.00234688174388  c
-0.46289633696474  2.38100072361172   0.30643353039794  c
 0.02497271277829 -0.35431636403451  -0.66440731439097  c
 2.16797633286593  3.55024406434239   0.46171286992517  c
 3.68662146496459  1.42581815457737   1.75229108974528  c
 2.61838224229737 -1.06721511821015   0.62087315389003  c
 6.46947177077003  1.76987482886125   1.44500363983362  c
 7.94837902370767  0.12965712207980   0.24690462155342  c
 6.97718360581061 -2.26414251471857  -0.88678431578324  c
 4.19409358053371 -2.24901210397512  -1.47039294137139  n
 3.56667373904316 -0.65946564920600  -3.73741937141849  c
 0.71148566793325 -0.34547493947625  -3.54784023119207  c
 3.41419963454162 -4.67315558881182  -1.88956934317630  o
 2.46815760704418 -2.55661889959495   2.04101943660536  h
-2.21298335580860  4.00104475028403  -1.29602572967610  c
-2.05046592599804  6.29262732100386  -1.38253803024238  o
-3.96330403972374  2.67749496173690  -2.55478253433336  o
-5.71031278585665  4.14697070879196  -4.05711672183283  c
-0.47977869221484  1.46342246919616   6.82962855949049  h
-0.19882197663437 -1.09209470970612   4.73725125324980  h
 3.44189283412712  3.36584437162829   5.32300968763533  h
 4.06317811052320  0.09493188902095   5.63048483205582  h
-4.47927404591741 -7.95515217947194  -1.43457941522495  h
-7.84993009754560 -6.55332422219312   1.56038313848934  h
-7.54302780435454 -2.34341874961902   3.57085745575078  h
-0.86486780963205 -5.12583308509893  -2.31492363541584  h
-5.07701765770151  1.14542712985679   4.43847811743556  h
-1.90305791480975  4.26113781153570   3.59611128623025  h
 2.19951884984465  5.30061770249136   1.56279894560424  h
 2.88812127993700  3.99012531070702  -1.42658152506670  h
 7.26271935795424  3.48715162131048   2.25961599883194  h
 9.97140699184392  0.46034445052601   0.08143529449274  h
 7.92284971367129 -2.72168414310070  -2.67021090930203  h
 7.25044786037229 -3.87708763741092   0.38465622815113  h
 4.58622258443065  1.13747828576333  -3.60387086521159  h
 4.19776260708264 -1.69657684019558  -5.40579510332349  h
-0.24091210998879 -1.90156241983575  -4.50427772095415  h
 0.12137345873722  1.40128128424794  -4.47670153053294  h
-6.60968237568604  5.60505845156168  -2.89695339622581  h
-4.71012116395269  5.03272543461797  -5.63619831098801  h
-7.10922579328085  2.79858607706036  -4.74743980264002  h
$end
