           1           2   1.00604194262914     
           3           4   1.42177874557606     
           4           5   1.46191770580912     
           5           6   1.35021715598360     
           4           7  0.100635009752822     
           6           7   1.32750340585951     
           3           8   1.43623555806263     
           5           8  0.103214138773577     
           7           8   1.42546055839923     
           6           9   1.13175540048790     
           1          10  0.974807977182542     
           9          10   1.00273945732837     
          10          11  0.942152974689418     
           7          12  0.990943566695116     
          11          12  0.956515034209105     
          11          13  0.983356138423425     
           2          14  0.970127359335165     
          13          14  0.966218298910733     
          12          15  0.957031198748566     
          14          15  0.965856674351772     
          14          16   1.00858418811851     
          16          17   1.92022183809629     
          17          18   1.02387488062718     
          15          19  0.922156571554078     
          18          19  0.938764126843123     
          19          20  0.942098818874705     
          12          21  0.969320366140589     
          20          21   1.00810343748537     
          19          22   1.01408052492766     
          15          23  0.962314536915476     
          11          24  0.947848397463261     
          24          25   1.69834870153559     
          24          26   1.17307038449837     
          25          26  0.174161249955924     
          26          27  0.939902230201112     
           1          28  0.974600330473487     
           1          29  0.972163849789047     
           2          30  0.974541783417078     
           2          31  0.974962701432825     
           3          32  0.971492938442269     
           4          33  0.970985511013870     
           5          34  0.967368768896822     
           8          35  0.954782766954225     
           9          36  0.940154628194264     
          10          37  0.964460658659613     
          13          38  0.971925944808016     
          13          39  0.969485356793749     
          16          40  0.962341828011122     
          17          41  0.962000233760546     
          18          42  0.963477463867473     
          18          43  0.948815261931331     
          20          44  0.967647821244282     
          20          45  0.972628313211865     
          21          46  0.971601143534836     
          21          47  0.972133933723379     
          27          48  0.975757742176130     
          27          49  0.976192229966722     
          27          50  0.979108884653937     
