    0.00154260
   -0.03369895
   -0.06153670
   -0.06069000
   -0.03389954
    0.11415101
   -0.06826271
    0.01642479
   -0.48903035
    0.07837360
   -0.11325289
    0.00865540
   -0.10946491
    0.05134462
   -0.47855505
   -0.11023506
    0.04089380
    0.03998430
    0.04342058
    0.04021947
    0.03391601
    0.01747921
    0.05313171
    0.04799881
    0.30800336
    0.03528410
    0.04584334
    0.03342280
    0.03381556
    0.02931084
    0.03747683
    0.30891870
    0.04305440
    0.04347285
    0.05248747
