$coord
 0.19051139588940 -1.26130257289993   0.13365692804794  c
-1.84529160711162  0.54427949699773   1.36185489477848  c
-0.73796190128865  3.24485773327654   1.76856311202970  c
 0.88861999972367  4.23281539709500  -0.44842364826704  c
 2.71723752009551  2.16409008583979  -1.43560760939273  c
 1.16326886792515 -0.11628043867118  -2.38845872542427  c
 2.65432508184812 -1.19552735562224   1.78386135255854  c
 4.20562426156578  1.00587709547519   0.73986052427642  c
 2.73319121454212 -1.95641785151696  -3.62127428680127  o
-0.82432327702212 -3.97659288899035  -0.16870989038773  c
 6.46422953140546  1.78067269634348   1.56764778122708  c
-4.45227812747322  0.56221287886273   0.08161955919320  c
-6.29688702592991 -0.94071017764861   0.97216785035995  c
-2.17614549967088 -0.25652195088126   3.25332967907503  h
-1.62920164848357 -5.08735784510612   2.17462960050399  o
-5.02224816775568  2.35757332062338  -2.08693765795831  c
-2.27574280141706  4.58571094227736   2.18292466404742  h
 0.44526606591356  3.21055214121166   3.48108930343125  h
-0.30435639699902  4.88298381840322  -2.02701472416288  h
 1.98906365268434  5.88367336974113   0.18416996356796  h
 3.94402733327074  2.96435394712055  -2.91924162755382  h
-0.37954488456805  0.45901198869918  -3.66507516359004  h
 3.71849254176770 -2.97448772360029   1.56657729585984  h
 2.24756892248776 -0.97791464157451   3.81387145383462  h
 3.61086144954718 -1.10461765911634  -5.00968718454338  h
 0.63413047032544 -5.15446195360792  -1.07745204706296  h
-2.49967120414570 -3.98727370539547  -1.39701875833061  h
 7.41273231186401  0.87728787729632   3.16498016722232  h
 7.45587400383560  3.35809082458897   0.67590372985532  h
-8.18567874006149 -0.94397501245903   0.13607076201368  h
-5.98117390696605 -2.23243388327252   2.54946074241432  h
-0.12680783746080 -5.36964264214895   3.21430200008770  h
-3.83410283775225  2.00478221208210  -3.75803459975662  h
-7.00574259371675  2.17987474996885  -2.68144458246600  h
-4.70508987310646  4.34301048137308  -1.54029842106917  h
$end
