           1           2  0.956634041313724     
           2           3  0.990460452435879     
           3           4   1.00867655993716     
           4           5  0.978310600303842     
           1           6  0.968776240844561     
           5           6  0.974306806977436     
           1           7  0.980285840969828     
           5           8  0.994762828925350     
           7           8   1.00644974559878     
           6           9  0.974787898343181     
           1          10  0.980025191392998     
           8          11   1.93663515129398     
           2          12  0.996379159446462     
          12          13   1.92798166574679     
           2          14  0.958943735430700     
          10          15  0.992131965330344     
          12          16   1.02585411608389     
           3          17  0.973538642146970     
           3          18  0.975710843927752     
           4          19  0.972004832817612     
           4          20  0.976264985346881     
           5          21  0.962363012044252     
           6          22  0.953950258328809     
           7          23  0.957209585731690     
           7          24  0.964670181798039     
           9          25  0.887213012618149     
          10          26  0.966400456320233     
          10          27  0.968313975327204     
          11          28  0.975141997848577     
          11          29  0.974889599059641     
          13          30  0.975349720829325     
          13          31  0.974603126693203     
          15          32  0.887706073725678     
          16          33  0.962798865056842     
          16          34  0.982981878326149     
          16          35  0.968026203784601     
