   -0.07133112
   -0.06448903
   -0.04738720
   -0.03648079
   -0.06007420
    0.06722380
   -0.02437229
   -0.04545713
   -0.21241968
    0.05272090
   -0.01691087
    0.01935617
   -0.06838423
    0.01380881
    0.00437312
   -0.04696247
   -0.05260846
   -0.02823395
    0.30265741
   -0.02561539
   -0.05666551
   -0.72741265
    0.06995704
    0.35812616
   -0.45905929
   -0.27410797
    0.03013639
    0.05702828
    0.05326859
    0.05375517
    0.04785814
    0.02724798
    0.03133094
    0.03368432
    0.06200288
    0.16487094
    0.03708422
    0.05705960
    0.05304715
    0.05603088
    0.05920889
    0.07071591
    0.08371152
    0.05816982
    0.06935189
    0.06554909
    0.03831836
    0.06753420
    0.08618962
    0.06659403
