           1           2   1.00689038679525     
           3           4   1.41322431532278     
           4           5   1.47026252848823     
           5           6   1.35218071651174     
           6           7   1.34507354202967     
           3           8   1.44966751387513     
           5           8  0.106903942680796     
           7           8   1.40882568540707     
           6           9   1.10940485935883     
           1          10  0.980105327290319     
           9          10   1.01432096983481     
          10          11  0.931164681795716     
           7          12  0.991895670423050     
          11          12  0.942643026737389     
          11          13  0.988124031407209     
           2          14  0.969989512004142     
          13          14  0.964915603375454     
          12          15  0.958010669812366     
          14          15  0.967412778222540     
          14          16   1.00880796944937     
          16          17   1.91962071638623     
          17          18   1.02495441144782     
          15          19  0.915112854257189     
          18          19  0.934071166508344     
          19          20  0.937668892056656     
          12          21  0.967993686956196     
          20          21   1.00857753796864     
          19          22   1.03183636313428     
          15          23  0.962076654074990     
          11          24  0.958321272499681     
          24          25   1.71588309667862     
          24          26   1.13072769613040     
          25          26  0.167392205230481     
          26          27  0.947636401713241     
           1          28  0.973576704111777     
           1          29  0.970594054223659     
           2          30  0.974191979215363     
           2          31  0.974914720196335     
           3          32  0.971187614265047     
           4          33  0.970744903026409     
           5          34  0.968304366854720     
           8          35  0.952032037619701     
           9          36  0.937435597416042     
          10          37  0.967214533501555     
          13          38  0.972157058900303     
          13          39  0.967174485965029     
          16          40  0.962473732830461     
          17          41  0.961846611662560     
          18          42  0.963507197824149     
          18          43  0.948769803025381     
          20          44  0.967215175820582     
          20          45  0.972834189300590     
          21          46  0.970962237453504     
          21          47  0.971714644510894     
          27          48  0.976182937474580     
          27          49  0.978861254122267     
          27          50  0.976674112107385     
