$coord
-1.48815159821969  2.98852245469469   0.55204226846831  c
-3.73012269406088  2.24217127755321  -1.13852325960370  c
-3.20280614721507  0.12939025702431  -3.03446122739660  c
-3.90968023978303 -2.47876785366328  -2.03193090390005  c
-3.07834618527413 -2.93036872891154   0.69907760772921  c
-0.40748461942831 -1.96595387315113   1.25244577740009  c
-0.06243730707558  0.83820857163974   1.96201958524527  c
 0.54912636323111  4.33606756684558  -1.03239593312852  c
 3.03846543554706  3.86610064539573   0.33337774519170  c
 2.78840531611663  1.21408153081000   1.44443025301908  c
 1.27658286690897 -2.42137833085759  -0.76223418708697  o
 3.55133691343322 -1.07150356698485  -0.26240707687352  c
-0.47498960165302  1.02062873761358   3.97611710987327  h
 3.87935716128219  1.08608529451282   3.19225490051091  h
 0.26935533414134 -3.02920681083456   2.92380978508324  h
-3.25053132186502 -5.75302024598806   1.29433185195711  c
 4.72862438828728 -0.41295029981228  -2.81552540615571  c
 5.40434016589470 -2.78463019795259   1.18016511899537  c
-2.49719472466866  4.83943403147989   2.54643436533083  c
-5.34453227250501  1.72041196133016   0.03450145382656  h
-4.26949554278696  3.95268413534230  -2.16584716403203  h
-4.27076234771824  0.47377086587416  -4.76797314344935  h
-1.20776950048698  0.10963864888766  -3.52903687355611  h
-3.02845507853775 -3.90351859367610  -3.23304083509920  h
-5.95672500901729 -2.73852761396355  -2.13310094131004  h
-4.34692218451275 -1.92051505149524   1.98459394324696  h
 0.14075420936154  6.34662188427911  -1.21888053471417  h
 0.61497115793775  3.53569809484252  -2.92721848799717  h
 4.67125335777453  4.07360439156230  -0.89767578274687  h
 3.24938582657955  5.21104255606284   1.88401811793389  h
-2.90672972283234 -6.10697369054939   3.29070494002421  h
-5.11828172696770 -6.46901344932402   0.82034208795645  h
-1.85272746299613 -6.78242290282262   0.19552964548302  h
 3.50378458277231  0.81340314061337  -3.91051327792434  h
 6.55513375416916  0.48972292962481  -2.56207939866384  h
 4.99153113728324 -2.15442068292498  -3.87351031123345  h
 7.15951149767604 -1.78232423313514   1.54683865082477  h
 4.59760530091537 -3.38402412479688   2.97279963267546  h
 5.80991341729807 -4.45980467433949   0.06165592081845  h
-3.85448734312933  3.90829774997574   3.78021420190650  h
-0.96676902724565  5.57347921722814   3.70473642755293  h
-3.44149769770735  6.42611397719585   1.64062279912013  h
$end