   -0.00758198
   -0.03273688
   -0.06222557
   -0.05949914
   -0.02796455
    0.11155134
   -0.06700446
    0.01736043
   -0.48190034
    0.08160228
   -0.11300944
    0.00837565
   -0.11062246
    0.04333250
   -0.48365613
   -0.11513967
    0.04162899
    0.04311473
    0.03790168
    0.04316380
    0.04624306
    0.02085228
    0.05726932
    0.05037855
    0.30400705
    0.04771539
    0.01878473
    0.03408316
    0.03354060
    0.03178070
    0.03437201
    0.31207679
    0.04648292
    0.04504876
    0.05067392
