$coord
 0.14663326880189 -1.20365358387568   0.22412335192898  c
-1.83504017855301  0.79370462404220   1.23656730191363  c
-0.62173824172743  3.47871023219653   1.42267394945209  c
 1.11359488001362  4.20262781862843  -0.81184828109423  c
 2.85264105781215  1.97167539571430  -1.57362134165658  c
 1.19667962684361 -0.28147147030609  -2.38131052474813  c
 2.57740599236271 -1.12184940749518   1.90203493689907  c
 4.22792335002211  0.94233228185737   0.73968041164404  c
 2.82844696180127 -2.09553274328971  -3.57293416361654  o
-0.96358778028577 -3.89135628814270   0.09263394825109  c
 6.47703002564814  1.72215221983907   1.58954506277671  c
-4.39988054633927  0.76754096841167  -0.12308605238331  c
-4.90154824930556  1.98453059821923  -2.29505574696154  c
-2.23863279504277  0.23735390444007   3.20872454870897  h
-1.44233755443301 -5.01285825937594   2.51554714925014  o
-6.50414583207302 -0.64193808089644   1.23038088248208  c
-2.12568601030523  4.89667189539941   1.65437313122734  h
 0.51115575623677  3.55005166486494   3.16803329621914  h
 0.00284416401798  4.79452527522387  -2.47208811894532  h
 2.28138934364998  5.84028602719376  -0.27135411985485  h
 4.15025817701266  2.55982487295216  -3.09044611861860  h
-0.32317506778189  0.27741180778835  -3.68977533317416  h
 3.56236324928820 -2.95500053452712   1.81658760449938  h
 2.15291693128891 -0.76665561333344   3.90786824005213  h
 1.78130502756029 -3.35597288602784  -4.42496321830389  h
 0.42957405062908 -5.14905966770117  -0.79927944198542  h
-2.67764116702567 -3.91379921024105  -1.10566104122463  h
 7.33953372102531  0.92247594419053   3.28800135375563  h
 7.55162701115269  3.19070188319807   0.61177582318849  h
-6.79165381903977  1.93317601622455  -3.12501931064085  h
-3.50626958519937  3.09908984558243  -3.31932219724854  h
-2.66305788028944 -3.96751100991836   3.42524302633378  h
-6.80196177820686  0.14826447589592   3.13840261193106  h
-8.30194602560178 -0.52192994955727   0.19463999288233  h
-6.06649807232546 -2.66390684504280   1.48647941118836  h
$end
