           1           2  0.958097935858817     
           2           3  0.984421240443458     
           3           4   1.00849063664557     
           4           5  0.979714226168630     
           1           6  0.959463596325977     
           5           6  0.978247819170727     
           1           7  0.982565332531814     
           5           8  0.994324263728825     
           7           8   1.00764429793599     
           6           9  0.978479113990814     
           1          10  0.979920519980018     
           8          11   1.93664753393522     
           2          12  0.996972449348237     
          12          13   1.92949238899801     
           2          14  0.958313005212835     
          10          15  0.994083006026005     
          12          16   1.02337421170386     
           3          17  0.976281226442011     
           3          18  0.976815518290937     
           4          19  0.969809527602246     
           4          20  0.975400434581639     
           5          21  0.962571893032729     
           6          22  0.958012797167431     
           7          23  0.957375899580772     
           7          24  0.964876430666415     
           9          25  0.890247632237370     
          10          26  0.967279185506633     
          10          27  0.965507841892012     
          11          28  0.975180355536672     
          11          29  0.975039711666545     
          13          30  0.974085755840941     
          13          31  0.966436136865059     
          15          32  0.875894752641447     
          16          33  0.971927667076521     
          16          34  0.983520179232612     
          16          35  0.964136987339542     
