$coord
 3.20363721531689  1.85386470830426   4.34247636418534  c
 3.94467698345714  3.32111902093223   1.98976148891004  c
 4.93281285411935  1.51959749926092  -0.06871368355784  c
 3.19948653827391 -0.91169535227937  -0.29251660687355  c
 0.56555891025820 -0.62889393645399   1.01623436356816  c
 0.92003679652715  0.14938202100562   3.83060925097944  c
 2.71491859462543 -1.56759934795701  -3.08397518750616  c
 1.15614100600702 -3.97227801692097  -3.39154613050638  c
-1.36618550198837 -3.83192278430247  -1.98471693115854  c
-1.04194995283696 -3.15947877362887   0.85384116585052  c
-1.46133226603033  1.23463689786035  -0.03362242579848  c
-3.60766014617838 -2.25126157831259   1.88249883217519  c
-3.82047859400498  0.34954031214951   0.81146077730052  c
-6.07006253846997  1.64632039822154   0.54768618329775  c
-6.03811399730246  3.96454911738121  -0.68646802351913  c
-3.79056372752773  4.80840592715315  -1.65715320655950  c
-1.50172395612775  3.49582557732937  -1.39098564782871  c
 0.43138385855841  4.68288266526532  -2.58088306745260  o
-8.32129756745331  0.73580698119446   1.44315446659747  o
 4.93584272325897  2.74815785766499  -2.48162206973598  o
 7.74276685368281  0.99788469543391   0.48189032115940  c
 4.67083004816202 -3.12001000649592   0.89161941290445  c
-2.84070536294775 -6.27471146215073  -2.45572863078261  c
-0.29914011073828 -5.50101654078096   2.39980184292542  c
 4.81614665751229  0.74577407141236   4.99419562201836  h
 2.73664195698535  3.17655382583787   5.85498360875587  h
 5.41226724365885  4.70104020437748   2.45106915669665  h
 2.30504391781275  4.36880594833799   1.32602297614360  h
-0.77490509895695  1.15351872093498   4.43417998618856  h
 1.08574538040395 -1.52311146218771   5.01788573744137  h
 1.69389014573227 -0.03234743570746  -3.99959988813628  h
 4.51701477804307 -1.78135800841932  -4.06322976659867  h
 0.76172960980243 -4.23209327942240  -5.40208027020023  h
 2.22678701452024 -5.62556056000763  -2.78528179668558  h
-2.44783827852289 -2.28648246353628  -2.83663261084024  h
-3.59244123966160 -2.24776897023588   3.94973540650716  h
-5.14667603287702 -3.47949324191180   1.26264374982065  h
-7.76477129409561  5.02064967619479  -0.90418378636184  h
-3.69878120001014  6.56053114778780  -2.69474602278227  h
 1.98237415396594  3.67468038284938  -2.62951947994552  h
-8.03775189622151 -0.86765778144276   2.25791018000794  h
 5.96616276105819  4.24628003264727  -2.36355891803507  h
 8.57440872832590 -0.13772688303739  -1.01355318914985  h
 8.73429345275097  2.80546405167437   0.50903046931849  h
 8.05823184770369  0.09057774150802   2.28928670013241  h
 6.45905486892082 -3.36997853316872  -0.08014569948374  h
 5.03489170806623 -2.81920676593599   2.88501204231195  h
 3.65780143337857 -4.86989308144463   0.69599421417578  h
-3.22427996651582 -6.45517284554835  -4.46752293982343  h
-1.77553326476473 -7.93030579035461  -1.86895611424347  h
-4.64400568287609 -6.28606723310767  -1.47431109063108  h
 0.78605139547364 -6.86726069382114   1.32160826410972  h
 0.75499416725477 -5.03338072633104   4.09628498958882  h
-2.01916441384004 -6.46224910776164   2.99504074371102  h
$end