! r2scan-3c
! DEFGRID2
! scfconv6
! miniprint nopop noautostart
%MaxCore 2500
%pal
    nprocs 12
end
*xyz 0 1
C    1.6952918056   0.9810229553   2.2979395298
C    2.0874331631   1.7574604998   1.0529364346
C    2.6103321469   0.8041363660  -0.0363617154
C    1.6930953619  -0.4824484035  -0.1547931221
C    0.2992808866  -0.3327963391   0.5377680659
C    0.4868625057   0.0790495612   2.0270711186
C    1.4366730491  -0.8295378504  -1.6319693875
C    0.6118034727  -2.1020390010  -1.7947289212
C   -0.7229542332  -2.0277662105  -1.0502669696
C   -0.5513761697  -1.6719241646   0.4518332865
C   -0.7733037324   0.6533417098  -0.0177922215
C   -1.9090915332  -1.1913163225   0.9961754811
C   -2.0217102058   0.1849687674   0.4294065507
C   -3.2121387627   0.8711952362   0.2898230468
C   -3.1952323228   2.0979490435  -0.3632632339
C   -2.0058799402   2.5444988363  -0.8769277115
C   -0.7946780943   1.8499112280  -0.7360779052
O    0.2282785070   2.4780747867  -1.3657445027
O   -4.4034410359   0.3893722859   0.7636844552
O    2.6119354846   1.4542625096  -1.3132178448
C    4.0972957665   0.5280578397   0.2550053760
C    2.4716968164  -1.6510381925   0.4718246739
C   -1.5032365403  -3.3204343093  -1.2995156270
C   -0.1582981294  -2.9110125889   1.2699204454
H    2.5485950544   0.3946466429   2.6428145088
H    1.4481685574   1.6809598931   3.0983238946
H    2.8640484834   2.4876833426   1.2970499395
H    1.2197767109   2.3118725457   0.7017011398
H   -0.4100621188   0.6104158192   2.3464669967
H    0.5745517119  -0.8059958751   2.6553507780
H    0.8963680625  -0.0171175258  -2.1164971126
H    2.3903012808  -0.9426540621  -2.1501685942
H    0.4030899502  -2.2395273169  -2.8586577692
H    1.1783649411  -2.9769184456  -1.4739076521
H   -1.2953402324  -1.2099544123  -1.5010813327
H   -1.9010380347  -1.1894681139   2.0901099653
H   -2.7235036673  -1.8412685283   0.6681622976
H   -4.1089400149   2.6568133914  -0.4784734540
H   -1.9573107183   3.4716835733  -1.4259981838
H    1.0490272253   1.9445571151  -1.3914817838
H   -4.2533951285  -0.4591447246   1.1948346110
H    3.1571573683   2.2470346234  -1.2507415155
H    4.5373816940  -0.0728819278  -0.5363492495
H    4.6219890465   1.4845876415   0.2693673239
H    4.2642326521   0.0479316766   1.2114383504
H    3.4179846391  -1.7833158402  -0.0424112777
H    2.6643499501  -1.4918599727   1.5266826253
H    1.9356251597  -2.5770364371   0.3683042769
H   -1.7062154791  -3.4159303608  -2.3641113279
H   -0.9395717405  -4.1965370979  -0.9890089834
H   -2.4575019736  -3.3264435245  -0.7801718306
H    0.4159604849  -3.6339978589   0.6993649748
H    0.3995257075  -2.6635503730   2.1676606649
H   -1.0684957924  -3.4196749575   1.5849073066
*
