$coord
-2.46858497281351 -2.84989954731669   3.76948449302500  c
-5.13507919533896 -2.45450985018922   2.66917307223558  c
-5.16459873330782 -1.30112321313425  -0.04877157645240  c
-3.18400392648868  0.92353606854815  -0.34391216560420  c
-0.53161264133072  0.54478770703297   1.00412060344184  c
-1.01024451380279 -0.32659373063576   3.76671752377673  c
-2.66965838924206  1.48936258712341  -3.16133471029515  c
-1.17467080260263  3.98168527502812  -3.42187490713074  c
 1.31729034968657  3.95351212333030  -1.89426053140366  c
 1.03839484139070  3.11568103580179   0.92507643221024  c
 1.56603803918735 -1.33047921001441  -0.02871095268172  c
 3.68131903803727  2.24899295187936   1.80115493120982  c
 3.92954608731040 -0.32635103611171   0.63407670405851  c
 6.20991749567653 -1.51845864382053   0.25198266936730  c
 6.21384594937649 -3.89772825887655  -0.90426726540376  c
 3.94690719571985 -4.93926254149135  -1.57307046582487  c
 1.59584406266431 -3.73424402954898  -1.14134879806350  c
-0.37024160141709 -5.19587321925994  -1.86526972986919  o
 8.49761290294486 -0.48465907243573   0.94407181922895  o
-4.63688445554902 -3.17172847449173  -1.91481736752216  o
-7.94301453558346 -0.45803700107054  -0.60301918071388  c
-4.57560575914251  3.23308938111774   0.82027436086308  c
 2.63121429698979  6.55171083517139  -2.16955678675642  c
 0.28921859153317  5.33502444992618   2.69912655519977  c
-2.63496933986764 -3.55914418606187   5.68356694820113  h
-1.44129817714298 -4.24714914928525   2.68289210955999  h
-6.16883552904621 -1.18779176066756   3.89705161259682  h
-6.16662551432519 -4.22374786736853   2.63280749865231  h
 0.77454474058993 -0.55910091088027   4.73010597965095  h
-2.09213922860147  1.07212162179225   4.78393903068938  h
-1.59520879117944 -0.04638194568510  -3.98060406855258  h
-4.43150645206975  1.63130338103575  -4.18790951616885  h
-0.70224408662644  4.28203385602902  -5.39092065559283  h
-2.33560678060698  5.55934444240847  -2.84945501083629  h
 2.51763294960366  2.55260308700795  -2.77065294458751  h
 3.76380522713548  2.16231443318150   3.84477493256399  h
 5.11760331695359  3.55719858615239   1.17705042608633  h
 7.98221070489116 -4.85881988015969  -1.24041701279987  h
 3.86041334682263 -6.77468715237888  -2.45806830513424  h
-2.00447538211500 -4.30111928891509  -1.93348379779616  h
 8.23664274509892  1.13551575860465   1.77615507641953  h
-5.92335762893342 -4.48518790224550  -1.88467421924232  h
-9.11869689476842 -2.13413988881380  -0.68074078492886  h
-8.68926203007341  0.74901331195758   0.86327858185554  h
-8.07078412645534  0.50338174780362  -2.40415445243983  h
-5.18316926139405  2.85780321131441   2.72993173221656  h
-3.42174334426916  4.88325999606794   0.83089988823793  h
-6.21064567227284  3.67232029111249  -0.31011727473753  h
 4.37838735457043  6.63325096975223  -1.11209323444794  h
 3.06216305677580  6.89602835262046  -4.14149542857495  h
 1.41246498796860  8.05740082666939  -1.51696469905972  h
 2.00125378361672  6.25931870248578   3.32911310171282  h
-0.83791987508134  6.76044899577754   1.77941862426683  h
-0.70832346306451  4.67779844620309   4.35466875057840  h
$end
