$coord
-3.19714158071531 -1.89738057111106   4.32065992393202  c
-3.94197806432154 -3.33817692652225   1.95391995885627  c
-4.98098423883890 -1.53627775385621  -0.07985852045007  c
-3.19411294613376  0.88468765351263  -0.30971048392748  c
-0.56916052246215  0.62264156894215   1.02396778163206  c
-0.92959252889438 -0.16296775911950   3.83348810435650  c
-2.66086931600327  1.48186298840638  -3.10158211182590  c
-1.10950178345102  3.88851328328122  -3.43804583817302  c
 1.38751096796169  3.81327455210157  -1.97794121306694  c
 1.03670768778082  3.15706238253300   0.86338059403869  c
 1.47803539387064 -1.21784304256800  -0.00733783715872  c
 3.60040636328183  2.26122762445680   1.91790296338538  c
 3.82892518507103 -0.33636367347459   0.84895593752271  c
 6.08653952202896 -1.62675928090341   0.57304775562058  c
 6.06812745551600 -3.92359948961367  -0.69522952648357  c
 3.82092211877375 -4.76267893681401  -1.69050721112377  c
 1.54792936181603 -3.45507063462749  -1.39429750020002  c
-0.52387726003734 -4.46677228410358  -2.59604987327524  o
 8.32476960888471 -0.72505894275797   1.48147778379838  o
-5.26954669640706 -2.79366160010603  -2.41627980422871  o
-7.75653341156382 -0.96457004384928   0.58639050859185  c
-4.65201349011827  3.12776938070404   0.82195940439175  c
 2.82519971751451  6.27974635452001  -2.44315968229827  c
 0.27787491361131  5.49879733863786   2.39891062049465  c
-4.81336821926825 -0.80609342843755   4.98804707794957  h
-2.71572180098320 -3.23261117373923   5.81924575304576  h
-5.38726491488651 -4.74177963280582   2.39780820246108  h
-2.30392582563480 -4.35121888806338   1.24208115097739  h
 0.77366105029664 -1.14120608753236   4.45993072360740  h
-1.12945302093275  1.51154919707760   5.01306227613477  h
-1.61700876992908 -0.07790384481562  -3.94962959752887  h
-4.44743779899406  1.65838064981839  -4.11540769611503  h
-0.67301545535016  4.10635310154181  -5.44567225741146  h
-2.20579661569726  5.54639075175576  -2.89485454968941  h
 2.51518898936487  2.28412489224477  -2.80104210331224  h
 3.56567165375659  2.25699883974182   3.98390561723318  h
 5.14184014945573  3.49270882651935   1.30937658298383  h
 7.79717717941007 -4.97153072497033  -0.92753547545736  h
 3.79387190853912 -6.51000303988582  -2.75469292537061  h
-0.03118730033575 -5.99807465136545  -3.45441859105297  h
 8.04055876785175  0.86777858161841   2.31905164216395  h
-3.65509605874956 -3.49695013369348  -2.88123149213016  h
-8.62094382829519  0.17256447643386  -0.88567853008370  h
-8.74059180145684 -2.76968432681429   0.60386500468418  h
-8.00597957144827 -0.06662544718311   2.40824123999308  h
-5.00304872529933  2.87594920191879   2.82474739059042  h
-3.65443360316203  4.88064046414616   0.57010047261490  h
-6.44847014023813  3.33714827357004  -0.14196924014336  h
 1.71604937587967  7.91896674422977  -1.89452004788844  h
 4.60766947449015  6.33681084707774  -1.42461100194680  h
 3.24548226637638  6.45011974358915  -4.44861283164373  h
-0.79707199629017  5.02690625892973   4.08072608203576  h
 1.98936444422300  6.46379155438168   3.01417807577258  h
-0.79988136235890  6.86015589957794   1.30898368719050  h
$end