! hf-3c
! DEFGRID2
! scfconv6
! miniprint nopop noautostart
%MaxCore 2500
%pal
    nprocs 12
end
*xyz 0 1
C   -1.6918544638  -1.0040505582   2.2863947668
C   -2.0860049566  -1.7664871547   1.0339699137
C   -2.6358233459  -0.8129631766  -0.0422593091
C   -1.6902517794   0.4681565448  -0.1638917300
C   -0.3011867777   0.3294877287   0.5418604145
C   -0.4919191815  -0.0862388242   2.0285945422
C   -1.4080714026   0.7841681228  -1.6412865706
C   -0.5871230590   2.0577126129  -1.8193355068
C    0.7342391838   2.0178979910  -1.0466814140
C    0.5486020825   1.6706454655   0.4568813345
C    0.7821426470  -0.6444547843  -0.0038830162
C    1.9052529966   1.1965901270   1.0149105405
C    2.0261799493  -0.1779959905   0.4492481350
C    3.2208580069  -0.8608439387   0.3032438129
C    3.2111147609  -2.0762794337  -0.3678996216
C    2.0219449090  -2.5203011551  -0.8945778906
C    0.8191289420  -1.8283446411  -0.7378304620
O   -0.2772239072  -2.3637140980  -1.3737704307
O    4.4052783611  -0.3836846689   0.7839642813
O   -2.7885240223  -1.4783420531  -1.2786402070
C   -4.1045807152  -0.5104284853   0.3103044937
C   -2.4617395227   1.6551442765   0.4349621849
C    1.4950313061   3.3230986596  -1.2928644259
C    0.1470450717   2.9098382377   1.2694488308
H   -2.5471247682  -0.4265662720   2.6395608394
H   -1.4370980876  -1.7106241641   3.0794122358
H   -2.8508178208  -2.5092417197   1.2688654563
H   -1.2191850420  -2.3025658742   0.6572810389
H    0.4094037966  -0.6039002542   2.3600937001
H   -0.5976807992   0.7998773879   2.6527983122
H   -0.8556841905  -0.0412249393  -2.0900539736
H   -2.3534827291   0.8775772465  -2.1777799654
H   -0.3561444414   2.1729884803  -2.8817256554
H   -1.1672573004   2.9350235873  -1.5318910559
H    1.3309806937   1.2087068393  -1.4822476472
H    1.8868721799   1.1943523505   2.1081920621
H    2.7209446280   1.8482619145   0.6928922479
H    4.1260884709  -2.6308207618  -0.4908306357
H    2.0076305542  -3.4449452501  -1.4577207185
H   -0.0165036086  -3.1740444134  -1.8279995945
H    4.2548804610   0.4592086493   1.2271892794
H   -1.9341935371  -1.8505063176  -1.5246820443
H   -4.5620070084   0.0913171883  -0.4686808941
H   -4.6253219891  -1.4656538265   0.3195515988
H   -4.2365819383  -0.0352566683   1.2743863820
H   -2.6474993693   1.5218867767   1.4947919450
H   -1.9338429807   2.5827237071   0.3016841779
H   -3.4123834419   1.7659428150  -0.0751268865
H    0.9080942221   4.1905367331  -1.0025368345
H    2.4382736802   3.3532958886  -0.7538716763
H    1.7174352530   3.4132563744  -2.3541045296
H   -0.4217923357   2.6601242324   2.1594272456
H    1.0527263276   3.4204911851   1.5950343466
H   -0.4232789882   3.6302381637   0.6926843364
*
