   -0.05952188
   -0.06982019
    0.13685710
    0.01382318
    0.00814450
   -0.05949116
   -0.05749562
   -0.06112135
   -0.02368488
    0.01005502
   -0.04348577
   -0.06276436
   -0.01940324
    0.11778972
   -0.07598852
   -0.06628760
    0.13416350
   -0.44652845
   -0.40805943
   -0.44585880
   -0.11662166
   -0.12709934
   -0.10417608
   -0.10594798
    0.02644932
    0.05041479
    0.03454652
    0.02548312
    0.03689989
    0.03282807
    0.04513510
    0.03017356
    0.02817508
    0.03217041
    0.03806822
    0.04109037
    0.04877907
    0.02366369
    0.04708470
    0.33713674
    0.29264886
    0.29786172
    0.02979702
    0.04372853
    0.04598298
    0.02895424
    0.06623162
    0.03888968
    0.03138837
    0.03628975
    0.03122093
    0.03914889
    0.03398389
    0.03829818
