$coord
-2.44756627304515 -2.86578159664118   3.67054265836720  c
-5.07776985652480 -2.51819208807728   2.55465523541420  c
-5.16714639456603 -1.24644618815856  -0.06537268669639  c
-3.18904999473302  0.96494247371970  -0.32206354820953  c
-0.54820492823699  0.57275529177882   1.00914102389987  c
-1.03481824473634 -0.35578118918165   3.72566611117626  c
-2.62755212462672  1.51616411557892  -3.11288336815255  c
-1.13666278454893  3.96564031800051  -3.39024597266488  c
 1.32653199579631  3.94482564896732  -1.87182995474403  c
 1.04723373366429  3.12405531127632   0.93876702621231  c
 1.50797648880165 -1.29689337231866  -0.00798911369340  c
 3.66988779475438  2.23219334068531   1.79916713967058  c
 3.87353361854856 -0.31551257562397   0.65407528937569  c
 6.16654572722135 -1.50717368571143   0.26019765387415  c
 6.16617780226904 -3.87131250778207  -0.86289639688349  c
 3.87964599873951 -4.91362351320434  -1.51345080995833  c
 1.56020160307861 -3.71157338732189  -1.09239397510731  c
-0.41888109092859 -5.16483920960912  -1.79480346630476  o
 8.33903038324883 -0.29636938276581   0.99690681639913  o
-4.70968333395256 -3.00752224757555  -2.05243927780803  o
-7.94012245175887 -0.43451206583306  -0.49298321099221  c
-4.57081977649330  3.26208584325542   0.80981092979689  c
 2.63576436962211  6.50245063925440  -2.19872135314908  c
 0.35899455998771  5.32714506324037   2.70775681625783  c
-2.64074600119438 -3.59389994760373   5.59362472195708  h
-1.37834866258981 -4.25644133946771   2.59590980677482  h
-6.18189661050998 -1.35929637670767   3.85707414179035  h
-6.02414875777402 -4.35305413130594   2.42303094416437  h
 0.75298632682140 -0.61180134040560   4.71440101254805  h
-2.15671793548138  1.01240953521352   4.78202989428823  h
-1.53414570531509 -0.03751326342052  -3.91135891241308  h
-4.38403832727924  1.65623882534609  -4.18459215467031  h
-0.65540803705601  4.22213456617145  -5.38270275848348  h
-2.30256520203748  5.57738316312442  -2.85181570572414  h
 2.53950087683960  2.51401817515083  -2.74823765588598  h
 3.78439324392760  2.12158567916887   3.85793891637015  h
 5.19082450380308  3.46638340033110   1.16952108843920  h
 7.91203367072240 -4.87236557699738  -1.21735694302551  h
 3.78722954029437 -6.75845304311544  -2.37604369018093  h
-1.98542248270625 -4.17496601488710  -1.83656764955826  h
 9.76406924281201 -1.35068291035255   0.57928943408556  h
-5.90262726836864 -4.37914875579387  -1.91874685176718  h
-9.09830502092888 -2.14068802465197  -0.51307579507485  h
-8.67469041814548  0.78319352504856   0.97967165071909  h
-8.15220403395305  0.48408496196513  -2.31760840295296  h
-5.26185007244466  2.86639811601016   2.70085491359393  h
-3.38068294538788  4.89839226224062   0.89988105515179  h
-6.16383151566605  3.75840941710597  -0.38345041549142  h
 1.42670414820795  8.05191387400303  -1.59907157817439  h
 4.38923561609770  6.60208799407027  -1.13702918014589  h
 3.08286561213488  6.79000545063287  -4.18507504734756  h
 2.10293105534729  6.19807844606023   3.36731187505959  h
-0.71329591541195  6.82526481729452   1.80353136974972  h
-0.66588808001360  4.68465073101180   4.36402234400099  h
$end