           1           2   1.00862469343979     
           2           3  0.979563917882230     
           3           4  0.949374592717870     
           4           5  0.960319535879923     
           1           6   1.00667746526212     
           5           6  0.978705508365002     
           4           7  0.989220927529526     
           7           8   1.00606777472112     
           8           9  0.996888552284571     
           5          10  0.947992579396181     
           9          10  0.971992314371360     
           5          11  0.966698318698195     
          10          12  0.982547079108677     
          11          13   1.37357171437919     
          12          13   1.01702285728913     
          13          14   1.36905189502836     
          14          15   1.36028531955492     
          13          16  0.102522998650651     
          15          16   1.46908606705617     
          11          17   1.35694800065623     
          16          17   1.34027894350586     
          17          18   1.09220011417731     
          14          19   1.04221669166441     
           3          20  0.952855441654767     
           3          21  0.989645510612997     
           4          22  0.995470903066748     
           9          23   1.00777803398446     
          10          24  0.999857121093809     
           1          25  0.975705709018288     
           1          26  0.970049809439584     
           2          27  0.973172511298766     
           2          28  0.972718561628461     
           6          29  0.972359029635596     
           6          30  0.965364799360038     
           7          31  0.972667688659890     
           7          32  0.972846099754653     
           8          33  0.975305399723986     
           8          34  0.972632134930666     
           9          35  0.962838749448503     
          12          36  0.953774878094614     
          12          37  0.960529299167877     
          15          38  0.966165153015904     
          16          39  0.967964215024362     
          18          40  0.777525958630068     
          19          41  0.894783480034451     
          20          42  0.886650256364419     
          21          43  0.981110682188909     
          21          44  0.982467925932932     
          21          45  0.981835299302878     
          22          46  0.980703110759569     
          22          47  0.961083588113729     
          22          48  0.980008723359489     
          23          49  0.983976702592537     
          23          50  0.980877210365589     
          23          51  0.986091511057732     
          24          52  0.980687045012388     
          24          53  0.970246734161927     
          24          54  0.979863164041429     
