$coord
 0.12957987535628 -0.96335139821035   0.03677031759430  c
-1.73927177142547  1.16397681925897   0.87221446841147  c
-1.23576782656992  3.66397732707562  -0.51752777345278  c
 1.57463910217334  4.30830840393416  -0.67118816237438  c
 3.17601574805549  1.98509560997532  -1.40260651769235  c
 1.48284127240948 -0.14042325198758  -2.42325851783454  c
 2.36262696860479 -1.10782299233514   1.91023462503259  c
 4.24660534805491  0.79528648100163   0.95505331070496  c
 2.88531944670640 -2.07736180817040  -3.57487428021482  o
-1.11212462466945 -3.57835065724487  -0.21744368763408  c
 6.45712754442642  1.32490477417256   1.98434620808876  c
-4.49036193204816  0.42358807405216   0.62272705712850  c
-5.82083144113489 -0.23484392410371   2.64385021329362  c
-1.39828645278044  1.50536047119529   2.88533162731409  h
-1.79747969171932 -4.64698490338713   2.11471464310253  o
-5.70151897391799  0.51613276628861  -1.94135933707215  c
-1.99874016751561  3.57658117930606  -2.42666589775122  h
-2.23575675528816  5.17666227147544   0.46857528990346  h
 1.83474162969097  5.81271913543948  -2.05726213043384  h
 2.23604870361263  5.02171944259551   1.14869603876247  h
 4.65140994390812  2.50812558730478  -2.74578081312369  h
 0.18139407775793  0.47793131771451  -3.89589484870248  h
 3.17075025391890 -3.00896505687385   1.91216798965860  h
 1.79070523067353 -0.71764193892473   3.85061750603373  h
 4.21187937397765 -2.58399036547459  -2.43217319821926  h
 0.25883740444260 -4.88393561209441  -1.04628104165520  h
-2.74170295856668 -3.49408520873180  -1.49260537429409  h
 7.08883171093192  0.41609966313782   3.69247845466746  h
 7.71636958143007  2.69908200032200   1.16795922847370  h
-7.77964817454560 -0.77404361344547   2.51123905849511  h
-5.03086145457648 -0.21790343286704   4.52229278896962  h
-3.15442860565846 -3.64676135855637   2.81720987816628  h
-4.39682817832258 -0.04765352908541  -3.42499747032804  h
-7.34931864540417 -0.71078167694292  -2.00134464380864  h
-6.33401970647263  2.43593296557107  -2.34232850509688  h
$end