    0.00136137
   -0.03334040
   -0.06111365
   -0.05863631
   -0.03000577
    0.11760326
   -0.07202529
    0.01920468
   -0.48696303
    0.08316118
   -0.11334344
    0.01797813
   -0.11356574
    0.04228277
   -0.48075296
   -0.11123316
    0.04141594
    0.04140577
    0.03844316
    0.04147763
    0.04551817
    0.02926648
    0.05282391
    0.04791149
    0.31154689
    0.02826776
    0.02722739
    0.03368751
    0.03474191
    0.02861856
    0.02236349
    0.30720465
    0.04989893
    0.05516054
    0.04240818
