$coord
 0.22441201769291 -1.11998616348519   0.81751610610705  c
-1.78329999865550  0.98912253439349   1.43634428393037  c
-0.68522264346896  3.68996715149665   0.91691462019067  c
 1.08552236386335  3.90908993877928  -1.39850718955875  c
 2.92363144276324  1.63033075801983  -1.57726564480708  c
 1.32300023696625 -0.76951408287300  -1.89865684573087  c
 2.62224427345610 -0.62848734922897   2.48135209599073  c
 4.24643497366702  1.19640160477930   0.94211645290891  c
 2.94062459982980 -2.81976403295160  -2.61839591381880  o
-0.84592040273101 -3.78879020600832   1.26279370075053  c
 6.43184728540581  2.23571178125640   1.67240934109261  c
-4.43531830864700  0.63174675382536   0.34166196822871  c
-6.36761034853359  0.14667857563557   1.91851538658467  c
-2.04613951442887  0.86699158583913   3.50054308021169  h
-2.12799877783860 -4.62342079034529  -0.98638541328515  o
-4.92687992719717  0.96496642236695  -2.46170133825244  c
-2.24775661638424  5.05495451919876   0.74568797794336  h
 0.38715137918575  4.26902914389044   2.60442959099688  h
-0.00735506451161  4.02307786333602  -3.16930024965873  h
 2.17566827620245  5.67769441758422  -1.25628468259676  h
 4.25336480174102  1.90548731022523  -3.15438881133711  h
-0.15517014167138 -0.49620690737045  -3.33432327136394  h
 3.66363493433354 -2.40435022958737   2.79342371411416  h
 2.14369438032544  0.12358263738523   4.36241049510582  h
 1.83348248661161 -4.28311190028336  -2.87736834609214  h
-2.14319953684363 -3.77012560286530   2.89887439973650  h
 0.70930312685532 -5.10446556045055   1.72584218662776  h
 7.24847256563903  1.86519529051842   3.53342316223825  h
 7.49529389824933  3.49777033734422   0.43092648069774  h
-8.30583992567873 -0.04251093666310   1.23244425928432  h
-6.09063683439074 -0.07023989118454   3.95377663560111  h
-3.08341613866200 -6.15239626361212  -0.57128083457920  h
-4.14411608012906  2.75556114057250  -3.17875989381886  h
-4.07117789232639 -0.57308601395161  -3.56689106831396  h
-6.96821752670969  0.96606056898901  -2.85793682574862  h
$end
