           1           2  0.959883198263277     
           2           3  0.982638323186038     
           3           4   1.00838668038068     
           4           5  0.978755528674420     
           1           6  0.961275486546543     
           5           6  0.979385010955416     
           1           7  0.981425967080636     
           5           8  0.995347116740023     
           7           8   1.00678599776242     
           6           9  0.979693128228722     
           1          10  0.984409385402804     
           8          11   1.93637215955575     
           2          12  0.999606165921218     
          12          13   1.92368936671412     
           2          14  0.961290858486059     
          10          15  0.982405633446238     
          12          16   1.02730764205712     
           3          17  0.975701901803246     
           3          18  0.977305794937657     
           4          19  0.970670732134245     
           4          20  0.975826334116510     
           5          21  0.962337851674802     
           6          22  0.956240636162035     
           7          23  0.956992742832240     
           7          24  0.966231948635573     
           9          25  0.883688446017280     
          10          26  0.971594510205034     
          10          27  0.967333725835872     
          11          28  0.975194735107710     
          11          29  0.974996667978020     
          13          30  0.975891323925205     
          13          31  0.975220726066814     
          15          32  0.892089658755476     
          16          33  0.970604086320221     
          16          34  0.959897049070586     
          16          35  0.982093577873289     
