    0.00054630
   -0.03339010
   -0.06046920
   -0.05838947
   -0.03608470
    0.11935936
   -0.07274365
    0.01814113
   -0.47997318
    0.08266191
   -0.11363659
    0.01321629
   -0.11681348
    0.04477411
   -0.48523932
   -0.11360303
    0.04035850
    0.04229647
    0.03872098
    0.04036215
    0.03381074
    0.02100216
    0.05721832
    0.04762463
    0.30540674
    0.01734659
    0.05521993
    0.03324159
    0.03399784
    0.03252288
    0.02940511
    0.31016416
    0.05448318
    0.05411739
    0.04434426
