           1           2  0.961489033626805     
           2           3  0.980855973400560     
           3           4   1.00899614160623     
           4           5  0.979943390652811     
           1           6  0.968670436693312     
           5           6  0.971483800308372     
           1           7  0.979365706856374     
           5           8  0.994311878017228     
           7           8   1.00823023857498     
           6           9  0.980160032068072     
           1          10  0.975377412039170     
           8          11   1.93568646205943     
           2          12  0.999146652082602     
          12          13   1.90430381528304     
           2          14  0.960827975677558     
          10          15  0.999987463563750     
          12          16   1.02668646370541     
           3          17  0.975405282119513     
           3          18  0.976094988796915     
           4          19  0.970121403472723     
           4          20  0.975575140549562     
           5          21  0.962704337032990     
           6          22  0.954720688207253     
           7          23  0.956132248930127     
           7          24  0.966017936886278     
           9          25  0.889869879489740     
          10          26  0.968362314736312     
          10          27  0.968250219738177     
          11          28  0.975157202204437     
          11          29  0.974931537122366     
          13          30  0.975371804630398     
          13          31  0.975205620457688     
          15          32  0.865044913862733     
          16          33  0.966749856267376     
          16          34  0.960268369638581     
          16          35  0.982664245687846     
