    0.00254372
   -0.03499046
   -0.06277450
   -0.05912085
   -0.02820707
    0.10995248
   -0.06741550
    0.01795731
   -0.48258207
    0.08631131
   -0.11334356
    0.01290038
   -0.11461281
    0.05755207
   -0.47380079
   -0.11615898
    0.04089649
    0.04226680
    0.03737197
    0.04243084
    0.04588292
    0.02145867
    0.05419128
    0.05425805
    0.30325007
    0.02634183
    0.02120085
    0.03380854
    0.03335304
    0.02828194
    0.02989039
    0.30617880
    0.05749084
    0.04768883
    0.03954716
