$coord
 0.17151830167401 -1.20976030458593   0.21211684663760  c
-1.82166907959270  0.76602727321145   1.23813451462702  c
-0.63720108123002  3.46260986145105   1.42173672203655  c
 1.09997315736371  4.20282667949150  -0.80597058449579  c
 2.86262573856918  1.98751731976875  -1.56182590540837  c
 1.22878180253799 -0.27496906110074  -2.38296617447778  c
 2.59610060908251 -1.12416874691874   1.90084518092244  c
 4.23615335724234  0.95850097271276   0.75351964394023  c
 2.88133795987876 -2.07231613278013  -3.57534935896556  o
-0.93507788581010 -3.88306478707106   0.04512012109928  c
 6.47838677123371  1.74764874100329   1.61279306730977  c
-4.38809420341843  0.70342251019880  -0.11212563966983  c
-4.90609192895329  1.87162046642480  -2.30767360933521  c
-2.20808390491390  0.17502865043674   3.19728233083836  h
-1.65231140648591 -4.70120272540079   2.53156784563162  o
-6.46085415475702 -0.69854106109700   1.29284417936762  c
-2.15618348184729  4.86663123367379   1.64343242074510  h
 0.48752030257533  3.55111028311368   3.17214554913331  h
-0.01187617777181  4.78103676107551  -2.47085595492534  h
 2.25107336363951  5.85206332396718  -0.26423000058677  h
 4.16330473097788  2.58931753073525  -3.07057463409317  h
-0.28994665950925  0.27399245795580  -3.69686896637162  h
 3.59619928437021 -2.94916150364713   1.80897140853709  h
 2.15890733612255 -0.78082350582991   3.90550885457671  h
 1.84552183577513 -3.36051348435889  -4.40099145915877  h
 0.51462102875200 -5.16386139127768  -0.74259894950166  h
-2.57244586092617 -3.90504502652612  -1.25797633023872  h
 7.34258290876378  0.94404028891577   3.30862430415254  h
 7.54696970009856  3.22684612430889   0.64435310529587  h
-6.79682895522170  1.78357084438024  -3.13428129347447  h
-3.52313074943942  2.97973068262704  -3.35663465041001  h
-2.24909709633180 -6.44565511712186   2.40438177022226  h
-5.86737197122505 -2.62503300259034   1.80273963360061  h
-6.88942050069070  0.27425235251208   3.08943781504857  h
-8.21620123725214 -0.80410628951024   0.18603624844006  h
$end
