           1           2  0.957499716004832     
           2           3  0.985838230013735     
           3           4   1.00826500247861     
           4           5  0.979290069253829     
           1           6  0.960079256509212     
           5           6  0.978655073339932     
           1           7  0.982602371722821     
           5           8  0.994317299496582     
           7           8   1.00790799744544     
           6           9  0.976383953860923     
           1          10  0.986241712916434     
           8          11   1.93613815281731     
           2          12  0.997235973537115     
          12          13   1.92603138942487     
           2          14  0.961346049678064     
          10          15  0.985795953852240     
          12          16   1.02493506973288     
           3          17  0.976346994824298     
           3          18  0.976855969477807     
           4          19  0.970303491138787     
           4          20  0.975696599610784     
           5          21  0.962643193363531     
           6          22  0.958393971916272     
           7          23  0.957703404492708     
           7          24  0.964532663191743     
           9          25  0.891853589737819     
          10          26  0.968411546211839     
          10          27  0.967515560832820     
          11          28  0.975213603287595     
          11          29  0.975064902586166     
          13          30  0.974439858221345     
          13          31  0.967091242699341     
          15          32  0.892787040469645     
          16          33  0.970546119239249     
          16          34  0.966312475675552     
          16          35  0.984177576233781     
