    0.00228993
   -0.03452497
   -0.06249011
   -0.05842069
   -0.03401823
    0.11120490
   -0.06872708
    0.01642173
   -0.48806183
    0.08001618
   -0.11317589
    0.01354743
   -0.11360225
    0.05274080
   -0.47768649
   -0.11749761
    0.04103875
    0.04092498
    0.03703730
    0.04145025
    0.03450758
    0.02141123
    0.05332527
    0.04854853
    0.30807252
    0.03500144
    0.04661477
    0.03398162
    0.03372361
    0.02854862
    0.02897603
    0.30927398
    0.03960462
    0.06278506
    0.04715804
