           1           2  0.959040479094943     
           2           3  0.986363901251634     
           3           4   1.00845988708665     
           4           5  0.978817908280259     
           1           6  0.968761842145809     
           5           6  0.974286326611281     
           1           7  0.981090733862031     
           5           8  0.994612600440249     
           7           8   1.00651261340970     
           6           9  0.975165333360853     
           1          10  0.979076614228025     
           8          11   1.93702468854256     
           2          12  0.996313003522330     
          12          13   1.92662480673659     
           2          14  0.961854891001123     
          10          15  0.991195012613761     
          12          16   1.02578767286933     
           3          17  0.976254634405690     
           3          18  0.977028915833832     
           4          19  0.969835876068136     
           4          20  0.975772739339469     
           5          21  0.962244091618269     
           6          22  0.956629413084887     
           7          23  0.957402060006072     
           7          24  0.964983500605812     
           9          25  0.887583387244006     
          10          26  0.966813951998067     
          10          27  0.969240925271469     
          11          28  0.975114695213880     
          11          29  0.974904640258603     
          13          30  0.974476146482727     
          13          31  0.967343586952522     
          15          32  0.887576813874169     
          16          33  0.984421849006753     
          16          34  0.968251783810453     
          16          35  0.967012234083798     
