    0.00047582
   -0.03785319
   -0.06247708
   -0.05853376
   -0.03341357
    0.11343402
   -0.07072367
    0.01522028
   -0.48574714
    0.08471892
   -0.11359336
    0.00950052
   -0.11178003
    0.04825180
   -0.48866224
   -0.11757570
    0.04271347
    0.04371377
    0.03728819
    0.04229077
    0.03310185
    0.02279768
    0.06571353
    0.05021932
    0.30740681
    0.02115644
    0.04308899
    0.03379702
    0.03251716
    0.03172152
    0.03248153
    0.32383542
    0.04799166
    0.05112206
    0.04580117
