$coord
-0.05580823340364 -1.07010860620615   0.54701607816151  c
-1.97268309739556  1.09288165288908   1.30497993856533  c
-0.66904027509562  3.74050280304636   1.21609744905848  c
 1.12534962820401  4.15237829160186  -1.05058896041698  c
 2.79963578442752  1.79255770904733  -1.52260535496756  c
 1.05656644851491 -0.47138805491223  -2.10249817152059  c
 2.33803973425959 -0.88393575104675   2.26627335481707  c
 4.09855462777592  0.96118188570203   0.91283376780898  c
 2.47326931271846 -2.64084168694120  -2.95732739172630  o
-1.37290377506075 -3.67787245776986   0.72570384805952  c
 6.37811579249067  1.71645451925453   1.70153524208798  c
-4.53161649639673  1.01374732107307  -0.06447731044859  c
-4.96557847439606  1.94487092792319  -2.38751846752125  c
-2.40371784280774  0.73376842616164   3.31451932172093  h
 0.27808883087369 -5.80450529581132   0.51891510249398  o
-6.69895715063402 -0.08397705687797   1.46491976169538  c
-2.12559969798079  5.22493416018442   1.25447034062292  h
 0.43729221258590  3.96999957700692   2.96455077951046  h
 0.05755971454227  4.58088017112390  -2.78794213021502  h
 2.33570364114932  5.80563415388177  -0.67961373096925  h
 4.14649807834239  2.18114412142784  -3.06493603197257  h
-0.41730712069387 -0.01185076123836  -3.49906390674180  h
 3.23143279548995 -2.75397841967704   2.43514106484585  h
 1.86705414967913 -0.26350077159219   4.19790687555041  h
 3.27227139816499 -2.22004655914932  -4.57195725332742  h
-2.89102793479748 -3.77029822320449  -0.71287400251448  h
-2.28420355943629 -3.84739089056824   2.59196513722578  h
 7.18773782782245  1.06291656551720   3.48628870242055  h
 7.53064232643938  3.01874199030361   0.58646805826683  h
-6.85402548828044  1.87550206048543  -3.21999315106585  h
-3.51112278346238  2.83067648073313  -3.54472074577686  h
 1.27716493731355 -5.52895386844175  -1.02103511139086  h
-6.30908754036129 -2.03623770532599   2.07447692007829  h
-6.99213906211249  1.02878148492271   3.20542703129811  h
-8.47826271359181 -0.08612355839700   0.39126036104398  h
$end
