           1           2  0.956925462662808     
           2           3  0.985528789196760     
           3           4   1.00863495277228     
           4           5  0.979051061783285     
           1           6  0.970129009098863     
           5           6  0.976072763406077     
           1           7  0.982869296814110     
           5           8  0.993808450034293     
           7           8   1.01013924319411     
           6           9  0.968181456136748     
           1          10  0.977500983430644     
           8          11   1.93466000130654     
           2          12  0.996915320034707     
          12          13   1.92795893943291     
           2          14  0.962865398429478     
          10          15   1.00008142073212     
          12          16   1.02452410745692     
           3          17  0.975999050249692     
           3          18  0.976783353709881     
           4          19  0.969714330156498     
           4          20  0.975597871373946     
           5          21  0.962033291952999     
           6          22  0.956157883359638     
           7          23  0.952624762308719     
           7          24  0.963466027405496     
           9          25  0.883647356415566     
          10          26  0.966938055433298     
          10          27  0.969749875520153     
          11          28  0.975215289782793     
          11          29  0.975038634866583     
          13          30  0.974107790698111     
          13          31  0.966726843590146     
          15          32  0.859570711420696     
          16          33  0.970374482640419     
          16          34  0.968469206552571     
          16          35  0.984068752773146     
