    0.00117460
   -0.03370035
   -0.06220236
   -0.05850059
   -0.03456129
    0.11269705
   -0.06793326
    0.01583147
   -0.48558186
    0.08193690
   -0.11352504
    0.00958004
   -0.11029838
    0.04357656
   -0.48104846
   -0.11494205
    0.04138563
    0.04258133
    0.03678268
    0.04205670
    0.03385370
    0.01894652
    0.06093108
    0.05041336
    0.30922965
    0.05702383
    0.01993479
    0.03378791
    0.03283092
    0.03157300
    0.03288928
    0.31111893
    0.04628566
    0.04499536
    0.05087666
