$coord
 0.15419284968204 -1.17387391534398   0.18606903115751  c
-1.78231327196772  0.76190866702200   1.23532040934328  c
-0.60298761051331  3.42537984941754   1.39854996337233  c
 1.09019156355878  4.16453681519988  -0.82273996842903  c
 2.82263223544498  1.96690154075641  -1.55591281729147  c
 1.17888831816878 -0.27103678580263  -2.37735431653826  c
 2.55860954326762 -1.14128883202536   1.82704253075427  c
 4.13891507332095  0.96630531528857   0.76435323317851  c
 2.59871078756181 -2.22869502979309  -3.50595203778903  o
-0.95989833586535 -3.84236073134294  -0.00333717659112  c
 6.29897592997190  1.80846059260249   1.68481248024868  c
-4.32255048966279  0.74552779928012  -0.09236159383757  c
-4.82316437185282  1.91856557941065  -2.24534388469908  c
-2.15809657705039  0.19370184341502   3.19569213923420  h
-1.49263596272397 -4.94934212469948   2.35355627904519  o
-6.40285217141171 -0.61534609301810   1.28783729676709  c
-2.11782711727335  4.81160483512928   1.60185060393429  h
 0.54567984330692  3.50833262915729   3.11057372730756  h
-0.02895898196485  4.72384541302341  -2.46102258589540  h
 2.23583208676351  5.79006907784380  -0.27100037777218  h
 4.14847454621208  2.56223064572888  -3.02660350919529  h
-0.34589561230018  0.29452422280746  -3.66435459861335  h
 3.54883018454684 -2.93691669456488   1.60235733097126  h
 2.15767869019597 -0.89628272370137   3.83253981238572  h
 3.56632874289987 -1.52027229929539  -4.87494228716650  h
 0.43013061354591 -5.07589444431885  -0.89632979110997  h
-2.65012443170865 -3.79812182738417  -1.21158913398450  h
 7.12256375293993  1.02304998549457   3.37154222654650  h
 7.33372502131451  3.31469564492234   0.78844116051737  h
-6.68899956541660  1.86326198278950  -3.05978835776004  h
-3.45067378447392  2.98587705373680  -3.29135801822378  h
-2.62805464532232 -3.85671244178487   3.26747199262567  h
-6.58469185036947  0.11785597082126   3.20481034368955  h
-8.19967868968925 -0.36261803972444   0.32472532515607  h
-6.03167633288436 -2.63586678843174   1.41410991348729  h
$end