           1           2  0.958902117302140     
           2           3  0.984779329714836     
           3           4   1.00861901812654     
           4           5  0.979701292984675     
           1           6  0.967832054901877     
           5           6  0.973925830890525     
           1           7  0.981474819060254     
           5           8  0.993860774078458     
           7           8   1.00925341199379     
           6           9  0.978908956029632     
           1          10  0.978585361291929     
           8          11   1.93538888765108     
           2          12  0.997259563934957     
          12          13   1.92941085642151     
           2          14  0.959111128297750     
          10          15  0.995581800851792     
          12          16   1.02340925854812     
           3          17  0.976284641673205     
           3          18  0.976862782873650     
           4          19  0.969364082019672     
           4          20  0.975484694829657     
           5          21  0.962105486521788     
           6          22  0.955417767180523     
           7          23  0.955912815453148     
           7          24  0.964795021945025     
           9          25  0.885943619401308     
          10          26  0.967494241715121     
          10          27  0.964877177259029     
          11          28  0.975168744441900     
          11          29  0.974983118398920     
          13          30  0.974165095142556     
          13          31  0.966635699046535     
          15          32  0.878128890551379     
          16          33  0.972161468961003     
          16          34  0.983587934673186     
          16          35  0.964051867814039     
