    0.01089915
   -0.03528413
   -0.06174990
   -0.06024498
   -0.03452580
    0.11403105
   -0.06806113
    0.01625831
   -0.48818242
    0.08526738
   -0.11388783
    0.01034151
   -0.11147086
    0.05669540
   -0.47373942
   -0.11007703
    0.04052708
    0.04114065
    0.04224887
    0.04020555
    0.03308019
    0.01552750
    0.05804179
    0.05415680
    0.30932332
    0.03451199
    0.02103191
    0.03305193
    0.03277576
    0.02846622
    0.03471665
    0.30609131
    0.05268581
    0.04292395
    0.04322340
