           1           2  0.956168601445720     
           2           3  0.989777579105548     
           3           4   1.00854699637050     
           4           5  0.978849330647224     
           1           6  0.967947877375176     
           5           6  0.974868632398065     
           1           7  0.980571301975302     
           5           8  0.993862148663893     
           7           8   1.00962565978561     
           6           9  0.977141410255122     
           1          10  0.987331136976709     
           8          11   1.93440410974935     
           2          12  0.997586944693165     
          12          13   1.92656087614318     
           2          14  0.958194219604944     
          10          15  0.987661645263408     
          12          16   1.02608324327621     
           3          17  0.973828984905803     
           3          18  0.975649508879011     
           4          19  0.972073726226674     
           4          20  0.976264473694083     
           5          21  0.962092319389901     
           6          22  0.952234306417002     
           7          23  0.956233342160417     
           7          24  0.964219221115490     
           9          25  0.885549198623494     
          10          26  0.967258833983744     
          10          27  0.967041679717541     
          11          28  0.975227675431431     
          11          29  0.974989090402815     
          13          30  0.975513446382647     
          13          31  0.974757205492551     
          15          32  0.892933799951158     
          16          33  0.967914057506934     
          16          34  0.962376224643150     
          16          35  0.983056760412662     
