$coord
 2.57723894812713  2.82866632484946   3.70842740755097  c
 5.15764469305921  2.50181764861677   2.47327969479809  c
 5.16309650474314  1.27823076969544  -0.18128443509224  c
 3.16330369287934 -0.93915295515233  -0.35282209822227  c
 0.55863504481932 -0.55736015904118   1.05449062534929  c
 1.11986102264248  0.34290670902145   3.76480352239202  c
 2.52910920881399 -1.48322924357653  -3.12735804723085  c
 1.07794152676715 -3.95451939124603  -3.38554799673191  c
-1.34586869982225 -3.97402207653161  -1.80687391429687  c
-1.03432353144423 -3.11612339770301   0.99430215812547  c
-1.51408870609821  1.30742086573235   0.07843587320672  c
-3.66661962982753 -2.23527696743094   1.84593348485893  c
-3.89659565930528  0.28837882607754   0.63460691074510  c
-6.19086361703317  1.43755657700534   0.10836516453041  c
-6.17941533869116  3.76678130824314  -1.09066455728366  c
-3.88089047069847  4.87677827571705  -1.56419399703927  c
-1.58280443717431  3.74738236136294  -0.93181387946712  c
 0.51977809220421  5.23123244365545  -1.29129423475140  o
-8.45671671127712  0.37003261450371   0.71541060379504  o
 4.85010933227912  3.06406491928682  -2.12505799479953  o
 7.91054944807606  0.42508873372531  -0.68022432342513  c
 4.56507358251766 -3.23862281716577   0.74751607651275  c
-2.60102250105842 -6.56617869144565  -2.08700830332755  c
-0.33107358152892 -5.29791878650706   2.78429322917085  c
 2.85523617520677  3.49603241012148   5.64449289306731  h
 1.48684981804831  4.26237800649844   2.72204334626624  h
 6.32220730625214  1.33944464558965   3.71884560355192  h
 6.08034451847646  4.34021114059704   2.30558286638092  h
-0.63832116177551  0.61456283082985   4.80821310649130  h
 2.24767524700101 -1.05467126294681   4.77291880899811  h
 1.39037844235289  0.06121566905533  -3.88399450119502  h
 4.26015738195848 -1.57353646341975  -4.24186548218498  h
 0.54851097524116 -4.21740055051566  -5.36527256966578  h
 2.28297413747355 -5.54638906479725  -2.87834427047890  h
-2.60750051585361 -2.57997699309729  -2.67760058545607  h
-3.75497636828344 -2.07407967684467   3.90566784685078  h
-5.12748418750797 -3.56554042361554   1.25069911412480  h
-7.93291579900984  4.67714745154333  -1.57745351513363  h
-3.83108929791812  6.73088973179760  -2.42788820983677  h
 0.05273690086666  6.75688218389618  -2.17360375675227  h
-8.17703029032824 -1.22389342764778   1.55222940300095  h
 3.23803569475435  3.88584015758443  -1.89257672176013  h
 9.02370540835294  2.14701098156042  -0.83125888195952  h
 8.70909755933160 -0.73115017105542   0.80920874494544  h
 8.04805796059849 -0.54875028486646  -2.48104635956960  h
 5.30604702977467 -2.83593556098140   2.61755538460592  h
 3.39102307699157 -4.88621519514462   0.86840290876882  h
 6.13271181329045 -3.72349535178444  -0.48166573401240  h
-1.33293633394933 -8.07981195597317  -1.52036055158414  h
-4.32354269301058 -6.72484819951780  -0.98003426402920  h
-3.09315457108893 -6.87018485016952  -4.06000414243047  h
-2.06243250728460 -6.17052412360266   3.47747726299492  h
 0.73712763084813 -6.79927392138540   1.88465807878854  h
 0.71433053895386 -4.63526398424145   4.41857997274590  h
$end