! r2scan-3c
! DEFGRID2
! scfconv6
! miniprint nopop noautostart
%MaxCore 2500
%pal
    nprocs 12
end
*xyz 0 1
C    1.3638161178   1.4968657557   1.9624152715
C    2.7293080323   1.3239048849   1.3088032501
C    2.7321930068   0.6764105933  -0.0959315917
C    1.6739482247  -0.4969783412  -0.1867054138
C    0.2956169348  -0.2949422943   0.5580124078
C    0.5926049323   0.1814584158   1.9922482267
C    1.3383469566  -0.7848911139  -1.6549266082
C    0.5704220904  -2.0926415410  -1.7915548455
C   -0.7122030445  -2.1029619176  -0.9561564980
C   -0.5473404413  -1.6489814877   0.5261620426
C   -0.8012212382   0.6918573269   0.0415064766
C   -1.9402915483  -1.1828576307   0.9768259326
C   -2.0619896221   0.1526035028   0.3358195149
C   -3.2760639405   0.7607221796   0.0573443755
C   -3.2700057725   1.9932948259  -0.5771548282
C   -2.0536787942   2.5806799250  -0.8277358163
C   -0.8375840371   1.9830293453  -0.4930946696
O    0.2750547210   2.7682489929  -0.6833234813
O   -4.4751017607   0.1958128268   0.3785789878
O    2.5665673279   1.6214333273  -1.1245322622
C    4.1860824918   0.2249472704  -0.3599592101
C    2.4157329049  -1.7138053888   0.3955684723
C   -1.3764018320  -3.4746721247  -1.1043972326
C   -0.1751965944  -2.8035378858   1.4733845247
H    1.5109259150   1.8500206792   2.9869370048
H    0.7868070394   2.2555533043   1.4404433053
H    3.3455680276   0.7088035814   1.9679283434
H    3.2175797522   2.2967408251   1.2200619102
H   -0.3377850119   0.3252126446   2.5443968000
H    1.1894185177  -0.5581079971   2.5257198621
H    0.7357565859   0.0323939370  -2.0553213764
H    2.2543782004  -0.8326796366  -2.2446985439
H    0.2902595079  -2.2317522596  -2.8391799729
H    1.2080978861  -2.9350226946  -1.5231541924
H   -1.3798298498  -1.3652650288  -1.4169252091
H   -1.9870479207  -1.0975556981   2.0667904170
H   -2.7133477801  -1.8868027359   0.6618414686
H   -4.1979182550   2.4750398423  -0.8347524511
H   -2.0273251485   3.5618334536  -1.2847831107
H    0.0279071661   3.5755880669  -1.1502215731
H   -4.3270980806  -0.6476565102   0.8214044258
H    1.7134946970   2.0562980557  -1.0015084706
H    4.7751392579   1.1361492825  -0.4398832565
H    4.6086559539  -0.3869080081   0.4282148265
H    4.2588488629  -0.2903861451  -1.3129131921
H    2.8078391669  -1.5007124698   1.3851506572
H    1.7944521332  -2.5856737277   0.4595390290
H    3.2452913312  -1.9703888842  -0.2548865296
H   -0.7053595312  -4.2756523536  -0.8045401559
H   -2.2879202625  -3.5586364124  -0.5186117982
H   -1.6368269081  -3.6355452558  -2.1484616674
H   -1.0913922814  -3.2653007441   1.8402017182
H    0.3900711436  -3.5980208083   0.9973181052
H    0.3780074421  -2.4528760659   2.3382118251
*
