    0.00228515
   -0.03451508
   -0.06249325
   -0.05841836
   -0.03401243
    0.11120154
   -0.06872682
    0.01641552
   -0.48809939
    0.08002696
   -0.11317312
    0.01355025
   -0.11360077
    0.05273912
   -0.47765577
   -0.11750277
    0.04103821
    0.04092620
    0.03704601
    0.04144983
    0.03449495
    0.02141814
    0.05330761
    0.04856472
    0.30808140
    0.03500166
    0.04660673
    0.03398164
    0.03372376
    0.02854459
    0.02898352
    0.30926259
    0.03959493
    0.06281393
    0.04713881
