           1           2  0.959034063417044     
           2           3  0.986373992939275     
           3           4   1.00845843906118     
           4           5  0.978814105731990     
           1           6  0.968761268125409     
           5           6  0.974317736698532     
           1           7  0.981091921269139     
           5           8  0.994607103672974     
           7           8   1.00651727066485     
           6           9  0.975146008947425     
           1          10  0.979062469722731     
           8          11   1.93702822507830     
           2          12  0.996317159681245     
          12          13   1.92662355554921     
           2          14  0.961849781697907     
          10          15  0.991200260939406     
          12          16   1.02579587784224     
           3          17  0.976253700648440     
           3          18  0.977025955119029     
           4          19  0.969822082183407     
           4          20  0.975772607836614     
           5          21  0.962236148376397     
           6          22  0.956619964756823     
           7          23  0.957415384967288     
           7          24  0.964974120440101     
           9          25  0.887560138649094     
          10          26  0.966820751817976     
          10          27  0.969243827527401     
          11          28  0.975115299598500     
          11          29  0.974902650550599     
          13          30  0.974475092838568     
          13          31  0.967336162160659     
          15          32  0.887601403745440     
          16          33  0.984428713237608     
          16          34  0.968205043474796     
          16          35  0.967031597124439     
