   -0.00823229
   -0.03639267
   -0.06045939
   -0.05941637
   -0.02960501
    0.11679454
   -0.06639665
    0.01706858
   -0.50644617
    0.07716298
   -0.11272374
    0.00830536
   -0.11398587
    0.04473193
   -0.47530773
   -0.11194325
    0.04221742
    0.04252951
    0.03950085
    0.04130832
    0.04453216
    0.02003651
    0.05016311
    0.04628549
    0.32056113
    0.04971512
    0.03050984
    0.03321566
    0.03400363
    0.03424973
    0.02728458
    0.31337418
    0.05489097
    0.04638131
    0.04608622
