           1           2  0.958154112199676     
           2           3  0.982608662361395     
           3           4   1.00859490323555     
           4           5  0.979837756065200     
           1           6  0.966663894643365     
           5           6  0.977051176527008     
           1           7  0.982351922276938     
           5           8  0.994780435911537     
           7           8   1.00535977305289     
           6           9  0.982778916700707     
           1          10  0.977315531771860     
           8          11   1.93786060326316     
           2          12  0.997830110104409     
          12          13   1.92525004799401     
           2          14  0.961259916975877     
          10          15  0.985081999360048     
          12          16   1.02725955909231     
           3          17  0.975203256937633     
           3          18  0.976565532245464     
           4          19  0.970372048280204     
           4          20  0.975622780415524     
           5          21  0.962406914462386     
           6          22  0.952998412990804     
           7          23  0.952886645617743     
           7          24  0.966649728864517     
           9          25  0.852453327257334     
          10          26  0.969034025810633     
          10          27  0.970298763590100     
          11          28  0.975137874531544     
          11          29  0.975007720143739     
          13          30  0.975263750079721     
          13          31  0.975255975361371     
          15          32  0.881386527217899     
          16          33  0.968211649409830     
          16          34  0.961346617013326     
          16          35  0.982180583909200     
