   -0.00815915
   -0.03283941
   -0.06121467
   -0.06075008
   -0.02960543
    0.12053307
   -0.07161374
    0.01880756
   -0.48739660
    0.07819162
   -0.11304601
    0.01157121
   -0.11527620
    0.04487285
   -0.49156869
   -0.11265687
    0.04112380
    0.04242092
    0.04230570
    0.04122050
    0.04511905
    0.01871847
    0.05314096
    0.04870311
    0.31286918
    0.02564632
    0.04750133
    0.03384780
    0.03485228
    0.03258379
    0.02940879
    0.30976954
    0.05683130
    0.04940092
    0.04468679
