$coord
 0.25687649885656 -1.14257961285451   0.80453784127962  c
-1.78727331183899  0.92482138453075   1.47580680077260  c
-0.69354752384687  3.64170471951220   1.10030494432199  c
 1.02244824293414  3.96552972395466  -1.24445775712182  c
 2.87905497902684  1.71224808916687  -1.54706239038816  c
 1.31103400532638 -0.70676906569900  -1.91361759880764  c
 2.66167754075093 -0.65103351820026   2.45794109668336  c
 4.26013470057904  1.20773832622005   0.92912813425974  c
 2.96545481141141 -2.69743764100354  -2.71430826245177  o
-0.74439986390690 -3.85138537442954   1.21789660038697  c
 6.46592610404248  2.22037134473214   1.63501810329093  c
-4.40295484978631  0.57212796799056   0.26972832824526  c
-6.26924400946495 -0.50908290988273   1.62350538682796  c
-2.10863147074481  0.69652540228784   3.52307071224812  h
-2.30363107523226 -4.77867067392037  -0.79799305015109  o
-4.94991559956081  1.54260286157421  -2.37548659967372  c
-2.24469605311310  5.02945715804882   1.04805460512455  h
 0.42216839389638  4.11604815475948   2.79211625098264  h
-0.11076819703967  4.13514918329410  -2.98449044713653  h
 2.10226650994275  5.73643302337623  -1.05984840989963  h
 4.17092315535694  2.06133555255463  -3.14092774890116  h
-0.19250577646978 -0.43323282061084  -3.32348845006489  h
 3.71735842264101 -2.42447430958785   2.74154552890937  h
 2.19180272455008  0.07205140159735   4.35266879821567  h
 1.90135498499556 -4.16543067712480  -3.08309301103806  h
-1.73496440885677 -3.96341017003201   3.05686566848994  h
 0.86192365613068 -5.16829819333238   1.31982611681084  h
 7.32220974051252  1.79927719141012   3.46711403826280  h
 7.50253920906580  3.51543830705583   0.40503795943318  h
-8.16770050027659 -0.75580279835578   0.84937335754372  h
-5.97274125732090 -1.16667996611629   3.55842912817134  h
-3.89927177481044 -3.84150048751551  -0.73041923533600  h
-4.52686733398343  3.57453623356165  -2.53801598321660  h
-3.81628675246641  0.57768916069662  -3.82700966161629  h
-6.95275078555085  1.27346349978513  -2.85968839956677  h
$end
