           1           2  0.957004126446946     
           2           3  0.986609683547154     
           3           4   1.00872324931496     
           4           5  0.978772477557128     
           1           6  0.961291687618942     
           5           6  0.978960824151349     
           1           7  0.981162991417984     
           5           8  0.995117121219660     
           7           8   1.00634836945343     
           6           9  0.980826080329736     
           1          10  0.977492959613328     
           8          11   1.93682105313075     
           2          12  0.998551594867529     
          12          13   1.90700667149585     
           2          14  0.960243595497571     
          10          15  0.991994420263662     
          12          16   1.02762343990173     
           3          17  0.974186403913451     
           3          18  0.975878388555923     
           4          19  0.972400952804085     
           4          20  0.976081455714504     
           5          21  0.962750730798916     
           6          22  0.953161167252117     
           7          23  0.957380815654950     
           7          24  0.965758665748897     
           9          25  0.882508885299623     
          10          26  0.968104370695395     
          10          27  0.968619831668745     
          11          28  0.975158692896990     
          11          29  0.974952247475644     
          13          30  0.975193882133899     
          13          31  0.974712795305801     
          15          32  0.869224740904005     
          16          33  0.966129148873969     
          16          34  0.959914208512104     
          16          35  0.982722572441333     
