$coord
 0.17160625187359 -1.30151545004741  -0.44396916734668  c
 1.10447806635512  1.17014818819579  -1.71292551667586  c
-0.91815866802887  3.26586999053090  -1.53811999758920  c
-2.39130202280976  3.32868529366520   0.94229187736309  c
-3.24692058190594  0.66609446494061   1.68933485149171  c
-0.89284328004563 -0.91744443507934   2.25109243648601  c
-2.25295056298914 -2.16136359094506  -1.81251420178434  c
-4.34808167189737 -0.69241958877269  -0.55286907448183  c
 0.67855738712815  0.21072875220536   4.05283203727652  o
 2.27904428929024 -3.29993386069866  -0.50547767403160  c
-6.72633603626535 -0.60848538827346  -1.30074053345665  c
 3.70742155149884  2.07733295961137  -0.92224364666441  c
 4.21172440056167  3.33768542670942   1.17737073958866  c
 1.28717647541471  0.70327597068817  -3.72688966065448  h
 1.72645839990591 -5.51428480925214   0.85781671309175  o
 5.74279833999715  1.61522104063741  -2.85167716555552  c
-0.00754049800245  5.09073546079055  -1.84648475822089  h
-2.27394050015204  2.98305639674345  -3.06965359892073  h
-1.23859943660487  4.07964315123593   2.47169977226336  h
-4.03783321242170  4.55000102413991   0.71141042945397  h
-4.53673380881310  0.75887940731905   3.29470485490588  h
-1.49171602174733 -2.78925563731514   2.95151427595018  h
-2.17878996024831 -1.82984174861575  -3.84564582254670  h
-2.58130610305483 -4.18475601641313  -1.52903146995984  h
 2.12907807381485 -0.86202292521714   4.28546493022392  h
 3.97733298800828 -2.53323063497526   0.38674336285359  h
 2.73054620317178 -3.76136726575939  -2.48220356907835  h
-7.37120456691869 -1.60942533602625  -2.95220426446941  h
-8.12476415293169  0.46894984647166  -0.29053371970675  h
 6.10047527030252  3.98676734005394   1.58053875438256  h
 2.80968382806492  3.74039545201490   2.58521550780296  h
 0.29145898593162 -6.34011497840605   0.09952439454700  h
 7.57765086675402  2.20475523109322  -2.14132004109798  h
 5.84387357551661 -0.37313677066705  -3.36992147005377  h
 5.33511582939385  2.68701541152859  -4.56417817358764  h
$end