$coord
 0.19553736515142 -1.25359359185444   0.09032231875739  c
-1.82799210845872  0.54484517507903   1.35203144853175  c
-0.73442670905188  3.25602043033610   1.74934115776330  c
 0.90651978730898  4.24643464717037  -0.45423548835248  c
 2.74828043072454  2.18057562971012  -1.42047831830826  c
 1.19522387067943 -0.08196580166956  -2.41151881350749  c
 2.65472375440062 -1.23128941796493   1.74722647903897  c
 4.20181542829785  1.00480518110325   0.77137578445445  c
 2.76809354070599 -1.91678984411942  -3.65159338622108  o
-0.84989242852532 -3.95121431155377  -0.25626129293836  c
 6.42531986674427  1.79939229142676   1.67156727538040  c
-4.46116095113762  0.55549060106122   0.13101761701890  c
-6.32338655431278 -0.82747862140516   1.16589388274684  c
-2.12090633240064 -0.25836901045405   3.24832439817295  h
-1.63170800137112 -5.10540570145630   2.07593243440456  o
-5.03029040183175  2.20896973002411  -2.14542822135772  c
-2.28413754691470  4.58953706239466   2.14278450296369  h
 0.43497033459453  3.23497484374230   3.47154512931004  h
-0.27555062107295  4.88497955615221  -2.04658402559851  h
 1.99304824151057  5.90459645324951   0.18340515761121  h
 3.99986172394981  2.98497615110527  -2.88087320055842  h
-0.33085802696172  0.51854768896847  -3.69612203693195  h
 3.72434270862819 -2.99921769482694   1.47282253895930  h
 2.24610625103800 -1.07720039273573   3.78221160971936  h
 3.69500787924685 -1.04345216980665  -4.99391308867400  h
 0.57948782009591 -5.12588635846942  -1.21519868070117  h
-2.54750796717731 -3.91575342761846  -1.45436473785488  h
 7.34467232215284  0.88349077150288   3.27866578502786  h
 7.41989248361594  3.40317500186195   0.83194920963806  h
-8.23510969698904 -0.82719993319243   0.38449239968964  h
-6.00184149140541 -2.02479036190801   2.81427662330584  h
-0.11709889572730 -5.41361230400831   3.09019478417477  h
-3.94706582339843  1.64635928942231  -3.82965893729900  h
-7.04662419233293  2.10561448042851  -2.63798415434607  h
-4.57453380757016  4.20665909943950  -1.77951922532870  h
$end
