           1           2  0.958517543921254     
           2           3  0.988425937335115     
           3           4   1.00871830255409     
           4           5  0.980321421554413     
           1           6  0.958591982348638     
           5           6  0.962665128415103     
           1           7  0.981465997690572     
           5           8  0.996196473200223     
           7           8   1.00279650706016     
           6           9   1.00066768500462     
           1          10  0.980117510706768     
           8          11   1.93767626589391     
           2          12  0.996778927070767     
          12          13   1.91030060316427     
           2          14  0.957283281919459     
          10          15  0.990711490035117     
          12          16   1.02514459964978     
           3          17  0.975396049357561     
           3          18  0.976406577056792     
           4          19  0.967128743850147     
           4          20  0.975716074381024     
           5          21  0.965043309203795     
           6          22  0.960925435010379     
           7          23  0.964492500963668     
           7          24  0.959029031091287     
           9          25  0.847270258304258     
          10          26  0.967046693577142     
          10          27  0.968148276896732     
          11          28  0.974675518944305     
          11          29  0.974635892122393     
          13          30  0.974239637850473     
          13          31  0.961971245362082     
          15          32  0.886823146756935     
          16          33  0.969797894157252     
          16          34  0.963429757650768     
          16          35  0.982962755120515     
