    0.00021045
   -0.03696934
   -0.06197088
   -0.05917735
   -0.03351611
    0.11293990
   -0.07066113
    0.01577406
   -0.50739545
    0.08322948
   -0.11345389
    0.00738042
   -0.11020155
    0.04634591
   -0.47550953
   -0.11679249
    0.04219586
    0.04337141
    0.03738109
    0.04150468
    0.04235631
    0.02718736
    0.06268106
    0.04966063
    0.32548252
    0.03063553
    0.03111434
    0.03256738
    0.03251556
    0.03281326
    0.03507064
    0.31138199
    0.04601835
    0.04461904
    0.05121051
