$coord
-0.04539991852163 -1.02965043428237   0.59173154862298  c
-1.99001752569083  1.12445583214314   1.29129375473548  c
-0.68346859364797  3.76676077691275   1.18915954659889  c
 1.14942429730310  4.15700418047475  -1.04907747955791  c
 2.81197439713648  1.78983804896167  -1.50062893431937  c
 1.08224197785050 -0.48349909815352  -2.07311798057084  c
 2.31634895816185 -0.77518519212822   2.35351316209399  c
 4.11854373015513  0.96590569401485   0.92460740190983  c
 2.54987432238611 -2.51552912074079  -3.11123582643406  o
-1.33459852618687 -3.62494253961154   0.82329186917327  c
 6.45643288953574  1.59850306472929   1.64940224718943  c
-4.52113582276200  1.02451749352920  -0.11882331882677  c
-4.93311647629922  1.99713018144920  -2.42844993668554  c
-2.45682719493798  0.79003624371147   3.29796227479070  h
 0.54291066892629 -5.60908464128890   0.54945905600867  o
-6.69696388111960 -0.14508443441692   1.34374627029794  c
-2.14447351449493  5.24680481154612   1.18366074248974  h
 0.38925123333065  4.02432096610650   2.95403764035083  h
 0.10972700461891  4.58046011390292  -2.80360216886112  h
 2.35707986662456  5.80873456533116  -0.66492845635693  h
 4.15178321768796  2.14942543932002  -3.05042658500598  h
-0.41534611166684  0.00904523051953  -3.43757302854446  h
 3.20324316604475 -2.62207493202857   2.69743473235680  h
 1.79721051586088 -0.01026074161781   4.21849940109345  h
 2.22003834353340 -4.03396648528177  -2.04741708217315  h
-2.80436688865277 -3.82540733789865  -0.64259715582392  h
-2.25123457643407 -3.80098931601948   2.69082271713056  h
 7.27158515831125  0.92192625518724   3.42401881937083  h
 7.65823964680149  2.81238796589369   0.48829067633615  h
-6.80709620837637  1.91216286984642  -3.29081472136085  h
-3.47521352004618  2.92905394728763  -3.54440535000587  h
-0.32135938921532 -7.16557496672962   0.04769513230370  h
-8.46912062407619 -0.07964975317517   0.25959521341048  h
-6.32231734075097 -2.13090652204414   1.84777731818311  h
-6.99320021546530  0.87355804095831   3.14083496774328  h
$end
