           1           2  0.956621917958707     
           2           3  0.985115813009889     
           3           4   1.00862506475390     
           4           5  0.979613084655144     
           1           6  0.970838298620212     
           5           6  0.971061276301173     
           1           7  0.981669355018997     
           5           8  0.995560565387062     
           7           8   1.00794351235666     
           6           9  0.984245801659695     
           1          10  0.985070171980062     
           8          11   1.93535300173635     
           2          12  0.996834357295405     
          12          13   1.92970234785075     
           2          14  0.963279238012494     
          10          15  0.977339990612838     
          12          16   1.02354105401996     
           3          17  0.976135784499188     
           3          18  0.976752718916496     
           4          19  0.970113233352635     
           4          20  0.975517918729576     
           5          21  0.963358314769718     
           6          22  0.955135882072201     
           7          23  0.954608444318348     
           7          24  0.964272716933858     
           9          25  0.849616684092002     
          10          26  0.971173763811509     
          10          27  0.968130718928972     
          11          28  0.975259715534219     
          11          29  0.975169926095049     
          13          30  0.973967653565021     
          13          31  0.966464306485740     
          15          32  0.886870329985245     
          16          33  0.984069506892023     
          16          34  0.971622211232703     
          16          35  0.968635332652742     
