$coord
-0.09752879254693 -1.34141165168707  -0.43860960132076  c
 0.82311785488364  1.38386591378871  -1.14827736238047  c
 0.08544235577105  3.31609417699265   0.87671276832312  c
-2.73176130897572  3.17346681043535   1.51228613168501  c
-3.65731845623056  0.41456932399307   1.64030900801830  c
-1.43498269896877 -1.37343713721118   2.15700083674202  c
-2.38931503134679 -1.97090885467175  -2.11787737397274  c
-4.50652020724897 -0.47927146102699  -0.93499450831141  c
 0.13864785901703 -0.78663485767453   4.22882005853330  o
 1.92560290627377 -3.40910627049849  -0.58807284388908  c
-6.72633676154223 -0.00434292776344  -1.96957635908089  c
 3.60025793965660  1.54355906609398  -1.82650059018272  c
 4.33602935922894  1.06861061851857  -4.17257269167804  c
-0.21416883005318  1.90608008803502  -2.86277710935801  h
 3.84574928656385 -3.17281702508355   1.21864438735657  o
 5.46138654032526  2.31061297377468   0.16121519026110  c
 1.18597600245369  2.98517100405729   2.58067333695446  h
 0.52946455658069  5.20895718432394   0.18498992346261  h
-3.06403789015611  4.11392662099653   3.31909193326033  h
-3.83761996199495  4.16781075853128   0.08174870615692  h
-5.17130616194757  0.23899405482688   3.03634290763514  h
-2.19521431134422 -3.29726915448764   2.44756456265403  h
-2.09061838037070 -1.50297538454652  -4.09911676856528  h
-2.82545476288925 -3.99019833266547  -2.01838032886504  h
-0.90633494627018 -0.53408945340288   5.69562738611500  h
 2.84716511750837 -3.39165617077045  -2.43597201222611  h
 0.97051569652774 -5.25059855030813  -0.35721766922023  h
-7.19965005914793 -0.66446650481189  -3.83495348265391  h
-8.15933366392186  1.06043695417176  -0.99291306655997  h
 6.29285010626930  1.15586471330761  -4.72286411622995  h
 3.02043731905293  0.55389808119078  -5.64050951971431  h
 3.05950862197964 -2.63349313179145   2.78003356595303  h
 5.19205691401813  4.28621868811817   0.67701474926783  h
 5.24066352987642  1.15950331463279   1.84629110041036  h
 7.37685079608305  2.07866732017294  -0.54127999151238  h
$end