   -0.07106041
   -0.06676419
   -0.05008658
   -0.03574693
   -0.05907083
    0.07091262
   -0.02432867
   -0.04576630
   -0.20581808
    0.05187808
   -0.01334636
    0.01541353
   -0.06733653
    0.02562472
    0.00512542
   -0.03497295
   -0.03829065
   -0.02012772
    0.28881874
   -0.02084942
   -0.05054910
   -0.72791237
    0.05463603
    0.35984290
   -0.47509520
   -0.26646887
    0.02943488
    0.05688896
    0.05584963
    0.05265779
    0.04631748
    0.03052683
    0.03396675
    0.03512229
    0.03171301
    0.16123426
    0.04149158
    0.08004133
    0.04647837
    0.05187191
    0.05438136
    0.05789484
    0.07371635
    0.07035462
    0.05421754
    0.05537104
    0.05382701
    0.07011663
    0.08846457
    0.06940010
