   -0.01075785
   -0.03338857
   -0.06174376
   -0.05819872
   -0.03789342
    0.11409020
   -0.07300948
    0.01041617
   -0.47759135
    0.08674669
   -0.11274983
    0.00792101
   -0.11184697
    0.04644742
   -0.48540094
   -0.11597959
    0.04067593
    0.04172688
    0.03864070
    0.04115087
    0.04089071
    0.04483503
    0.04508265
    0.05251041
    0.30747532
    0.01653389
    0.04466912
    0.03434688
    0.03576790
    0.03331080
    0.03651500
    0.31225343
    0.04429321
    0.05079080
    0.05146947
