           1           2  0.959319310682649     
           2           3  0.983360161773632     
           3           4   1.00896063243476     
           4           5  0.979314407314347     
           1           6  0.959170726022227     
           5           6  0.969965956672467     
           1           7  0.981277280174730     
           5           8  0.995203928809439     
           7           8   1.00535722017128     
           6           9  0.990757321210623     
           1          10  0.978814579773335     
           8          11   1.93606356251341     
           2          12  0.996914269003963     
          12          13   1.91199615794858     
           2          14  0.963050642463182     
          10          15   1.00085675561520     
          12          16   1.02216394293028     
           3          17  0.976215301434171     
           3          18  0.976461213507743     
           4          19  0.970001882774379     
           4          20  0.975340370064188     
           5          21  0.963273069774281     
           6          22  0.957265659519238     
           7          23  0.957661482468676     
           7          24  0.963322360447301     
           9          25  0.884870222460736     
          10          26  0.963639067208469     
          10          27  0.968556498954750     
          11          28  0.974991201079692     
          11          29  0.974755179634036     
          13          30  0.974067300092218     
          13          31  0.966846681947133     
          15          32  0.862922495214143     
          16          33  0.984102202809700     
          16          34  0.970351795986389     
          16          35  0.967589574126601     
