$coord
-3.21975012253980 -1.88500127856422   4.32417838308419  c
-3.97130407739824 -3.32416805038299   1.95846364809972  c
-4.98979087640006 -1.52015024623131  -0.08413778069473  c
-3.19274746915284  0.89277852366665  -0.30603527955211  c
-0.57081310288770  0.61882485072512   1.03102684488097  c
-0.93917687568358 -0.16676710678501   3.83885123346104  c
-2.65544643753810  1.49479183768796  -3.09620003972874  c
-1.09963318405803  3.89977025293125  -3.42544862014173  c
 1.39651526463949  3.80916184967199  -1.96509451150284  c
 1.04755316389785  3.14847524422021   0.87479180011152  c
 1.46878949079442 -1.23354128756514   0.00250622489642  c
 3.60528683346824  2.23675516978778   1.91876945421445  c
 3.81679093898006 -0.34623693916830   0.84200194436918  c
 6.08521449255705 -1.61422733098893   0.53853692724065  c
 6.06799619287165 -3.91417508433045  -0.71438364063593  c
 3.81114347015536 -4.77969271068496  -1.68035549409651  c
 1.53801140636713 -3.48162184907266  -1.37422711529710  c
-0.53785715722647 -4.50874181671418  -2.55531247838118  o
 8.24280785160290 -0.53456087544255   1.45789292536467  o
-5.26801268042218 -2.78111356503175  -2.42114365597459  o
-7.76689078465073 -0.93558444376915   0.56313931475374  c
-4.64124253742970  3.13971078988151   0.82994350520866  c
 2.85390747966618  6.26521753497719  -2.41872692359418  c
 0.30018588177461  5.48856435015911   2.41718229056102  c
-4.83003553623157 -0.78236681068675   4.98759868864781  h
-2.75087408782573 -3.22207217756262   5.82534062813669  h
-5.42900814844722 -4.71548200108736   2.40161260703370  h
-2.33974215921425 -4.35194093314071   1.25311504167085  h
 0.75882223044259 -1.15286687351403   4.46562006063722  h
-1.12791094413212  1.50900186156726   5.01747508408061  h
-1.61189962908650 -0.06503004798039  -3.94565713413170  h
-4.44068681080340  1.67465715157684  -4.11221727055255  h
-0.66406170827931  4.12427306560828  -5.43292550856440  h
-2.19227573581858  5.55769446756096  -2.87539422601643  h
 2.51653524990980  2.27635497960096  -2.79131342169822  h
 3.59150206750909  2.20261988176748   3.98099700085862  h
 5.19165269611968  3.41083995967010   1.33394241998112  h
 7.78845290594003 -4.98157826423089  -0.98454479122477  h
 3.78805267192441 -6.53373832448755  -2.73414261541635  h
-0.04767427355395 -6.04041243055974  -3.41413448627640  h
 9.66215928068095 -1.61341638809240   1.08288970810830  h
-3.65186908720662 -3.48737680476349  -2.87479609595033  h
-8.76127659301493 -2.73521400981612   0.56777735216448  h
-8.02293504556750 -0.04248763749961   2.38642377399642  h
-8.61442401956111  0.21210049702989  -0.91052628492816  h
-5.00670470964822  2.87821601533368   2.82873202287897  h
-3.62583521193343  4.88463006017833   0.59692795935044  h
-6.42990264847567  3.36990228801079  -0.14413036438858  h
 3.28259803006380  6.44089985523866  -4.42232907656216  h
 1.75702656813734  7.91150250895970  -1.86661876302149  h
 4.63013406831676  6.29455719716774  -1.38969360617194  h
-0.76607029105946  6.86359221838256   1.33199350744444  h
-0.77983466933036  5.01873308950219   4.09615464743007  h
 2.01997053207681  6.43328483947693   3.03767369812611  h
$end