! hf-3c
! DEFGRID2
! scfconv6
! miniprint nopop noautostart
%MaxCore 2500
%pal
    nprocs 12
end
*xyz 0 1
C   -1.7038183889  -0.9974997187   2.2882566552
C   -2.1015236144  -1.7590739767   1.0363743305
C   -2.6404836178  -0.8044288671  -0.0445237961
C   -1.6895292001   0.4724380489  -0.1619468956
C   -0.3020612856   0.3274680084   0.5455959099
C   -0.4969909994  -0.0882493524   2.0314325879
C   -1.4052017389   0.7910097752  -1.6384385007
C   -0.5819008211   2.0636695447  -1.8126693461
C    0.7390040524   2.0157216426  -1.0398832323
C    0.5543412613   1.6661013476   0.4629198847
C    0.7772499258  -0.6527619378   0.0013262371
C    1.9078356302   1.1836398617   1.0153690677
C    2.0197587828  -0.1832206977   0.4455682403
C    3.2201568315  -0.8542123164   0.2849814690
C    3.2110452997  -2.0712922532  -0.3780355423
C    2.0167702710  -2.5293044565  -0.8892058333
C    0.8138805860  -1.8423949387  -0.7272096717
O   -0.2846217502  -2.3859234182  -1.3522131297
O    4.3619060670  -0.2828774330   0.7714837117
O   -2.7877122560  -1.4717019189  -1.2812140465
C   -4.1100616010  -0.4950899663   0.2980004918
C   -2.4560397800   1.6614633981   0.4391871891
C    1.5102227996   3.3154103394  -1.2799351668
C    0.1588515276   2.9044231734   1.2791177822
H   -2.5559447325  -0.4140106866   2.6393235620
H   -1.4556998767  -1.7050471675   3.0826375048
H   -2.8729073887  -2.4953256123   1.2708786605
H   -1.2381382295  -2.3029479640   0.6631199224
H    0.4015514313  -0.6100708764   2.3631043676
H   -0.5968647673   0.7985293960   2.6551334696
H   -0.8529805496  -0.0344124194  -2.0879518365
H   -2.3499102600   0.8861904003  -2.1760916649
H   -0.3514063225   2.1824713169  -2.8749803664
H   -1.1601023589   2.9410052561  -1.5215930961
H    1.3316931041   1.2045951786  -1.4770994506
H    1.9005410462   1.1655762452   2.1066528886
H    2.7473042925   1.8049387759   0.7058919290
H    4.1214717842  -2.6361376906  -0.5209986664
H    2.0045511468  -3.4575054218  -1.4468459628
H   -0.0252281391  -3.1964486013  -1.8066821643
H    5.1129944972  -0.8537831839   0.5730405552
H   -1.9324858973  -1.8454403301  -1.5212765793
H   -4.6362679094  -1.4474129203   0.3004548355
H   -4.2455543888  -0.0224834895   1.2628410762
H   -4.5585568742   0.1122387494  -0.4818297597
H   -2.6494340329   1.5230863227   1.4969005216
H   -1.9187093638   2.5848349104   0.3158806725
H   -3.4025579484   1.7832754930  -0.0762705042
H    1.7370760693   3.4083774196  -2.3401957654
H    0.9297784184   4.1865868299  -0.9877721104
H    2.4501614313   3.3309362200  -0.7353941862
H   -0.4053869398   3.6320565853   0.7048606089
H   -0.4126707351   2.6557991774   2.1675916908
H    1.0689223718   3.4043477268   1.6074676945
*
