   -0.00984068
   -0.02546367
   -0.05835714
   -0.05785778
   -0.02833393
    0.11762837
   -0.07077987
    0.00919739
   -0.46814304
    0.07815261
   -0.11233757
    0.01467099
   -0.11536319
    0.03793098
   -0.47977899
   -0.11883480
    0.03951804
    0.03763691
    0.05567894
    0.03600465
    0.04050074
    0.00716752
    0.05421192
    0.05282127
    0.30769923
    0.04132098
    0.02373628
    0.03670025
    0.03748516
    0.02830746
    0.02041968
    0.30829108
    0.07244234
    0.03786111
    0.04970675
