$coord
 0.07987335567241 -1.49397811666590  -0.06802401671756  c
 1.27531276484467  0.82893129987595  -1.52965545674796  c
-0.72665393162882  2.96964953773422  -1.86665947643709  c
-2.40455701724596  3.44598967030229   0.47560165403033  c
-3.39577912336585  0.92771068227769   1.60772844791020  c
-1.16545376420777 -0.72633266341445   2.49375575647329  c
-2.34669640384665 -2.36211582429178  -1.52343231457358  c
-4.49366980512339 -0.73552990210273  -0.46694002098836  c
 0.34792964683227  0.54777800073251   4.32076696420633  o
 1.94023012835673 -3.70445719336389   0.27993011557882  c
-6.90874030404171 -0.77973927538152  -1.21043050207232  c
 3.85359830382778  1.80962039960996  -0.60725768858141  c
 5.99295440333734  0.86585662125076  -1.60606575199933  c
 1.64890347093529  0.09165813885016  -3.44526860694592  h
 2.59949733080804 -4.98166044561384  -2.01832531933520  o
 4.02829521497032  3.98592891144408   1.25511266624338  c
 0.21372623206057  4.73257372772181  -2.44715954462253  h
-1.96182527831808  2.45195334731454  -3.45945712145614  h
-1.37323561536715  4.49693074438447   1.94287187380650  h
-4.03055161189039  4.62291238832233  -0.07996521218269  h
-4.75999298775598  1.31226143968614   3.13125507083421  h
-1.94269810724992 -2.47588013852443   3.35100828236674  h
-2.14811453231909 -2.18084562529398  -3.58599768983232  h
-2.72437236878011 -4.37701291356716  -1.14350464501212  h
 1.70260393543999 -0.59182382925750   4.85784506000524  h
 1.02204274336216 -5.15800224926925   1.45637994789833  h
 3.65132863884900 -3.06781423653174   1.29498644680877  h
-7.55807029885195 -2.01369968055034  -2.73474014490353  h
-8.33516655309855  0.41966912618550  -0.32035612581156  h
 7.85293217321667  1.54839786485685  -1.02652716697079  h
 5.99554906670641 -0.59451705353840  -3.06741079759840  h
 3.61615422884284 -3.83807655414098  -3.05222843567777  h
 3.02767791373313  3.57196393210177   3.02058288203375  h
 6.01362390426965  4.42185096864689   1.68860572322395  h
 3.17288928334800  5.71247100426028   0.45937797485415  h
$end
