           1           2  0.956879733009803     
           2           3  0.988997129020031     
           3           4   1.00972095152726     
           4           5  0.979030592576801     
           1           6  0.957775289567339     
           5           6  0.975494617024532     
           1           7  0.980375854915661     
           5           8  0.994669619620232     
           7           8   1.00539291181907     
           6           9  0.985476956707298     
           1          10  0.979871404519434     
           8          11   1.93668025339016     
           2          12  0.997604095723927     
          12          13   1.91949620873746     
           2          14  0.956362298826634     
          10          15  0.993799251385520     
          12          16   1.02988653049704     
           3          17  0.973416449906100     
           3          18  0.975619777954227     
           4          19  0.969946097067877     
           4          20  0.976292443596233     
           5          21  0.964795983067912     
           6          22  0.959100753006884     
           7          23  0.964349454810040     
           7          24  0.958513193115340     
           9          25  0.887980584107274     
          10          26  0.969970776572049     
          10          27  0.964492007012795     
          11          28  0.974675255809801     
          11          29  0.974614569421555     
          13          30  0.975283830689872     
          13          31  0.970771903617617     
          15          32  0.880281988465455     
          16          33  0.957912166823577     
          16          34  0.983447586122212     
          16          35  0.963574459939104     
