    0.01159802
   -0.03595651
   -0.06269782
   -0.05827443
   -0.03422896
    0.11025279
   -0.06826600
    0.01637297
   -0.48899431
    0.08563313
   -0.11364441
    0.01381263
   -0.11403671
    0.05764551
   -0.47468440
   -0.11618562
    0.04101847
    0.04198355
    0.03668965
    0.04167366
    0.03424320
    0.02069823
    0.05735097
    0.05463492
    0.30865641
    0.03563072
    0.02390219
    0.03377920
    0.03290663
    0.02823958
    0.02864377
    0.30590982
    0.04773883
    0.03976398
    0.05819035
