$coord
 0.17129024109945 -1.16872551411833   0.17696321744739  c
-1.76077204462430  0.75694037786104   1.23824376255806  c
-0.59758213396911  3.42251539140719   1.40399529631921  c
 1.09218573446924  4.16741736139361  -0.81860234107878  c
 2.83519403830792  1.97631727767692  -1.54760107859352  c
 1.19881052624469 -0.26057761203551  -2.38117121919256  c
 2.57213560609813 -1.14917316588531   1.82000777259587  c
 4.14328510580416  0.97467722853553   0.77691741804124  c
 2.62366667007852 -2.21631887683724  -3.51674703440796  o
-0.96361087518183 -3.81682332831894  -0.03228448231618  c
 6.29556895729120  1.82419058972285   1.70938467693027  c
-4.29458126781883  0.69870537042188  -0.09049899227400  c
-4.83019784934383  1.85186721657807  -2.24599928556103  c
-2.13063664679073  0.13917765242904   3.17855511156720  h
-1.73078085324267 -4.67091016404597   2.38215784066731  o
-6.31474683890699 -0.70528057836705   1.32429107597571  c
-2.12008360976003  4.80071722000938   1.60200597608248  h
 0.54776471540223  3.51485635661643   3.11754640475020  h
-0.03188596137509  4.71329160914185  -2.45832615911959  h
 2.23078314257973  5.80079326037769  -0.27448490405718  h
 4.16690385760977  2.57739064872644  -3.01156997403998  h
-0.32369574812778  0.30604027901155  -3.66962266485617  h
 3.57999630369834 -2.93316745960163   1.57873460885106  h
 2.15230216671265 -0.92994004707221   3.82259285852250  h
 3.61022104179647 -1.49277301775683  -4.86460679408456  h
 0.47627896991424 -5.07241050819533  -0.83129010741607  h
-2.57898595684436 -3.76888786778033  -1.33846627560402  h
 7.11492385137486  1.03882610648328   3.39832874572040  h
 7.32605835102298  3.33993288347063   0.82377724476848  h
-6.69736248677974  1.74543317205697  -3.05436412530611  h
-3.49279222447964  2.96233060965577  -3.29472707298285  h
-2.14237866850805 -6.43725745272938   2.26333578081257  h
-6.92472119398422  0.42359408319227   2.93769357042369  h
-7.95017500049441 -1.06936812714123   0.13507519855116  h
-5.58736455384476 -2.48064742629027   2.05767931298734  h
$end