           1           2  0.958101998784235     
           2           3  0.986132839957545     
           3           4   1.00844405911629     
           4           5  0.979023979652108     
           1           6  0.968431776461808     
           5           6  0.975229225325968     
           1           7  0.981604198833999     
           5           8  0.993943116309849     
           7           8   1.00911785119451     
           6           9  0.974922600722913     
           1          10  0.986604994273343     
           8          11   1.93522456809085     
           2          12  0.997173808914720     
          12          13   1.92609327577503     
           2          14  0.961334228492804     
          10          15  0.984888992712651     
          12          16   1.02501041070024     
           3          17  0.976312138149768     
           3          18  0.976954197979569     
           4          19  0.970046909482682     
           4          20  0.975798925766432     
           5          21  0.962110642946565     
           6          22  0.956106912734107     
           7          23  0.956797482851609     
           7          24  0.964205540512779     
           9          25  0.886770897576943     
          10          26  0.969012119245349     
          10          27  0.967183702522414     
          11          28  0.975192277365923     
          11          29  0.975005617093127     
          13          30  0.974539342458630     
          13          31  0.967472860934825     
          15          32  0.893270894827476     
          16          33  0.966440457237114     
          16          34  0.984200766095117     
          16          35  0.970514505004264     
