   89
   1  3
   2  2
   3  3
   4  3
   5  3
   6  3
   7  3
   8  3
   9  3
   10  3
   11  3
   12  6
   13  3
   14  3
   15  6
   16  3
   17  1
   18  3
   19  3
   20  3
   21  2
   22  1
   23  3
   24  1
   25  3
   26  3
   27  3
   28  3
   29  2
   30  2
   31  3
   32  2
   33  3
   34  3
   35  3
   36  3
   37  1
   38  3
   39  3
   40  1
   41  3
   42  2
   43  3
   44  3
   45  3
   46  3
   47  3
   48  2
   49  3
   50  2
   51  3
   52  3
   53  3
   54  2
   55  2
   56  3
   57  2
   58  1
   59  3
   60  2
   61  3
   62  3
   63  2
   64  1
   65  2
   66  2
   67  3
   68  3
   69  3
   70  3
   71  3
   72  2
   73  1
   74  1
   75  1
   76  1
   77  3
   78  3
   79  3
   80  3
   81  2
   82  3
   83  2
   84  3
   85  2
   86  2
   87  3
   88  1
   89  3
