   42
          2          1          2
          1          3          3
          3          4          6
          2          7          8
          2          9         10
          1         11         11
          1         12         12
          1         13         13
          1         14         14
          1         15         15
          1         16         16
          2         17         18
          2         19         20
          2         21         22
          2         23         24
          1         25         25
          2         26         27
          2         28         29
          1         30         30
          2         31         32
          2         33         34
          2         35         36
          1         37         37
          1         38         38
          2         39         40
          2         41         42
          2         43         44
          1         45         45
          1         46         46
          1         47         47
          1         48         48
          2         49         50
          1         51         51
          1         52         52
          1         53         53
          1         54         54
          2         55         56
          1         57         57
          1         58         58
          1         59         59
          1         60         60
          1         61         61
