           2           1  0.961181065274020     
           3           2  0.984314365080582     
           4           1  2.941058916836893E-003
           4           2  2.022082315096734E-003
           4           3   1.00922074670788     
           5           1  5.362727559573286E-003
           5           2  2.501604086567943E-003
           5           4  0.978405180174086     
           6           1  0.964340608544194     
           6           2  2.534280189310728E-003
           6           3  2.093035306683271E-003
           6           4  3.510221801290161E-003
           6           5  0.983444485843815     
           7           1  0.984832068446908     
           7           2  2.701384398113480E-003
           7           3  2.095351808315351E-003
           7           5  5.967824743337617E-003
           7           6  4.171886068325162E-003
           8           1  3.600891992808362E-003
           8           4  4.462130556237593E-003
           8           5  0.997431915993345     
           8           6  5.086942234906350E-003
           8           7   1.00205607852173     
           9           1  2.432522033839944E-002
           9           2  1.090229413366407E-002
           9           4  1.020224882488930E-002
           9           5  7.461252001009432E-003
           9           6  0.984906108790159     
          10           1  0.993391331767580     
          10           2  2.449335915749821E-003
          10           3  9.945992337041845E-003
          10           5  8.502212823438944E-003
          10           6  2.238889456428860E-003
          10           7  5.995180391245331E-003
          10           8  7.472548104186808E-003
          10           9  3.592664337771683E-003
          11           1  7.070595940802811E-003
          11           4  2.701195287099519E-002
          11           5  6.890716496548823E-003
          11           6  1.045524712743695E-002
          11           7  8.518474291181488E-003
          11           8   1.93701537278665     
          12           1  3.591341325851180E-003
          12           2   1.00153272883166     
          12           3  2.938920332875035E-003
          12           7  9.752827939848866E-003
          13           1  2.287801595329319E-002
          13           2  5.981303008276792E-003
          13           3  1.275091799137795E-002
          13           4  6.898596282443957E-003
          13           6  4.863901430664531E-003
          13          12   1.93216942759038     
          14           2  0.970028344182551     
          14           4  8.758189564054860E-003
          14           6  7.965030490709464E-003
          14          13  7.167519190884469E-003
          15           1  7.079965544676358E-003
          15           6  3.028060370749021E-003
          15           7  1.089183346264984E-002
          15           9  3.050103624430372E-003
          15          10  0.988965168812074     
          16           1  2.092169631959736E-003
          16           2  6.009671299876980E-003
          16           3  6.405818518823824E-003
          16          10  3.958905149780989E-003
          16          12   1.02103083189503     
          16          13  9.273506048459340E-003
          17           1  8.035133214553269E-003
          17           3  0.976426862574431     
          17           5  9.968924504584441E-003
          18           3  0.977232968195108     
          18          12  7.554920601913106E-003
          19           4  0.970276122463950     
          19           8  8.971518504449471E-003
          19          18  9.225253957353892E-003
          20           2  9.823674544000859E-003
          20           4  0.975319343774055     
          20           6  9.849631023694514E-003
          21           1  7.923774661212328E-003
          21           3  9.957333951299443E-003
          21           5  0.967015905304200     
          21           7  6.230042447231076E-003
          21           9  3.016949632298105E-003
          21          11  3.095582991485251E-003
          22           6  0.961900449863491     
          22           7  7.844832380956342E-003
          22           8  7.906209421160940E-003
          22           9  1.467644768836254E-002
          22          15  3.142896047234582E-003
          23           2  7.205194155936917E-003
          23           7  0.957479113660247     
          23           9  3.605731918979577E-003
          23          11  1.728577705656564E-002
          24           5  3.960114108059533E-003
          24           6  6.885807183580394E-003
          24           7  0.965373885494506     
          24          11  1.051784258114296E-002
          24          23  2.800721047897386E-003
          25           5  8.790521504381772E-003
          25           9  0.980578476534909     
          25          15  1.869430681440920E-002
          26           6  8.981920635647633E-003
          26          10  0.970741827561595     
          26          15  1.467331839239258E-002
          27           2  8.611850150146155E-003
          27           9  4.177393737274967E-003
          27          10  0.968187840871066     
          27          15  2.016390123695724E-002
          27          26  2.518797417333471E-003
          28           5  1.758403088047662E-002
          28          11  0.975006699380628     
          29           7  1.749972319483583E-002
          29          11  0.975029264653425     
          30           2  1.675559216988129E-002
          30          13  0.973360256092714     
          31          13  0.967945613654765     
          31          16  1.735846068042004E-002
          31          19  3.226529396522775E-003
          32           1  8.794602609112507E-003
          32          15  0.984390264369370     
          33           2  9.038037563293312E-003
          33          16  0.977865307969746     
          34          13  1.862162513299000E-002
          34          15  2.754279055654609E-003
          34          16  0.968122596599757     
          35          13  1.990915043823631E-002
          35          16  0.967810403120013     
