   -0.05325263
   -0.06606768
    0.13586538
    0.00643660
    0.00975514
   -0.06022463
   -0.05773217
   -0.05957667
   -0.02107674
    0.01280343
   -0.03305919
   -0.05844020
   -0.04055506
    0.12209086
   -0.06114420
   -0.06565296
    0.13087212
   -0.28829875
   -0.40361945
   -0.11502509
   -0.11030478
   -0.10347037
   -0.10530090
    0.02754855
    0.03486427
    0.03234072
    0.03982155
    0.03146405
    0.03739305
    0.03555144
    0.02987386
    0.02936069
    0.03361623
    0.03284637
    0.03224650
    0.02588841
    0.05104373
    0.04594639
    0.29685215
    0.05080284
    0.05042370
    0.04302682
    0.03646704
    0.04371824
    0.03530864
    0.03043285
    0.03298156
    0.03616732
    0.03868254
    0.03387109
    0.03643738
