           1           2   1.00811421973477     
           2           3  0.975734306772577     
           3           4  0.947163252857122     
           4           5  0.963032391587684     
           1           6   1.00671897275965     
           5           6  0.969295259366567     
           4           7  0.987160130969390     
           7           8   1.00717096837536     
           8           9  0.998126112440655     
           5          10  0.949055379137513     
           9          10  0.972470142409811     
           5          11  0.987045736471256     
          10          12  0.974342952114353     
          11          13   1.37760940857301     
          12          13   1.00725958836544     
          13          14   1.37047608779479     
          11          15  0.100477639238014     
          14          15   1.35429530022904     
          13          16  0.100336288873487     
          15          16   1.46878141402761     
          11          17   1.36011620079123     
          16          17   1.34302072322060     
           3          18  0.941451800755904     
          17          18   1.05756092378183     
          14          19   1.05039264643246     
           3          20  0.993716344271122     
           4          21  0.998145745713541     
           9          22   1.00761704247475     
          10          23   1.00655777295805     
           1          24  0.975829055215329     
           1          25  0.975513683238982     
           2          26  0.970617706463878     
           2          27  0.974265792896111     
           6          28  0.972488083703214     
           6          29  0.970862087712455     
           7          30  0.972949996387027     
           7          31  0.971850088069091     
           8          32  0.974967297818929     
           8          33  0.972194814938945     
           9          34  0.964437635255329     
          12          35  0.960717967084417     
          12          36  0.966185074551724     
          15          37  0.968071283034526     
          16          38  0.968868380607595     
          19          39  0.891823482499584     
          20          40  0.981578025189274     
          20          41  0.983192790383959     
          20          42  0.983276834291624     
          21          43  0.977385920312317     
          21          44  0.976039347749703     
          21          45  0.982538565165195     
          22          46  0.981961719062832     
          22          47  0.985874697887794     
          22          48  0.985579548836884     
          23          49  0.982031451643643     
          23          50  0.977854545890516     
          23          51  0.981129571879149     
