   -0.07103651
   -0.06675492
   -0.04999190
   -0.03572771
   -0.05887773
    0.07101055
   -0.02428610
   -0.04579432
   -0.20614473
    0.05194955
   -0.01340532
    0.01548226
   -0.06747698
    0.02561965
    0.00513188
   -0.03496287
   -0.03829504
   -0.02014220
    0.28883299
   -0.02084508
   -0.05055726
   -0.72777704
    0.05466560
    0.35975332
   -0.47552760
   -0.26631099
    0.02950250
    0.05686939
    0.05582445
    0.05262209
    0.04630104
    0.03061856
    0.03406667
    0.03535549
    0.03174921
    0.16144136
    0.04108736
    0.08035565
    0.04622719
    0.05185577
    0.05437985
    0.05789711
    0.07374012
    0.07042496
    0.05424489
    0.05516854
    0.05378586
    0.06987739
    0.08841130
    0.06966173
