           1           2   1.00691998473798     
           3           4   1.41277535874558     
           4           5   1.46959002151573     
           5           6   1.35110977500498     
           6           7   1.32791816016583     
           3           8   1.44485058736760     
           5           8  0.102882415165103     
           7           8   1.41527934117716     
           6           9   1.12580589779806     
           1          10  0.979980081738797     
           9          10   1.01265585622493     
          10          11  0.921032755391879     
           7          12  0.987459930994135     
          11          12  0.951375939458724     
          11          13  0.981224162962071     
           2          14  0.969757801006814     
          13          14  0.967301946466317     
          12          15  0.965529633297794     
          14          15  0.977431784162263     
          14          16   1.00232283930650     
          16          17   1.93094349907190     
          17          18   1.01352769396221     
          15          19  0.899684583575895     
          18          19  0.945134823036053     
          19          20  0.945721063272725     
          12          21  0.963488446091599     
          20          21   1.00511092562591     
          19          22   1.01806755205891     
          15          23  0.961520959339616     
          11          24  0.964232652871790     
          24          25   1.69265931044632     
          24          26   1.15571331668382     
          25          26  0.168795172122308     
          26          27  0.941633609078475     
           1          28  0.973222202915802     
           1          29  0.968610001069258     
           2          30  0.974253218911489     
           2          31  0.975025090267437     
           3          32  0.971237320703481     
           4          33  0.970562829023610     
           5          34  0.967949873340182     
           8          35  0.959892430336960     
           9          36  0.939448075185210     
          10          37  0.967117530279638     
          13          38  0.957441067501724     
          13          39  0.973780932916996     
          16          40  0.964000819569145     
          17          41  0.964680316388103     
          18          42  0.956067939013410     
          18          43  0.964243149975702     
          20          44  0.971952130850223     
          20          45  0.962757925426458     
          21          46  0.974523956116460     
          21          47  0.972471736166737     
          27          48  0.976290638788120     
          27          49  0.979206505606752     
          27          50  0.976991680309671     
