$coord
-0.11023576795029 -1.30967634778247  -0.48061055686429  c
 0.82788097402252  1.41212704899721  -1.17601460087835  c
 0.04231422167944  3.35277192314016   0.82612317666987  c
-2.76500054291350  3.17091849736969   1.48191876726345  c
-3.64162782191642  0.40114356423481   1.67219926719752  c
-1.38296455108755 -1.35079276447859   2.15149609137268  c
-2.42331489290020 -1.92694682544803  -2.13362688912939  c
-4.54728447537134 -0.51072387595417  -0.87168780041750  c
 0.09941206695843 -0.67474093026025   4.23270021561225  o
 1.89576107790024 -3.38057016218635  -0.72609941745888  c
-6.81170531859480 -0.11164166333845  -1.84001278128964  c
 3.62439680966543  1.57151587753956  -1.76026666156054  c
 4.44252894304255  1.18235671091697  -4.09634617079494  c
-0.15498196510799  1.92589576317856  -2.92498660598074  h
 3.69165245537802 -3.19653891303883   1.24856374212235  o
 5.42553923130002  2.22814582227973   0.32260926520976  c
 1.12423786626556  3.05658069506072   2.54655698493479  h
 0.46003312801732  5.24464092186829   0.11268661045418  h
-3.08276466542191  4.12087619880496   3.28239366412018  h
-3.90507004975442  4.12427212225700   0.04922164744589  h
-5.09783684407809  0.21943226722288   3.11909635981906  h
-2.11032463583623 -3.28812843696907   2.45252632129945  h
-2.17352830036603 -1.39812912230905  -4.10815550266712  h
-2.82930277138044 -3.95426087312159  -2.08284805330995  h
 1.69878370227209 -1.53203733296363   4.02120003411673  h
 2.82478252437855 -3.23764683258143  -2.57263987913677  h
 0.95015567235671 -5.23139374500834  -0.61380771611224  h
-7.31862156137927 -0.77782435373371  -3.69533673062777  h
-8.24986575928429  0.89644435802400  -0.81330083084094  h
 6.41923149581426  1.27795590109364  -4.57591499288894  h
 3.17563610604531  0.75612007685176  -5.63384513823890  h
 5.07742478289669 -4.31682979980888   0.89493799081104  h
 5.07848144461364  1.06813055400544   1.98084107415139  h
 7.36505680973187  1.94634737254831  -0.29601504702304  h
 5.20111313866909  4.20290388145033   0.85894409591922  h
$end