$coord
-1.30793807810371  2.73027557473746  -0.03229565853443  c
-2.74033847406991  1.44417721491143  -2.19476208722123  c
-5.23699228731187  0.19459135942310  -1.47886406050850  c
-5.05166366861374 -1.55012573077630   0.80783286653398  c
-2.78989992488673 -3.35308412857280   0.79526669840368  c
-0.23134132032066 -2.03774410397362   1.32367299814960  c
-0.06308210676294  0.83017535211651   1.83163716002207  c
 0.90349721616820  4.24976627442564  -1.19307164815477  c
 3.15648454037761  3.87603211163054   0.55801444213013  c
 2.82297726485350  1.22390579949576   1.63025218850171  c
 1.55472330726097 -2.46518421503512  -0.61611272996281  o
 3.76451796795590 -1.05516134622094   0.00403819166229  c
-0.72797152831328  1.22198039439619   3.74470233022894  h
 3.71912948539145  1.09505300080159   3.48610420234142  h
 0.51800827505957 -2.91330278121404   3.06951882667703  h
-2.70738413373103 -4.99701382104494  -1.57718738689311  c
 5.08619850010594 -0.40770955655259  -2.47922935558566  c
 5.57366466474557 -2.69571019827909   1.58111589904004  c
-3.01446735259122  4.56744823069725   1.41441380280217  c
-3.13044979923190  2.86492213767199  -3.64571307172766  h
-1.48077497896760  0.03974656216463  -3.02026234061823  h
-6.65827984587423  1.63980208085933  -1.08897241241812  h
-5.90196045299397 -0.88464339196937  -3.10733085353031  h
-6.77510688727634 -2.68672142815806   0.90198662636221  h
-4.97018628007426 -0.43778358615762   2.54168116498644  h
-3.10274820285847 -4.64338778910930   2.38865578942752  h
 0.41550768601998  6.24048645428036  -1.39567605692032  h
 1.33649041141540  3.52736713196070  -3.07148142064188  h
 4.95643228414767  4.13910800566562  -0.39992463759362  h
 3.06608717341724  5.22542928558651   2.11710407631035  h
-4.50963619196402 -5.95993321425699  -1.80896445160213  h
-2.32321110454369 -3.88990251676516  -3.25706798090901  h
-1.22149857130392 -6.40237639279743  -1.39856585256754  h
 6.83106781719338  0.61534393173833  -2.13037374658037  h
 5.53086052438714 -2.16263808063660  -3.45060654896324  h
 3.87131778578714  0.69822934387554  -3.70316354027960  h
 7.26984745663783 -1.63132326996284   2.03878674052122  h
 4.68379084439759 -3.30208224497726   3.33143367146884  h
 6.10001505452774 -4.36934675866434   0.51176583824749  h
-4.47863165800227  3.58866014864018   2.46878657103527  h
-1.89688987613258  5.66725530130623   2.74558903710244  h
-3.92468057377313  5.86625804287680   0.10487577768085  h
$end