   -0.00709367
   -0.03338017
   -0.06075378
   -0.05877546
   -0.02801572
    0.11132952
   -0.06751947
    0.01747988
   -0.48385770
    0.08162907
   -0.11291909
    0.01156910
   -0.11586610
    0.04814195
   -0.48236928
   -0.11081410
    0.04118724
    0.04299254
    0.03768205
    0.04263583
    0.04658459
    0.02339962
    0.05591078
    0.04990654
    0.30311162
    0.04730344
    0.01661434
    0.03378855
    0.03368020
    0.03315158
    0.02652757
    0.31166642
    0.05422442
    0.04504409
    0.04580360
