$coord
 0.21378017707295 -1.22368060423489   0.17175009782626  c
-1.68803422896654  0.70095544331994   1.29431332413732  c
-0.61365692654990  3.41690852486008   1.31530071111480  c
 1.05474841611814  4.12123293128737  -0.93649450072226  c
 2.85504608538814  1.94767338505575  -1.56562058511748  c
 1.26107605816033 -0.31427605071926  -2.39473555823677  c
 2.62888532168392 -1.19737724683525   1.79524722955697  c
 4.13095203236788  1.00177861406543   0.79893804150166  c
 2.85978930249838 -2.08887137940135  -3.58156938580244  o
-0.97431468684604 -3.87035698685297  -0.00553139428717  c
 6.20040310947202  1.95446875062988   1.81363982452090  c
-4.34069423358526  0.57889525044387   0.22431037392882  c
-6.23543518346578 -0.16280226673201   1.69124058340847  c
-1.88746360342200  0.16777331867257   3.28871246589883  h
-1.95079698083174 -4.78469956480978   2.28387211586418  o
-4.86132759315714  1.38040741734726  -2.44308698623497  c
-2.18159371137380  4.75022936856511   1.47395067658423  h
 0.53386841629538  3.61980190393069   3.01717116328289  h
-0.07398562279436  4.56452969609512  -2.60579293853966  h
 2.13967077430719  5.80768516828011  -0.45297236420387  h
 4.20307758847729  2.49866305245061  -3.02383916774123  h
-0.23149984358717  0.24883635225576  -3.71374081626039  h
 3.68688621025419 -2.94228893328317   1.48660804951138  h
 2.23768761980651 -1.05174193233933   3.81127439132620  h
 1.87610446969742 -3.51706418771052  -4.12653871646366  h
 0.47757694323235 -5.23917600606752  -0.54627894336945  h
-2.45611480387525 -3.86512295117616  -1.46838435146552  h
 6.99833788686991  1.20063535293890   3.52723653846837  h
 7.18758041353353  3.51788907697483   0.96462591851546  h
-8.15372972267079 -0.23239351755964   1.01317542779511  h
-5.97772002047278 -0.69507476811842   3.64178657667439  h
-3.40024069200153 -3.77584797514273   2.73272266254451  h
-3.91893274575131  3.15262348011499  -2.87719200581650  h
-4.21366649062011 -0.04030147816267  -3.78518027819817  h
-6.88266263883249  1.63017468875461  -2.72220423962726  h
$end