           1           2  0.961334014943541     
           2           3  0.979546644339988     
           3           4   1.00849276309437     
           4           5  0.979776329703797     
           1           6  0.959956197191506     
           5           6  0.979061608747659     
           1           7  0.982502240334306     
           5           8  0.994024517190550     
           7           8   1.00780716872643     
           6           9  0.977114037640134     
           1          10  0.976417390440386     
           8          11   1.93657478128405     
           2          12  0.998579007843738     
          12          13   1.92012540119668     
           2          14  0.958804485279516     
          10          15  0.996445055090668     
          12          16   1.02665721227133     
           3          17  0.975759234583209     
           3          18  0.976927316878615     
           4          19  0.970729733642613     
           4          20  0.975457503149639     
           5          21  0.962140974361288     
           6          22  0.956636819399807     
           7          23  0.956438536436273     
           7          24  0.965731694389125     
           9          25  0.890159785684867     
          10          26  0.967978785889425     
          10          27  0.967736608105538     
          11          28  0.975196151537598     
          11          29  0.975041559008435     
          13          30  0.975098585499900     
          13          31  0.971587596808608     
          15          32  0.876349872754345     
          16          33  0.968593883273094     
          16          34  0.962482440170725     
          16          35  0.981943110891763     
