          42
   1   1
 1
   2   1
 2
   3   1
 3
   4   1
 4
   5   1
 5
   6   1
 6
   7   1
 7
   8   1
 8
   9   1
 9
   10   1
 10
   11   1
 11
   12   1
 12
   13   1
 13
   14   1
 14
   15   1
 15
   16   1
 16
   17   1
 17
   18   1
 18
   19   1
 19
   20   1
 20
   21   1
 21
   22   1
 22
   23   1
 23
   24   1
 24
   25   1
 25
   26   1
 26
   27   1
 27
   28   1
 28
   29   1
 29
   30   1
 30
   31   3
 31 32 33
   32   3
 32 31 33
   33   3
 33 31 32
   34   3
 34 35 36
   35   3
 35 34 36
   36   3
 36 34 35
   37   3
 37 38 39
   38   3
 38 37 39
   39   3
 39 37 38
   40   3
 40 41 42
   41   3
 41 40 42
   42   3
 42 40 41
           1           1
    1
           2           1
    2
           3           1
    3
           4           1
    4
           5           1
    5
           6           1
    6
           7           1
    7
           8           1
    8
           9           1
    9
          10           1
   10
          11           1
   11
          12           1
   12
          13           1
   13
          14           1
   14
          15           1
   15
          16           1
   16
          17           1
   17
          18           1
   18
          19           1
   19
          20           1
   20
          21           1
   21
          22           1
   22
          23           1
   23
          24           1
   24
          25           1
   25
          26           1
   26
          27           1
   27
          28           1
   28
          29           1
   29
          30           1
   30
          31           3
   31   32   33
          32           3
   32   31   33
          33           3
   33   31   32
          34           3
   34   35   36
          35           3
   35   34   36
          36           3
   36   34   35
          37           3
   37   38   39
          38           3
   38   37   39
          39           3
   39   37   38
          40           3
   40   41   42
          41           3
   41   40   42
          42           3
   42   40   41
