$coord
         -0.947661883446          3.153985542013          0.501458858061     c 
         -1.890542977770          2.516955369742         -2.195655365630     c 
         -4.400932794407          1.106927465670         -2.411443671046     c 
         -4.210249783009         -1.711819041313         -1.872493893045     c 
         -3.471114044826         -2.372950071018          0.843659687326     c 
         -0.639976941731         -1.895495057739          1.340568418816     c 
          0.228765285590          0.837449772128          1.955854250826     c 
          1.351053404887          5.002526738398          0.237461690647     c 
          3.742203832817          3.366868227486          0.029067412140     c 
          3.112123109016          0.785825772260          1.273713238569     c 
          0.952257101546         -2.814994635253         -0.649718418528     o 
          3.464469182050         -1.696078508736         -0.360962188905     c 
         -0.018720623952          1.193171946206          3.987286097501     h 
          4.225527688419          0.570889456214          3.013499019235     h 
         -0.119463959937         -3.072174659013          2.980687091149     h 
         -4.079299102513         -5.145366415023          1.387921098521     c 
          4.582874266388         -1.236426282562         -2.989726343094     c 
          5.143597224324         -3.569217092204          1.077281316305     c 
         -3.030098726065          4.411355690723          2.081002693524     c 
         -2.044388724089          4.306933763749         -3.229997938098     h 
         -0.419392201374          1.446484864830         -3.174030878402     h 
         -5.812011610227          1.968998895573         -1.165894821120     h 
         -5.165292754243          1.368023881831         -4.326289070865     h 
         -2.830156195087         -2.579222353201         -3.149791585883     h 
         -6.019836719530         -2.624755124016         -2.315736680727     h 
         -4.573589577504         -1.181891210514          2.146076692924     h 
          1.448357997492          6.228978571759          1.901655067740     h 
          1.119637060579          6.254281341761         -1.394407413857     h 
          4.268258724329          3.129099377781         -1.952872505875     h 
          5.369607116360          4.272151546161          0.939963554956     h 
         -3.637466913995         -5.654163721997          3.336468846964     h 
         -6.071682372535         -5.565753734954          1.064250761856     h 
         -2.971848778779         -6.373697531141          0.159364109886     h 
          3.350616488153         -0.045226855549         -4.124578432921     h 
          6.442534518229         -0.361051206732         -2.868986330192     h 
          4.785290890829         -3.023153464867         -3.990346062657     h 
          4.355196837089         -3.979867819902          2.932738497137     h 
          5.280996036208         -5.344908352445          0.047056783036     h 
          7.043213475597         -2.816517221276          1.330948464625     h 
         -4.560140326303          3.100672529470          2.495899928148     h 
         -2.288422915581          5.076648736951          3.883742586202     h 
         -3.822506446495          6.033141965137          1.089327137020     h 
$end
