           2           1  0.993134777430511     
           3           1  2.019297610722562E-003
           3           2   1.00745214893742     
           4           2  3.200149286517863E-003
           4           3   1.01125064464546     
           5           1  2.156244533054449E-003
           5           3  2.426405271912129E-003
           5           4   1.00069801912807     
           6           1  2.580990066833476E-003
           6           2  2.468511902230492E-003
           6           5  0.985545962866953     
           7           1  0.978374822065871     
           7           5  2.226807829140636E-003
           7           6  0.975512571929777     
           8           1  0.986096569081467     
           8           2  3.591210409134055E-003
           8           3  1.116203434169779E-002
           8           6  8.569651576889339E-003
           8           7  6.542791984129992E-003
           9           1  5.095519191227159E-003
           9           2  3.060584335967995E-003
           9           6  3.976632154400142E-003
           9           7  2.942030772235775E-003
           9           8   1.00886784012506     
          10           1  3.788417579001295E-003
          10           5  8.415947992106126E-003
          10           6  5.097479029911968E-003
          10           7  0.976394345276475     
          10           8  5.209795492179276E-003
          10           9  0.998041544313689     
          11           4  4.660692457099362E-003
          11           5  5.736409305939332E-003
          11           6  0.965332796137734     
          11           7  2.259778163050477E-002
          11           9  2.207691795483999E-003
          11          10  1.939926509964195E-002
          12           5  1.219709033729529E-002
          12           6  5.750976276448385E-003
          12           7  3.986429482922819E-003
          12           8  6.870239821379786E-003
          12          10  0.969519202768521     
          12          11  0.957756095307952     
          13           2  7.417311720858556E-003
          13           7  0.975066816312155     
          13          11  7.173260836946636E-003
          13          12  4.477478517550616E-003
          14           1  4.219522147658984E-003
          14          10  0.977909963394879     
          14          11  3.614520452581768E-003
          15           1  8.791119382784970E-003
          15           4  8.747490452153891E-003
          15           6  0.963281753997774     
          15          11  1.968670245301583E-002
          16           3  1.114950244105947E-002
          16           4  3.799848398588023E-003
          16           5   1.01175490481593     
          16           6  3.651584353433086E-003
          16           7  1.052977919287097E-002
          17           2  2.088837863717434E-003
          17           6  1.002895933768634E-002
          17           7  4.678861045992405E-003
          17           9  7.938978106594935E-003
          17          11  8.522107531786042E-003
          17          12   1.00415116663652     
          18           6  3.455906983348701E-003
          18           9  5.994080154204292E-003
          18          10  3.995274236116005E-003
          18          11  2.162899996457354E-002
          18          12  0.995972588489607     
          18          17  4.238093921344603E-003
          19           1   1.00858314522044     
          19           2  2.321624324736698E-003
          19           3  5.771160214263544E-003
          19           5  3.874411577417232E-003
          19           7  3.171248291172614E-003
          19           8  3.529439375522540E-003
          19           9  8.983354722488127E-003
          19          10  7.895873746302524E-003
          20           2  0.974436120611041     
          20           4  1.026694175666275E-002
          20           7  8.979926022327989E-003
          21           2  0.969539893452517     
          21          11  9.146321002201845E-003
          21          19  9.090755755014168E-003
          22           3  0.972125565375833     
          22          21  9.070299597296532E-003
          23           1  1.046382981103202E-002
          23           3  0.977585991301195     
          23           5  1.115091852310537E-002
          23          22  2.507434432384492E-003
          24           4  0.971231761697342     
          24          11  1.565193219468237E-002
          24          22  9.543315894430630E-003
          25           2  1.119564256174833E-002
          25           4  0.975450668313647     
          25           6  9.486806284360327E-003
          26           5  0.968503545426464     
          26          11  8.453231767468500E-003
          26          24  8.561888411086627E-003
          27           2  7.911252150855523E-003
          27           8  0.974996241552584     
          28           7  7.646328291087552E-003
          28           8  0.975724872641297     
          28          10  9.312633408226441E-003
          28          27  2.092537472992244E-003
          29           9  0.971097191825302     
          29          14  5.763784224571836E-003
          29          27  8.986901118084039E-003
          30           1  9.158014306795975E-003
          30           7  6.000879952371076E-003
          30           9  0.979209963518389     
          30          29  2.539848712373711E-003
          31           4  9.650223077792317E-003
          31          16  0.981152481456751     
          32           6  9.796129331807060E-003
          32          16  0.980928722083009     
          33          11  2.356723553337418E-003
          33          16  0.981353507734176     
          33          26  9.954818382825871E-003
          34          11  9.364252864634236E-003
          34          17  0.979693765512845     
          35          10  1.009629557794991E-002
          35          17  0.977233864844250     
          36          11  5.863899317944868E-003
          36          17  0.975135128150108     
          36          18  9.213101261581111E-003
          37          10  9.451085053057943E-003
          37          11  4.615535181443855E-003
          37          18  0.978421993921395     
          38          11  1.014579748085090E-002
          38          18  0.979667295753221     
          39          17  9.162163064805006E-003
          39          18  0.978378545207060     
          40           8  1.045575507132688E-002
          40          19  0.975281801732050     
          41           2  9.207175354457668E-003
          41          19  0.978170241056762     
          42           7  1.007532434563839E-002
          42          19  0.980350317073072     
