    0.01546080
   -0.06605332
   -0.05735610
   -0.06577695
   -0.02103459
    0.11238033
   -0.02657103
   -0.06282319
   -0.06149237
   -0.03202688
   -0.34247303
    0.14174712
    0.02556272
    0.02626084
    0.02191311
   -0.10613727
   -0.11404254
   -0.11308263
   -0.10817248
    0.03524893
    0.03103431
    0.03023588
    0.03302473
    0.03575616
    0.03279868
    0.03689732
    0.03143912
    0.03010652
    0.03869745
    0.02622326
    0.03246378
    0.05056889
    0.03214492
    0.03431712
    0.04857918
    0.03947938
    0.04525768
    0.03625606
    0.04774061
    0.03099938
    0.04039178
    0.03405633
