$coord
 1.91171316149301  2.88026129539899  -0.33976320762634  c
 4.71375564197442  2.14780307500577  -0.09316420134113  c
 5.37584304697888 -0.49073429517346   0.88020519498612  c
 4.59987933421789 -2.59005511133910  -0.95641213490506  c
 1.95852792373237 -3.68574930150629  -0.47957306490710  c
 0.10993904447688 -1.65366950778557   0.41049789979611  c
 0.09555105601766  0.78154001714543  -1.16103679525826  c
 0.73105250263932  3.78087535339402   2.15677302628917  c
-2.14076508900617  3.42059648753241   1.85917803556648  c
-2.54959413802377  1.78840798359734  -0.52348474143334  c
-2.38943097757192 -2.62127716128165   0.27790301119318  o
-4.14366506566627 -0.64343888877772  -0.27413698544638  c
 0.29840077277718  0.31095474518198  -3.16014901810057  h
-3.32972708852878  2.94619519730649  -2.03957002425234  h
 0.50665336619569 -1.19887316972089   2.39704900971449  h
 2.03791715526562 -5.82106077395111   1.46104740701342  c
-5.40751616755560 -1.24253142584788  -2.81745835220739  c
-6.17481094426360 -0.57213616156423   1.78536504095444  c
 1.77581640564264  5.04727852701427  -2.26646614861110  c
 5.59101102304467  2.34190428652610  -1.95386595312922  h
 5.60549650795490  3.54690237004646   1.13986206763570  h
 7.42888537985724 -0.54226618326341   1.10699505966690  h
 4.56206354057352 -0.81926548395970   2.74212526794715  h
 5.95617465141661 -4.14069633823749  -0.83658317416861  h
 4.70644656965987 -1.84173596755241  -2.87616954001660  h
 1.21870015393042 -4.45863142955971  -2.25097979217934  h
 1.21676644424042  5.74559211129000   2.53875225163048  h
 1.44689804164200  2.65378006173389   3.72583883667947  h
-2.91860715495388  2.52240865514595   3.53435263497456  h
-3.08972390483310  5.23597041242933   1.64247837222533  h
 2.90062017193935 -5.17520948121067   3.21236427991242  h
 0.12620575140687 -6.45246502788139   1.86389383653009  h
 3.12649274390568 -7.41101376726829   0.74498410088534  h
-6.91255611814535  0.10068775398045  -3.20477540756678  h
-6.19743824710009 -3.13712701497127  -2.75165506590201  h
-4.02988242464179 -1.17070779184845  -4.33955663981164  h
-5.32401683291106 -0.66524326086206   3.65107672201866  h
-7.29607359982799  1.14126415087935   1.62748656392361  h
-7.40586250367447 -2.20315553616507   1.57991570071859  h
 2.25798508705080  4.37693575119657  -4.15000044809091  h
-0.10313431115240  5.86862711107309  -2.33347785108994  h
 3.10552923021627  6.52901759738587  -1.75056513172047  h
$end