           1           2  0.985361746902681     
           2           3   1.00829248287200     
           3           4   1.00619590730073     
           4           5  0.994176628535671     
           5           6  0.981284260570259     
           1           7  0.978143821687560     
           6           7  0.975168442750971     
           1           8  0.984885479150910     
           8           9   1.00222903899368     
           7          10  0.981330188474856     
           9          10  0.991476199271531     
           6          11  0.967075171419145     
          10          12  0.968459502301471     
          11          12  0.955279006627606     
           7          13  0.967077323054542     
          10          14  0.971154724939253     
           6          15  0.953595063236340     
           5          16   1.00870530288235     
          12          17  0.989346053296534     
          12          18  0.992264086943380     
           1          19  0.995388585619517     
           2          20  0.974071404667134     
           2          21  0.975355417709716     
           3          22  0.977501892711999     
           3          23  0.972719794856257     
           4          24  0.976994987539148     
           4          25  0.976902052891000     
           5          26  0.967735750814982     
           8          27  0.979522973211652     
           8          28  0.976659994821104     
           9          29  0.975534040565218     
           9          30  0.984021535142902     
          16          31  0.986007883393112     
          16          32  0.984798509841553     
          16          33  0.986787360761139     
          17          34  0.986259422921934     
          17          35  0.984409208451444     
          17          36  0.985389941428078     
          18          37  0.981055614132123     
          18          38  0.986015454017333     
          18          39  0.983523040806956     
          19          40  0.985570290232887     
          19          41  0.983903163151984     
          19          42  0.985839371419337     
