$coord
-2.52009197477516 -2.80675629354972   3.79206977576879  c
-5.15725506343576 -2.45345573672287   2.60426588719747  c
-5.14516818718081 -1.29165677299440  -0.09934174751587  c
-3.17245587684882  0.95198949793663  -0.35268562062380  c
-0.53772683256519  0.55787599757021   1.01886078791347  c
-1.05583592874740 -0.28619843737467   3.78243098737380  c
-2.63279314946008  1.53864095278748  -3.16380797212916  c
-1.15138283133250  4.03571265873028  -3.40123716627850  c
 1.33825972698463  3.97592485146821  -1.87771857078556  c
 1.05165566023913  3.11837825169177   0.93434884159132  c
 1.54070243056550 -1.35229374525068   0.00682279727687  c
 3.69265979374525  2.23395792572701   1.78771233004030  c
 3.91986205065871 -0.33415637883201   0.60025292994296  c
 6.19636409598907 -1.51523874036270   0.16906714694466  c
 6.18271093586299 -3.90665309976955  -0.96192331577386  c
 3.90346439285314 -4.98258983666750  -1.51858376614675  c
 1.55205191231054 -3.79903623248177  -1.01801964250368  c
-0.39886944552049 -5.34991318755239  -1.58302764371051  o
 8.49687512951488 -0.46376538985163   0.78786402118194  o
-4.63485401728870 -3.27605083374111  -1.84923568407444  o
-7.91947390442344 -0.46930146389159  -0.69947734906560  c
-4.58679483983395  3.24505425779452   0.81408623776395  c
 2.66904551397610  6.56767655814346  -2.13323608956408  c
 0.31409485325393  5.33460846828172   2.71586330159459  c
-2.75120908489126 -3.46810927824295   5.71668352195576  h
-1.45949552723871 -4.23432401346325   2.78126998583386  h
-6.25236259748753 -1.21463927379445   3.80685342015794  h
-6.14773577904235 -4.24435802643043   2.50467880673303  h
 0.71636194278640 -0.51433940649181   4.77061958401127  h
-2.14556588084368  1.12494740174545   4.77293697646150  h
-1.52630456794189  0.02256417249721  -3.97816076481291  h
-4.38169816152051  1.68988484699711  -4.21151376120953  h
-0.68505601930014  4.36525339347375  -5.36716353225473  h
-2.31482573949749  5.60117069873371  -2.80076657412493  h
 2.52788638261878  2.57334689036290  -2.76658651188683  h
 3.78528330689243  2.12275569422669   3.83004791103307  h
 5.13094187705910  3.54281671628227   1.17185497180675  h
 7.94666458431504 -4.85780591805692  -1.34644273254351  h
 3.80161313224500 -6.84149535339802  -2.35160149483406  h
-2.08843860274970 -4.56096659932436  -1.55820447221993  h
 8.25191411373515  1.15645958938744   1.62440412982998  h
-4.98770565088585 -2.71832382881731  -3.56500519418037  h
-9.05027171419330 -2.17436832248931  -0.81400747150376  h
-8.70520936693001  0.71680012065381   0.76303602773985  h
-8.04136448785382  0.51788316853528  -2.48727208532378  h
-5.23785329588993  2.83395891819534   2.70196105470613  h
-3.43534537609830  4.89687989895597   0.88390266661594  h
-6.19943890406343  3.70165472488385  -0.34268635101336  h
 4.41904063442614  6.62950585137710  -1.07933970431119  h
 3.09813795577621  6.92636066217914  -4.10312253492216  h
 1.46176454289412  8.07566537297805  -1.46469025209549  h
 2.02981645037584  6.25876844759243   3.33601497337115  h
-0.81990574298117  6.76026551542898   1.80485930644756  h
-0.67207393512551  4.67517675605845   4.37714017145989  h
$end
