   -0.00055938
   -0.02754168
   -0.05929771
   -0.05757235
   -0.02855147
    0.11764557
   -0.07126743
    0.00992754
   -0.46741406
    0.08595410
   -0.11284285
    0.01411290
   -0.11649855
    0.05096278
   -0.47149234
   -0.11743524
    0.03931855
    0.03682267
    0.05514426
    0.03531101
    0.04022733
    0.00353753
    0.05906767
    0.04957400
    0.30757393
    0.01647617
    0.02127248
    0.03633714
    0.03707637
    0.02406833
    0.02958201
    0.30702933
    0.06913238
    0.03670101
    0.04761800
