           1           2  0.956458911770580     
           2           3  0.991293218919072     
           3           4   1.00933104341414     
           4           5  0.978708742887924     
           1           6  0.958940299740613     
           5           6  0.975012007995077     
           1           7  0.980325450227291     
           5           8  0.995036628355856     
           7           8   1.00600306041492     
           6           9  0.987477374831939     
           1          10  0.986898853569566     
           8          11   1.93580330344735     
           2          12  0.996895192720205     
          12          13   1.92166342747356     
           2          14  0.957481140423842     
          10          15  0.990307561814174     
          12          16   1.02892794639446     
           3          17  0.973084805300214     
           3          18  0.975537077802907     
           4          19  0.969601457299864     
           4          20  0.976481407343027     
           5          21  0.964936549032594     
           6          22  0.957816395239004     
           7          23  0.963608462936834     
           7          24  0.958747171489921     
           9          25  0.886686536460616     
          10          26  0.967085609424267     
          10          27  0.964215998941558     
          11          28  0.974748740694080     
          11          29  0.974643706403992     
          13          30  0.975793783324658     
          13          31  0.974611571906965     
          15          32  0.891811645057371     
          16          33  0.959131384612306     
          16          34  0.983658909013864     
          16          35  0.964843380057202     
