$coord
-0.13373260833530 -1.52220402037303  -0.63015047405269  c
 1.03637976222480  0.99436489302452  -1.75136310758263  c
-0.85232155019984  3.24651768061696  -1.46800232024858  c
-2.31949581772735  3.29409449978571   1.05575155077855  c
-3.37393899528188  0.63976577176554   1.72333417711297  c
-1.18148084788490 -1.23962088124837   2.10839431138494  c
-2.67949688896968 -2.03554562788340  -2.04609836004611  c
-4.67199838290181 -0.53488343427809  -0.56718992236354  c
 0.54556506998576 -0.47512884589025   4.02004772838450  o
 1.67777620995169 -3.79147086243190  -0.84788284423507  c
-7.11393642367847 -0.30926760391469  -1.17545746068459  c
 3.75142249631655  1.68808663609622  -0.97741763509351  c
 5.69577669129130  0.93098302424133  -2.44021426595513  c
 1.17337083662581  0.59620808519787  -3.79362778396855  h
 3.69185171166944 -3.75716662863538   0.99226421933666  o
 4.24610656912044  3.37243823253892   1.28919179091156  c
 0.14155667354960  5.05155640280888  -1.75835318729590  h
-2.23443275920594  3.11800105814967  -3.01906672075815  h
-1.11696853245859  3.95888113787449   2.61679228711397  h
-3.90302070594052  4.63805438136067   0.89554494719294  h
-4.63211985118577  0.75835937229201   3.37637530284943  h
-2.00590231492565 -3.09910168991515   2.63236309170610  h
-2.60452851365497 -1.50193769049996  -4.05594977141323  h
-3.13560944003152 -4.07031408103796  -1.98570558978180  h
 2.01169114400580 -1.60385366562891   3.82650986527003  h
 2.44942034310366 -3.93524289384573  -2.78457714163653  h
 0.61751546456471 -5.54261583855073  -0.46950300256193  h
-7.90106884137927 -1.19453642198057  -2.86760589277955  h
-8.42747779867136  0.76296082537395   0.00313657563093  h
 7.64822455506092  1.43193354356403  -1.99243447194903  h
 5.40480926660719 -0.17713166805899  -4.15883480683293  h
 4.91165139397034 -2.47756230837239   0.42637442080782  h
 3.35680908492121  2.62557263195814   3.00512059606325  h
 6.28652593137778  3.59273878578687   1.61727089720989  h
 3.45501347663780  5.27471368279350   0.97487055423399  h
$end
