*************************************************
******************* ORCA 6.1.1 ******************
*************************************************
$Calculation_Status
   &GeometryIndex 1
   &version [&Type "String"] "6.1.1"
   &progName [&Type "String"] "LeanSCF"
   &Status [&Type "String"] "NORMAL TERMINATION"
$End
$Geometry
   &GeometryIndex 1
   &NAtoms [&Type "Integer"] 35
   &NCorelessECP [&Type "Integer"] 0
   &NGhostAtoms [&Type "Integer"] 0
   &CartesianCoordinates [&Type "Coordinates", &Dim(35,4), &Units "Bohr"] 
              C     -0.133732609020   -1.522204027244   -0.630150476948
              C      1.036379766925    0.994364897518   -1.751363115349
              C     -0.852321553963    3.246517695120   -1.468002326849
              C     -2.319495828143    3.294094514577    1.055751555504
              C     -3.373939010404    0.639765774659    1.723334184837
              C     -1.181480853094   -1.239620886749    2.108394320844
              C     -2.679496900963   -2.035545637085   -2.046098369161
              C     -4.671998403791   -0.534883436702   -0.567189924835
              O      0.545565072478   -0.475128848062    4.020047746452
              C      1.677776217446   -3.791470879378   -0.847882848057
              C     -7.113936455604   -0.309267605318   -1.175457465937
              C      3.751422513032    1.688086643735   -0.977417639474
              C      5.695776716807    0.930983028318   -2.440214276893
              H      1.173370841867    0.596208087861   -3.793627800882
              O      3.691851728226   -3.757166645531    0.992264223712
              C      4.246106588223    3.372438247734    1.289191796623
              H      0.141556674258    5.051556425470   -1.758353195122
              H     -2.234432769126    3.118001072081   -3.019066734247
              H     -1.116968537437    3.958881155578    2.616792298838
              H     -3.903020723502    4.638054402201    0.895544951232
              H     -4.632119871857    0.758359375660    3.376375317901
              H     -2.005902323930   -3.099101703886    2.632363103421
              H     -2.604528525383   -1.501937697304   -4.055949789665
              H     -3.135609454025   -4.070314099353   -1.985705598651
              H      2.011691152988   -1.603853672811    3.826509882399
              H      2.449420354032   -3.935242911519   -2.784577154095
              H      0.617515467361   -5.542615863450   -0.469503004671
              H     -7.901068876779   -1.194536427279   -2.867605905543
              H     -8.427477836445    0.762960828750    0.003136575563
              H      7.648224589268    1.431933549886   -1.992434480856
              H      5.404809290801   -0.177131668805   -4.158834825426
              H      4.911651415884   -2.477562319458    0.426374422710
              H      3.356809099936    2.625572643734    3.005120609613
              H      6.286525959588    3.592738801823    1.617270904485
              H      3.455013492122    5.274713706335    0.974870558687
$End
$SCF_Energy
   &GeometryIndex 1
   &Method [&Type "String"] "SCF"
   &totalEnergy [&Type "ArrayOfDoubles", &Dim (1,1)] "Total energy of each state"
                                                         0

0                                     -6.5777218592422696e+02
   &Mult [&Type "ArrayOfIntegers", &Dim (1,1)] "Multiplicity of each state"
                                                         0

0                                                        1
$End
$DFT_Energy
   &GeometryIndex 1
   &nAlphaEl [&Type "Integer"] 57
   &nBetaEl [&Type "Integer"] 57
   &nTotalEl [&Type "Integer"] 114
   &finalEn [&Type "Double"]      -6.5777218592422696e+02  "No Van der Waals correction"
   &eExchange [&Type "Double"]      -9.1088118146928423e+01
   &eCorr [&Type "Double"]      -4.0436274907789063e+00
   &eXC [&Type "Double"]      -9.5131745637707326e+01
   &eCNL [&Type "Double"]       0.0000000000000000e+00
$End
$Solvation_Details
   &GeometryIndex 1
   &Solvent [&Type "String"] "CHLOROFORM"
   &Epsilon [&Type "Double"]       4.8029999999999999e+00
   &Refrac [&Type "Double"]       1.4459000000000000e+00
   &RSolv [&Type "Double"]       1.3000000000000000e+00
   &SurfaceType [&Type "String"] "GAUSSIAN VDW"
   &CPCMDielEnergy [&Type "Double"]      -9.1673820000000000e-03
   &NPoints [&Type "Integer"] 2568
   &SurfaceArea [&Type "Double"]       8.9298659155300004e+02
$End
$SCF_Timings
   &GeometryIndex 1
   &TOTAL [&Type "Double"]       1.4677733000000000e+01
   &PREP [&Type "Double"]       4.8789299999999997e-01
   &FOCK [&Type "Double"]       1.0900050999999999e+01
   &DENS [&Type "Double"]       3.1105799999999739e-01
   &ETOT [&Type "Double"]       1.0268600000000094e-01
   &POP [&Type "Double"]       9.9999999925159955e-07
   &TRAFO [&Type "Double"]       3.6364499999999866e-01
   &DIIS [&Type "Double"]       1.5148059999999979e+00
   &SOSCF [&Type "Double"]       6.9771399999999928e-01
   &XC [&Type "Double"]       3.9679679999999973e+00
   &FOCKSTART [&Type "Double"]       4.6259000000002160e-02
   &SOLV [&Type "Double"]       4.2551749999999977e+00
   &SOLV_INIT [&Type "Double"]       2.6229100000000000e-01
   &INT_BF [&Type "Double"]       1.1284450000000212e+00
   &INT_DENS [&Type "Double"]       1.0312409999999457e+00
   &INT_DENSIO [&Type "Double"]       1.9845979801000012e+04
   &INT_FUNC [&Type "Double"]       3.4753599999995832e-01
   &INT_POT [&Type "Double"]       9.3393100000001628e-01
   &INT_POTIO [&Type "Double"]       1.4758999999991973e-02
   &INT_SUM [&Type "Double"]       6.6650000000003651e-03
   &SPLITRIJ [&Type "Double"]       3.1684920000000032e+00
$End
$Single_Point_Data
   &GeometryIndex 1
   &FinalEnergy [&Type "Double"]      -6.5777218592422696e+02  "Final single point energy"
   &Converged [&Type "Boolean"] true
$End
$Calculation_Info
   &GeometryIndex 1
   &Mult [&Type "Integer"] 1
   &Charge [&Type "Integer"] 0
   &NumOfAtoms [&Type "Integer"] 35
   &NumOfElectrons [&Type "Integer"] 114
   &NumOfBasisFuncts [&Type "Integer"] 605
   &NumOfAuxCBasisFuncts [&Type "Integer"] 0
   &NumOfAuxJBasisFuncts [&Type "Integer"] 955
   &NumOfAuxJKBasisFuncts [&Type "Integer"] 0
   &NumOfCABSBasisFuncts [&Type "Integer"] 0
$End
$SCF_Dipole_Moment
   &GeometryIndex 1
   &dipoleMagnitude [&Type "Double", &Units "a.u."]       1.0616020423407908e+00
   &dipoleElecContrib [&Type "ArrayOfDoubles", &Dim (3,1)] "Electronic contribution"
                                                         0

0                                     -7.6597706162297363e-01
1                                     -4.0701007044938002e+00
2                                      2.8197263569407705e+00
   &dipoleNucContrib [&Type "ArrayOfDoubles", &Dim (3,1)] "Nuclear contribution"
                                                         0

0                                      8.6108592626453317e-01
1                                      4.1647863982503219e+00
2                                     -3.8728112630934404e+00
   &dipoleTotal [&Type "ArrayOfDoubles", &Dim (3,1)] "Total"
                                                         0

0                                      9.5108864641559543e-02
1                                      9.4685693756521694e-02
2                                     -1.0530849061526699e+00
   &doAtomicDipole [&Type "Boolean"] false
   &Method [&Type "String"] "SCF"
   &Level [&Type "String"] "Relaxed density"
   &Mult [&Type "Integer"] 1
   &State [&Type "Integer"] -1
   &Irrep [&Type "Integer"] 0
$End
$SCF_Spin_Spin_Coupling
   &GeometryIndex 1
   &numOfNucPairs [&Type "Integer"] 187 "Number of nuclei pairs to calculate"
   &numOfNucPairsDSO [&Type "Integer"] 0 "number of nuclear pairs to calculate DSO"
   &numOfNucPairsPSO [&Type "Integer"] 0 "number of nuclear pairs to calculate PSO"
   &numOfNucPairsFC [&Type "Integer"] 187 "number of nuclear pairs to calculate FC"
   &numOfNucPairsSD [&Type "Integer"] 0 "number of nuclear pairs to calculate SD"
   &numOfNucPairsSD_FC [&Type "Integer"] 0 "number of nuclear pairs to calculate SD/FC"
   &pairsInfo [&Type "ArrayOfIntegers", &Dim (187,4)] "Pairs Info: Col1->Index of A. Col2->Atom. Num. of A.  Col3->Index of B. Col4->Atom. Num. of B."
                                                         0                           1                           2                           3

0                                                       13                           1                          16                           1
1                                                       13                           1                          17                           1
2                                                       13                           1                          18                           1
3                                                       13                           1                          19                           1
4                                                       13                           1                          20                           1
5                                                       13                           1                          21                           1
6                                                       13                           1                          22                           1
7                                                       13                           1                          23                           1
8                                                       13                           1                          24                           1
9                                                       13                           1                          25                           1
10                                                      13                           1                          26                           1
11                                                      13                           1                          27                           1
12                                                      13                           1                          28                           1
13                                                      13                           1                          29                           1
14                                                      13                           1                          30                           1
15                                                      13                           1                          31                           1
16                                                      13                           1                          32                           1
17                                                      13                           1                          33                           1
18                                                      13                           1                          34                           1
19                                                      16                           1                          17                           1
20                                                      16                           1                          18                           1
21                                                      16                           1                          19                           1
22                                                      16                           1                          20                           1
23                                                      16                           1                          21                           1
24                                                      16                           1                          22                           1
25                                                      16                           1                          23                           1
26                                                      16                           1                          24                           1
27                                                      16                           1                          25                           1
28                                                      16                           1                          26                           1
29                                                      16                           1                          27                           1
30                                                      16                           1                          28                           1
31                                                      16                           1                          29                           1
32                                                      16                           1                          30                           1
33                                                      16                           1                          31                           1
34                                                      16                           1                          32                           1
35                                                      16                           1                          33                           1
36                                                      16                           1                          34                           1
37                                                      17                           1                          18                           1
38                                                      17                           1                          19                           1
39                                                      17                           1                          20                           1
40                                                      17                           1                          21                           1
41                                                      17                           1                          22                           1
42                                                      17                           1                          23                           1
43                                                      17                           1                          24                           1
44                                                      17                           1                          25                           1
45                                                      17                           1                          26                           1
46                                                      17                           1                          27                           1
47                                                      17                           1                          28                           1
48                                                      17                           1                          29                           1
49                                                      17                           1                          30                           1
50                                                      17                           1                          31                           1
51                                                      17                           1                          32                           1
52                                                      17                           1                          33                           1
53                                                      17                           1                          34                           1
54                                                      18                           1                          19                           1
55                                                      18                           1                          20                           1
56                                                      18                           1                          21                           1
57                                                      18                           1                          22                           1
58                                                      18                           1                          23                           1
59                                                      18                           1                          24                           1
60                                                      18                           1                          25                           1
61                                                      18                           1                          26                           1
62                                                      18                           1                          27                           1
63                                                      18                           1                          28                           1
64                                                      18                           1                          29                           1
65                                                      18                           1                          30                           1
66                                                      18                           1                          31                           1
67                                                      18                           1                          32                           1
68                                                      18                           1                          33                           1
69                                                      18                           1                          34                           1
70                                                      19                           1                          20                           1
71                                                      19                           1                          21                           1
72                                                      19                           1                          22                           1
73                                                      19                           1                          23                           1
74                                                      19                           1                          24                           1
75                                                      19                           1                          25                           1
76                                                      19                           1                          26                           1
77                                                      19                           1                          27                           1
78                                                      19                           1                          28                           1
79                                                      19                           1                          29                           1
80                                                      19                           1                          30                           1
81                                                      19                           1                          31                           1
82                                                      19                           1                          32                           1
83                                                      19                           1                          33                           1
84                                                      19                           1                          34                           1
85                                                      20                           1                          21                           1
86                                                      20                           1                          22                           1
87                                                      20                           1                          23                           1
88                                                      20                           1                          24                           1
89                                                      20                           1                          25                           1
90                                                      20                           1                          26                           1
91                                                      20                           1                          27                           1
92                                                      20                           1                          28                           1
93                                                      20                           1                          29                           1
94                                                      20                           1                          30                           1
95                                                      20                           1                          31                           1
96                                                      20                           1                          32                           1
97                                                      20                           1                          33                           1
98                                                      20                           1                          34                           1
99                                                      21                           1                          22                           1
100                                                     21                           1                          23                           1
101                                                     21                           1                          24                           1
102                                                     21                           1                          25                           1
103                                                     21                           1                          26                           1
104                                                     21                           1                          27                           1
105                                                     21                           1                          28                           1
106                                                     21                           1                          29                           1
107                                                     21                           1                          30                           1
108                                                     21                           1                          31                           1
109                                                     21                           1                          32                           1
110                                                     21                           1                          33                           1
111                                                     21                           1                          34                           1
112                                                     22                           1                          23                           1
113                                                     22                           1                          24                           1
114                                                     22                           1                          25                           1
115                                                     22                           1                          26                           1
116                                                     22                           1                          27                           1
117                                                     22                           1                          28                           1
118                                                     22                           1                          29                           1
119                                                     22                           1                          30                           1
120                                                     22                           1                          31                           1
121                                                     22                           1                          32                           1
122                                                     22                           1                          33                           1
123                                                     22                           1                          34                           1
124                                                     23                           1                          24                           1
125                                                     23                           1                          25                           1
126                                                     23                           1                          26                           1
127                                                     23                           1                          27                           1
128                                                     23                           1                          28                           1
129                                                     23                           1                          29                           1
130                                                     23                           1                          30                           1
131                                                     23                           1                          31                           1
132                                                     23                           1                          32                           1
133                                                     23                           1                          33                           1
134                                                     23                           1                          34                           1
135                                                     24                           1                          25                           1
136                                                     24                           1                          26                           1
137                                                     24                           1                          27                           1
138                                                     24                           1                          28                           1
139                                                     24                           1                          29                           1
140                                                     24                           1                          30                           1
141                                                     24                           1                          31                           1
142                                                     24                           1                          32                           1
143                                                     24                           1                          33                           1
144                                                     24                           1                          34                           1
145                                                     25                           1                          26                           1
146                                                     25                           1                          27                           1
147                                                     25                           1                          28                           1
148                                                     25                           1                          29                           1
149                                                     25                           1                          30                           1
150                                                     25                           1                          31                           1
151                                                     25                           1                          32                           1
152                                                     25                           1                          33                           1
153                                                     25                           1                          34                           1
154                                                     26                           1                          27                           1
155                                                     26                           1                          28                           1
156                                                     26                           1                          29                           1
157                                                     26                           1                          30                           1
158                                                     26                           1                          31                           1
159                                                     26                           1                          32                           1
160                                                     26                           1                          33                           1
161                                                     26                           1                          34                           1
162                                                     27                           1                          28                           1
163                                                     27                           1                          30                           1
164                                                     27                           1                          31                           1
165                                                     27                           1                          32                           1
166                                                     27                           1                          34                           1
167                                                     28                           1                          30                           1
168                                                     28                           1                          31                           1
169                                                     28                           1                          32                           1
170                                                     28                           1                          33                           1
171                                                     28                           1                          34                           1
172                                                     29                           1                          30                           1
173                                                     29                           1                          31                           1
174                                                     29                           1                          32                           1
175                                                     29                           1                          33                           1
176                                                     29                           1                          34                           1
177                                                     30                           1                          31                           1
178                                                     30                           1                          32                           1
179                                                     30                           1                          33                           1
180                                                     30                           1                          34                           1
181                                                     31                           1                          32                           1
182                                                     31                           1                          33                           1
183                                                     31                           1                          34                           1
184                                                     32                           1                          33                           1
185                                                     32                           1                          34                           1
186                                                     33                           1                          34                           1
   &pairsDistances [&Type "ArrayOfDoubles", &Dim (187,1)] "The distances of each pair"
                                                         0

0                                      2.6489065546385842e+00
1                                      2.2805333782871591e+00
2                                      4.0178007532711630e+00
3                                      4.2365457357584466e+00
4                                      4.8827591408822135e+00
5                                      4.2682152785418603e+00
6                                      2.2910105058610544e+00
7                                      3.4946665397133403e+00
8                                      4.2204843662068336e+00
9                                      2.5477854109939999e+00
10                                     3.7059009601234516e+00
11                                     4.9190640414308673e+00
12                                     5.4641107773083002e+00
13                                     3.5838412831403850e+00
14                                     2.2844587986951650e+00
15                                     3.3979286050062973e+00
16                                     3.9283595099686721e+00
17                                     4.2466718698534187e+00
18                                     3.7355894868767519e+00
19                                     1.7529557754867591e+00
20                                     2.4775285175258341e+00
21                                     2.5692502051971626e+00
22                                     4.3503698389062873e+00
23                                     5.0292217265503991e+00
24                                     3.9517960191096160e+00
25                                     5.1305641738472536e+00
26                                     4.7029113756574334e+00
27                                     4.9398609546529038e+00
28                                     5.6531423853185405e+00
29                                     5.4205918886980804e+00
30                                     5.1556975511364964e+00
31                                     4.4117807890940837e+00
32                                     4.1263377702259181e+00
33                                     4.8561767432181053e+00
34                                     3.3010618932968931e+00
35                                     3.7895751923419017e+00
36                                     2.2760346253169836e+00
37                                     3.0728164815188235e+00
38                                     2.3912096128918852e+00
39                                     3.8239595648227733e+00
40                                     4.4477101112156685e+00
41                                     2.5132258325559835e+00
42                                     3.8724720119987994e+00
43                                     4.9411494955866893e+00
44                                     4.4821564489086834e+00
45                                     5.0101700413727643e+00
46                                     3.7691270224230733e+00
47                                     3.8536940839178100e+00
48                                     5.3329856810510901e+00
49                                     4.4436705800727161e+00
50                                     5.1373245520974855e+00
51                                     4.3571342239677406e+00
52                                     5.1394997123651089e+00
53                                     3.8514774793855500e+00
54                                     1.7698628606336233e+00
55                                     2.5475689442400959e+00
56                                     3.7644391527286492e+00
57                                     4.6301906307150995e+00
58                                     5.0125645771255911e+00
59                                     3.4374508659919250e+00
60                                     5.4020444726275567e+00
61                                     5.3656611625893866e+00
62                                     5.3616999848099569e+00
63                                     4.4428405274325478e+00
64                                     5.4084666859003345e+00
65                                     5.4366181700459117e+00
66                                     4.8085291854296450e+00
67                                     2.4788547515117805e+00
68                                     3.9580486284368579e+00
69                                     2.6633096177337388e+00
70                                     2.4672451577858237e+00
71                                     4.3146339675702716e+00
72                                     4.2302045113445308e+00
73                                     4.8709089596009800e+00
74                                     4.8075330989217324e+00
75                                     5.9728668498959285e+00
76                                     5.9386946194869177e+00
77                                     4.2388649909652090e+00
78                                     3.1875385716585440e+00
79                                     6.5252271520340166e+00
80                                     6.1568687172074430e+00
81                                     5.9998187309552335e+00
82                                     4.1399627322445829e+00
83                                     5.4338134521862083e+00
84                                     3.9084777535165949e+00
85                                     2.5006396926982171e+00
86                                     4.2485886517178786e+00
87                                     3.8997000770419286e+00
88                                     3.7389617172917284e+00
89                                     5.5534733953364013e+00
90                                     4.7934149829122417e+00
91                                     3.8701320457581025e+00
92                                     2.6870273706687833e+00
93                                     7.1013270780961628e+00
94                                     6.6599528628775166e+00
95                                     5.5565437515093228e+00
96                                     4.3459369398665011e+00
97                                     6.0415488139397988e+00
98                                     5.0637145849457177e+00
99                                     3.6525808712739134e+00
100                                    2.5677939076736944e+00
101                                    2.3548570415768930e+00
102                                    3.7378148091586239e+00
103                                    2.5086937887417622e+00
104                                    4.3838752087522677e+00
105                                    4.2023798032596522e+00
106                                    6.1512429029858628e+00
107                                    5.5393739577577987e+00
108                                    3.8562914317388812e+00
109                                    4.1556255628872760e+00
110                                    5.6643101770113109e+00
111                                    5.3624654229807458e+00
112                                    1.7681579886596908e+00
113                                    4.8341733012499066e+00
114                                    3.0435631583787042e+00
115                                    3.3288253101286873e+00
116                                    2.8770891511520391e+00
117                                    3.9427319482832033e+00
118                                    5.7479617709150528e+00
119                                    4.2962928860146103e+00
120                                    4.6596460015817902e+00
121                                    5.3557492485948766e+00
122                                    6.1981993869655030e+00
123                                    5.4981029896427760e+00
124                                    4.3107640464257333e+00
125                                    2.9864071536521508e+00
126                                    2.2793038688147518e+00
127                                    2.9821118923658823e+00
128                                    3.9358801554000160e+00
129                                    6.4064512839657084e+00
130                                    5.0982073753342529e+00
131                                    4.5248022992931753e+00
132                                    5.5976530229528532e+00
133                                    6.7036634762807612e+00
134                                    6.2508096903167827e+00
135                                    3.7168231225038624e+00
136                                    3.1712376469274042e+00
137                                    6.3333810580607954e+00
138                                    6.0148676274440245e+00
139                                    4.5781207878158927e+00
140                                    4.6529850045061840e+00
141                                    2.4095907081761969e+00
142                                    2.3884640363818286e+00
143                                    3.7478122727261702e+00
144                                    4.0137215811594276e+00
145                                    1.7787826971346559e+00
146                                    5.6661757532615313e+00
147                                    6.4410101288992836e+00
148                                    3.9762883428300899e+00
149                                    2.6324270089677988e+00
150                                    2.2759311022491255e+00
151                                    4.6552033704592848e+00
152                                    5.0416497107189970e+00
153                                    5.2909244205244548e+00
154                                    5.2177777466488582e+00
155                                    5.8400546563459894e+00
156                                    5.3022006361078784e+00
157                                    4.2767790333531517e+00
158                                    2.8318028771539057e+00
159                                    4.9158267698726901e+00
160                                    5.7955658455701320e+00
161                                    5.9670973039241542e+00
162                                    1.8596693788168106e+00
163                                    7.0947011200130792e+00
164                                    7.0335248414826532e+00
165                                    7.0167773724023403e+00
166                                    7.2087927194085806e+00
167                                    7.6600653210506406e+00
168                                    7.2675219946676917e+00
169                                    6.5101841793291664e+00
170                                    7.9748775173756048e+00
171                                    6.7455831979608831e+00
172                                    1.8570496476782365e+00
173                                    2.8311538103344613e+00
174                                    3.5425866156385126e+00
175                                    2.3399732361634960e+00
176                                    3.3947812064055745e+00
177                                    2.7271541456364448e+00
178                                    4.2125867424432668e+00
179                                    3.6796939448591810e+00
180                                    4.0948624345299960e+00
181                                    3.1355458978012551e+00
182                                    3.3533751402209804e+00
183                                    4.1841967115590908e+00
184                                    1.7902134610880385e+00
185                                    1.7669691923947393e+00
186                                    1.7756383824616842e+00
   &pairsTotalSSCIso [&Type "ArrayOfDoubles", &Dim (187,1)] "The Spin-Spin coupling constant for each pair"
                                                         0

0                                      6.2250474014254753e-01
1                                      7.5880120427727071e+00
2                                     -6.0998739615675346e-01
3                                      5.8892803135345528e-01
4                                      5.7152240142440314e-01
5                                      5.4419172095028734e-01
6                                     -4.7512441481959578e-01
7                                     -1.2364346264992133e-01
8                                      1.6801118376375870e-01
9                                     -2.9067359081999034e-01
10                                    -2.2692484785825845e-01
11                                     9.7079616977230020e-03
12                                     3.5489271773833680e-02
13                                    -2.5892703886642193e-02
14                                    -9.0774541946719778e-01
15                                     1.6763037585919960e-01
16                                    -5.9018296683195814e-01
17                                     8.9800601739488695e-01
18                                    -7.7993187572801337e-01
19                                    -1.5327177492559111e+01
20                                     5.4028148694880347e+00
21                                     1.4473305584368874e+00
22                                     7.6242516428636675e-01
23                                     8.9128948923999629e-01
24                                    -5.3492094937836326e-02
25                                    -4.3538145201015344e-02
26                                    -3.0791104735608466e-02
27                                     8.3577971270303864e-02
28                                     6.5705613493189952e-01
29                                    -7.9605088849592515e-03
30                                     1.3959078565023379e-02
31                                     2.2571094506205908e-01
32                                     8.6024038426676622e-02
33                                     3.2073724329280018e-02
34                                     5.8455895771157264e-02
35                                    -8.6857915940517796e-02
36                                    -2.9739119056769525e-01
37                                     1.3903193995293112e+01
38                                     5.9289703073544100e+00
39                                    -5.2821061563597616e-01
40                                     1.0508498005929212e-01
41                                    -6.9539585446245694e-02
42                                     4.0841215054380375e-01
43                                     2.7266078953036725e-02
44                                     1.5093442227488700e-02
45                                    -8.2252518492222038e-02
46                                    -4.4699315356901151e-02
47                                    -2.3599035009749643e-02
48                                     2.0411519653350377e-01
49                                    -1.0286787818875151e-01
50                                     3.9483387915567589e-02
51                                     9.5374416201040813e-02
52                                    -1.4192460709930027e-01
53                                     1.3444941502498878e-01
54                                    -1.3468843613977771e+01
55                                     2.0360959186124292e+00
56                                    -4.9552353514958303e-01
57                                    -7.1961311124564581e-02
58                                    -3.9726805280774019e-01
59                                    -6.7104545126994541e-02
60                                     1.4818103692018617e-02
61                                    -1.2051351672116408e-02
62                                     1.2210128903170137e-01
63                                    -3.8901479727090196e-02
64                                    -4.7980542349878176e-02
65                                    -4.0192035225328646e-02
66                                    -4.3158795003949671e-04
67                                    -5.1775793394801407e-02
68                                     3.7678092419918999e-02
69                                    -1.3083700213912980e-01
70                                     4.5713035277352052e+00
71                                     4.0696603824013727e-01
72                                     9.2462057251803190e-02
73                                     1.3850291159810194e-01
74                                    -6.5089478863731703e-02
75                                    -1.8603362647047336e-03
76                                    -3.1585179830734590e-02
77                                     1.2187221604704397e-01
78                                     8.2820812916646641e-02
79                                     6.6491453432996533e-02
80                                    -1.4859278643328340e-02
81                                    -5.8343148174192145e-04
82                                     8.6953198337428012e-02
83                                     9.1767387566651232e-02
84                                    -3.5547999468867837e-02
85                                     5.2187858383137833e+00
86                                    -1.0613748875782101e+00
87                                     6.6544333341483519e-02
88                                    -5.4428617121072453e-01
89                                     6.6181784122395637e-01
90                                    -6.7503649071219335e-02
91                                    -1.0171985054927575e+00
92                                    -1.0062474459206805e+00
93                                    -6.5517754178773544e-03
94                                    -1.2451972299587473e-03
95                                    -1.0207288184915515e-04
96                                     2.4873965829790646e-03
97                                     5.6364219560160068e-03
98                                     6.3319999661768040e-03
99                                    -2.3006202148872827e-02
100                                    2.1786277588795594e-01
101                                    2.8709081787428670e-01
102                                   -5.9184075394842092e-02
103                                   -2.5875638325094369e-01
104                                    4.9749026899643337e-03
105                                    4.0538256065338243e-02
106                                   -8.3333251832622829e-02
107                                   -6.0647355435020853e-02
108                                   -1.3917588128074111e-03
109                                   -1.2907634580831434e-01
110                                   -6.3899712124691144e-02
111                                   -5.3501247462548765e-02
112                                   -1.8714327126644420e+01
113                                   -7.7406950532367694e-02
114                                   -9.1786130656565712e-02
115                                   -1.8301768389483355e-01
116                                   -2.1098723426632842e+00
117                                   -2.4650729338208492e+00
118                                   -1.7123108143509487e-02
119                                   -6.6449396121795084e-03
120                                    7.3065705187696534e-02
121                                    3.0948694012937037e-03
122                                    8.2433103953224632e-02
123                                   -9.8184842685052377e-03
124                                   -3.2085364435038156e-02
125                                   -2.0573915922098585e-01
126                                   -4.4481825766136024e-01
127                                   -2.7271491735324993e+00
128                                   -3.2133519608110626e+00
129                                    1.3477725685889314e-02
130                                   -2.1823334316824889e-02
131                                    4.6901084162790291e-02
132                                   -5.4384448031765301e-02
133                                    1.2510952344757470e-01
134                                   -1.7624867252192273e-02
135                                   -1.0603886751374708e-01
136                                    3.5575852320363713e-02
137                                    2.9114176284242610e-01
138                                    5.2552578566086472e-02
139                                   -3.1875333400506129e-03
140                                   -2.2975474917337662e-03
141                                    6.7291560306597276e-02
142                                    3.4238871326728607e-02
143                                   -9.5611303762105498e-03
144                                    3.0598941284202614e-02
145                                   -1.2578137073222141e+01
146                                   -1.4168747473924445e-02
147                                   -3.7923980935762602e-02
148                                    9.0827707563888915e-02
149                                   -7.5049871557541351e-02
150                                    3.9667053701554025e+00
151                                   -2.1721119506108409e-02
152                                   -4.2372019107073614e-03
153                                   -1.3966262653535889e-02
154                                   -1.2472559641875408e-02
155                                   -7.7524282372045368e-03
156                                    6.7102457821042988e-02
157                                   -4.5032114558463537e-02
158                                    1.3359443720158840e+01
159                                   -1.1799037391667789e-02
160                                   -1.3406992111820105e-02
161                                   -4.7913507377033999e-03
162                                    2.8107660366552617e-01
163                                    2.7948960973875626e-05
164                                   -7.4371725461074931e-03
165                                   -5.7812372869943667e-04
166                                    2.6287640591171617e-03
167                                   -1.2891988415347528e-03
168                                   -2.1949690831348196e-02
169                                   -1.1470646496676287e-03
170                                    7.1227593297549310e-03
171                                    5.6312616422299583e-04
172                                    2.0639983580475230e+00
173                                   -3.7934285139738178e-02
174                                   -1.7494431568555380e+00
175                                   -4.6861886300050115e-01
176                                   -2.6105562894980570e+00
177                                   -2.7269981201292488e-02
178                                   -1.2079550849203873e+00
179                                    6.5815535029426475e-01
180                                   -2.0304343203800674e+00
181                                    6.4365566513842176e-02
182                                    3.8955105583378898e-03
183                                    1.2715418363473846e-01
184                                   -1.2060462410476797e+01
185                                   -1.8726927109719973e+01
186                                   -1.4250482459532627e+01
   &Method [&Type "String"] "SCF"
   &Level [&Type "String"] "Relaxed density"
   &Mult [&Type "Integer"] 1
   &State [&Type "Integer"] -1
   &Irrep [&Type "Integer"] 0
$End
$Calculation_Timings
   &GeometryIndex 1
   &GTOINT [&Type "Double"]       1.6165460000000000e+00
   &SCF [&Type "Double"]       1.6665443000000000e+01
   &PROPINT [&Type "Double"]       1.1702959999999969e+00
   &RESPONSE [&Type "Double"]       8.7029780000000017e+00
   &PROP [&Type "Double"]       7.3426899999999762e-01
   &SUM [&Type "Double"]       2.8889531999999996e+01
$End
