$coord
-1.30793474954011  2.73027616489893  -0.03229311930943  c
-2.74032748852503  1.44417886747693  -2.19476559058450  c
-5.23698321643750  0.19459201232348  -1.47887433438253  c
-5.05166648184903 -1.55012241827538   0.80782563795360  c
-2.78990359473486 -3.35308206234625   0.79527166403702  c
-0.23134276898470 -2.03774564561220   1.32367573560686  c
-0.06308133688852  0.83017343423347   1.83163963858686  c
 0.90350024577713  4.24977128257782  -1.19306375835922  c
 3.15648612982625  3.87603255477132   0.55802365114349  c
 2.82297816889848  1.22390327954597   1.63025476930068  c
 1.55471786333795 -2.46518340056316  -0.61611401837808  o
 3.76451396816158 -1.05516234890962   0.00403571819976  c
-0.72797077298975  1.22197810782757   3.74470453081501  h
 3.71913043441191  1.09504488404994   3.48610621036440  h
 0.51801026853166 -2.91330633389916   3.06951958048878  h
-2.70738502001258 -4.99702227341195  -1.57717517340418  c
 5.08619173318566 -0.40770610780241  -2.47923236667527  c
 5.57366425732061 -2.69571379348304   1.58110689903040  c
-3.01447036519261  4.56744979973686   1.41440807806585  c
-3.13043407255314  2.86492351093597  -3.64571868459220  h
-1.48076158213217  0.03974752970440  -3.02026130656009  h
-6.65827413493290  1.63980214397618  -1.08899206462496  h
-5.90194197997623 -0.88464612054493  -3.10734260120174  h
-6.77511108190142 -2.68671700997838   0.90197356155167  h
-4.97019646834369 -0.43777767055896   2.54167255199270  h
-3.10275715808160 -4.64337802602825   2.38866578645667  h
 0.41551042272136  6.24049195584003  -1.39566356431885  h
 1.33649321236746  3.52737695267840  -3.07147518227800  h
 4.95643528692248  4.13910991655668  -0.39991292318136  h
 3.06608783652214  5.22542601409264   2.11711670648389  h
-1.22149913633203 -6.40238346660924  -1.39854585057239  h
-4.50963702249865 -5.95994290137105  -1.80894919263058  h
-2.32321062001791 -3.88991815368193  -3.25706026459032  h
 6.83106214688117  0.61534652009620  -2.13037841307007  h
 5.53085156651839 -2.16263331077889  -3.45061301881857  h
 3.87130953996719  0.69823447863936  -3.70316367955241  h
 7.26984876791879 -1.63132790772870   2.03877451172552  h
 4.68379464936114 -3.30208746780233   3.33142616982304  h
 6.10001065373354 -4.36934911836535   0.51175289759195  h
-4.47863681582076  3.58865999198189   2.46877578617930  h
-1.89689736228263  5.66725601883524   2.74558756103736  h
-3.92468083436636  5.86626031394966   0.10486858141479  h
$end