$coord
-0.10832470265948 -0.88898386819111   0.24566173425232  c
-1.91805317072310  1.37209212237371   0.80092719235467  c
-1.20551313480092  3.74491265277828  -0.72077932932349  c
 1.63534067388186  4.25290800609223  -0.76807599081107  c
 3.15718922359616  1.80887446662349  -1.21039656656611  c
 1.43152784818695 -0.31056778615224  -2.17353829550545  c
 1.99586528842157 -0.99480559949564   2.25942870741955  c
 4.01792967313915  0.75674206962349   1.29798717131138  c
 2.84933803118797 -2.38451665558759  -3.08187651322917  o
-1.52337738539295 -3.43059852974677   0.11663812510341  c
 6.17918509427106  1.28005928967039   2.43100846098649  c
-4.69818052642936  0.80393097779356   0.40356505022129  c
-5.72132723661080  0.43111973134888  -1.84829589252652  c
-1.68367502159048  1.83735705656895   2.80280280706367  h
 0.09503758209150 -5.52852694619235  -0.02783368369426  o
-6.26541634380319  0.77213362926697   2.76334755619683  c
-1.89485411745235  3.55582122956051  -2.65151565998748  h
-2.18013363810454  5.36735247064754   0.10141111619689  h
 2.04154617624626  5.61972213738151  -2.25755751194848  h
 2.23404122317209  5.08932090308680   1.02084594840362  h
 4.73975164940373  2.15983635888800  -2.48790318073808  h
 0.24230189833318  0.23263413128493  -3.76573097068364  h
 2.70861790360402 -2.92950961727401   2.41648107669066  h
 1.32919003240794 -0.44957019256137   4.13148459271688  h
 4.23619571100152 -2.66327872758467  -1.92980898441758  h
-2.82297489192440 -3.41897267138411  -1.49728559039196  h
-2.63082318669269 -3.69039079976146   1.84081358070325  h
 6.65685434608930  0.48927077636656   4.24447651752841  h
 7.54347219477927  2.54328921533865   1.60378430871100  h
-7.71078907694035  0.06460558223343  -2.06518357492441  h
-4.63512866605586  0.44706232946137  -3.56821078048561  h
 1.06804050590994 -5.33304266547469  -1.56826363242148  h
-5.53711634272786 -0.62200691424949   4.09096189924554  h
-6.19176930588435  2.61254333127762   3.68594856027608  h
-8.22562411652012  0.32586026405346   2.34604087547185  h
$end