    0.01813044
   -0.06252521
   -0.05577456
   -0.06156360
   -0.01503639
    0.11501263
   -0.03281453
   -0.06267687
   -0.06140104
   -0.03491794
   -0.32841691
    0.14085672
    0.02047103
    0.02467487
    0.00434374
   -0.10645291
   -0.10976585
   -0.11449565
   -0.10539775
    0.02497564
    0.04921959
    0.03160232
    0.02676208
    0.05364780
    0.02794393
    0.02633721
    0.02984152
    0.02888612
    0.04155406
    0.02589842
    0.03045565
    0.03417353
    0.04744064
    0.04674094
    0.03840140
    0.04902079
    0.03437145
    0.03431563
    0.04499498
    0.03539957
    0.02964750
    0.03611900
