           1           2  0.987334936484582     
           2           3   1.00711040858246     
           3           4   1.00931978311640     
           4           5  0.997877928107516     
           5           6  0.978824836901480     
           1           7  0.973139961159164     
           6           7  0.973034362486393     
           1           8  0.979768669855403     
           8           9   1.00667510804748     
           7          10  0.979735561509348     
           9          10  0.996138317876424     
           6          11  0.974297393943599     
          10          12  0.959418951334247     
          11          12  0.961910409776406     
           7          13  0.972178957884311     
          10          14  0.974405008433030     
           6          15  0.954641503705158     
           5          16   1.00624425334170     
          12          17  0.996049603282900     
          12          18  0.987539957900946     
           1          19   1.00143793964892     
           2          20  0.974959217918649     
           2          21  0.969558670050984     
           3          22  0.973222549732030     
           3          23  0.976443243453716     
           4          24  0.972317823440400     
           4          25  0.974969143049502     
           5          26  0.963912294767093     
           8          27  0.977495852579640     
           8          28  0.976997429393827     
           9          29  0.971585973391261     
           9          30  0.980725577364950     
          16          31  0.986214500877243     
          16          32  0.986139580969547     
          16          33  0.986790023554537     
          17          34  0.979455829186216     
          17          35  0.985504302073210     
          17          36  0.982622603743031     
          18          37  0.986145106438014     
          18          38  0.983810661295255     
          18          39  0.984896026959945     
          19          40  0.979426343241168     
          19          41  0.983985979055376     
          19          42  0.985439112863047     
