$coord
-1.23317621950078  2.93983714988465   0.20952436965231  c
-2.37064891931318  1.99362457306933  -2.29258512448782  c
-4.72670996589801  0.33349830650597  -2.17276458966222  c
-4.11443072773926 -2.44213869596494  -1.73029292047687  c
-3.05774431584329 -2.98555962566807   0.89608857134951  c
-0.39673821239238 -1.92990446131829   1.31839022454629  c
-0.03815247443184  0.88262907128718   1.92109386553678  c
 0.97804033727135  4.74446681655321  -0.48264564639250  c
 3.33768600628842  3.84631717288613   0.92304096085612  c
 2.84460879257085  1.09729145698624   1.62624862493684  c
 1.23958140217240 -2.39154636609854  -0.74180516863716  o
 3.53227790579525 -1.03155944056785  -0.29739153373734  c
-0.60741663778951  1.23886442099417   3.87254065212936  h
 3.79080341453133  0.65321562367046   3.40801079021644  h
 0.35852389119287 -2.93429598552444   2.99498441664440  h
-3.01245180566574 -5.84267360282845   1.34002438295138  c
 4.52953634920372 -0.13712705165085  -2.85488874093279  c
 5.49207423751357 -2.82341398188390   0.87814011833889  c
-3.22346857877775  4.39389345386981   1.72882341993089  c
-2.83326506748413  3.68265107379175  -3.39314907141710  h
-0.92440938996720  0.94756480794993  -3.32108786671836  h
-6.03037106560135  1.00315601824176  -0.72407980970093  h
-5.70226159112084  0.48871276254048  -3.98768747888491  h
-2.74138912910340 -3.08003621043388  -3.12913923070020  h
-5.84022881632988 -3.55014796332858  -1.97669651471879  h
-4.28605586704753 -2.11147170091719   2.31787716906218  h
 0.51890080839335  6.68874015458554   0.01881080855201  h
 1.30749265831758  4.71108325629438  -2.51533734420408  h
 5.04853432863725  4.09245409540229  -0.19072610831486  h
 3.56726647470312  4.92252428690553   2.66828174424263  h
-2.40142414370234 -6.28059500576754   3.25388499973364  h
-4.88271410729986 -6.64740602254250   1.05866168573415  h
-1.70882517513384 -6.72352525346894   0.01934424762366  h
 3.27921788166751  1.24698534913195  -3.70339658867532  h
 6.40580599967279  0.67210286540815  -2.65382495728026  h
 4.63965363340464 -1.75934778733430  -4.11112265160767  h
 7.22023979162375 -1.80152337794929   1.31371324668311  h
 4.75906201763948 -3.65831664434099   2.60755100763493  h
 5.92204695385924 -4.34135126433600  -0.43790401632490  h
-4.65133404419213  3.12706605619858   2.48919970350242  h
-2.33801657205443  5.36895120200434   3.30859938050476  h
-4.15700126714605  5.79059221639629   0.54275286673127  h
$end