$coord
-0.03745766127060 -1.09902277584529   0.55646742532183  c
-1.92067415733538  1.07512376067969   1.36666557270594  c
-0.68362980925939  3.74693206294329   1.08860679130846  c
 1.05781126871980  4.07268409612529  -1.23179737126366  c
 2.77736890165031  1.73135500551436  -1.59977995080220  c
 1.10336633296403 -0.59160001510046  -2.11837657731038  c
 2.38360452609103 -0.89272558299186   2.24186580757446  c
 4.07403857604271  1.01333320655165   0.87560507082464  c
 2.70153938078013 -2.59674431048996  -2.99202314990476  o
-1.43781965195911 -3.64893594176362   0.82017928971055  c
 6.28542160865869  1.90822355298978   1.70858287831322  c
-4.58998522664529  0.97352946583124   0.24126002145358  c
-6.55914195130358  0.45224769001461   1.75999340204909  c
-2.20215467427421  0.78023899465094   3.41082549638566  h
 0.04442684466826 -5.85167618299257   0.17040057088566  o
-5.04435698745218  1.57362040447468  -2.52641234222792  c
-2.17357442739355  5.20081281779566   1.08057835842132  h
 0.44578114426070  4.10280504648549   2.80038762924488  h
-0.05304084929616  4.36445001723914  -2.97055579262098  h
 2.22757330490587  5.77650381987362  -0.97687752486514  h
 4.12954904486936  2.06905432137057  -3.14517667632771  h
-0.36070564197730 -0.18575776438105  -3.54567384399330  h
 3.36827240255373 -2.72419495414213   2.36986364016034  h
 1.94048047488362 -0.31726361099361   4.19286915189210  h
 1.97867323121782 -4.19612939435087  -2.37388449818598  h
-3.06051646101151 -3.70125207244549  -0.47539068023683  h
-2.18995728742058 -3.83633359527578   2.75934247285069  h
 7.08201947288548  1.33348210977717   3.52571985412446  h
 7.39642477449353  3.24765776236424   0.59654097243577  h
-8.49829044939098  0.42325107958153   1.05164120592841  h
-6.30942672205130  0.02234657579643   3.76384080335523  h
 1.23178573406238 -6.19470074747928   1.54721311457146  h
-4.17735523576142  3.38457213652740  -3.07287431749756  h
-4.24369783651600  0.11943332658493  -3.78149113733757  h
-7.07938976035946  1.69493275175748  -2.92891083138618  h
$end
