   -0.00797467
   -0.03663218
   -0.06066864
   -0.05801951
   -0.03512147
    0.10883079
   -0.07071239
    0.00798284
   -0.48524425
    0.08354063
   -0.11296761
    0.00826796
   -0.11306243
    0.04532382
   -0.49269258
   -0.11203682
    0.04211285
    0.04219845
    0.04008106
    0.04158310
    0.04031290
    0.04745198
    0.05743904
    0.04987334
    0.31240006
    0.02008418
    0.04164931
    0.03383095
    0.03421220
    0.03385747
    0.02744896
    0.31995375
    0.05415322
    0.04628201
    0.04626168
