$coord
-0.08393386365205 -1.10697307567381   0.58066394578902  c
-1.98343920014676  1.04513287089100   1.38547176913719  c
-0.72673197370452  3.71464634142709   1.18488032628627  c
 1.04926003781528  4.08250058507793  -1.10343613625653  c
 2.76207688087754  1.74123243744781  -1.53013335336242  c
 1.06219784361660 -0.55368411703382  -2.08097068154509  c
 2.31640892990106 -0.90685620688088   2.29185266521434  c
 4.06614531684787  0.94183065122102   0.91992873714160  c
 2.48327178351473 -2.67247348606068  -3.08450942620063  o
-1.41907599496197 -3.70040105932708   0.77596722095648  c
 6.35329808415170  1.70024463127835   1.68711280226810  c
-4.62636085666588  0.96039374871513   0.20329735176456  c
-6.62572649650929  0.40952435360393   1.67093987244848  c
-2.30442867175923  0.71193035967697   3.41764167933831  h
 0.22349391899402 -5.83148238653132   0.53223299998685  o
-5.02668437562353  1.61824842455695  -2.56028100137191  c
-2.20300622002606  5.18263368496520   1.18573909994685  h
 0.38095122468549  4.02580387119328   2.91981166114239  h
-0.03462498664674  4.43275984939280  -2.84836143703586  h
 2.23726932530764  5.76366467732784  -0.79008644172957  h
 4.10412645497225  2.12229352562160  -3.07636892784327  h
-0.37214540697917 -0.15703442759634  -3.52325013189578  h
 3.21606819830190 -2.77474355433257   2.47732545127078  h
 1.85745033083008 -0.27651087950461   4.22238676088630  h
 4.20465443234980 -2.60829896920107  -2.40085103831677  h
-2.95718848693759 -3.78113982954029  -0.64083291611542  h
-2.32037776085763 -3.86782998279299   2.64751259981296  h
 7.16913926251561  1.06529575185103   3.47553932247876  h
 7.49474121466853  2.99965610797820   0.55816938790130  h
-8.55078739513561  0.40353093352606   0.92335145257362  h
-6.41773223322363 -0.04929129590911   3.67374843864343  h
 1.18019331003612 -5.53709007400538  -1.03342079684370  h
-4.12858654515064  3.42743596148008  -3.06190663672623  h
-4.23046810987111  0.17402979248711  -3.83030919679820  h
-7.05308213209806  1.77435624073329  -2.99433024951985  h
$end
