           1           2  0.959474000016945     
           2           3  0.982289687044333     
           3           4   1.00866152775927     
           4           5  0.978442016991176     
           1           6  0.962259413584921     
           5           6  0.976829839131330     
           1           7  0.982639588510387     
           5           8  0.993586677455832     
           7           8   1.00813424695669     
           6           9  0.973097279230581     
           1          10  0.977107673526511     
           8          11   1.93411666698084     
           2          12  0.997987297670671     
          12          13   1.92629414596115     
           2          14  0.960953772597575     
          10          15  0.998581957323935     
          12          16   1.02625654427117     
           3          17  0.975395070813879     
           3          18  0.976906215942964     
           4          19  0.969985695625809     
           4          20  0.975554806073529     
           5          21  0.962751792008026     
           6          22  0.956242509130511     
           7          23  0.953927419106800     
           7          24  0.963061829411183     
           9          25  0.882392812610444     
          10          26  0.967231940245329     
          10          27  0.971822623686540     
          11          28  0.975123066124447     
          11          29  0.974895472161260     
          13          30  0.975340919445245     
          13          31  0.975338172422221     
          15          32  0.858545855251854     
          16          33  0.969403923614270     
          16          34  0.961752302358076     
          16          35  0.981843316910591     
