   -0.00929141
   -0.02956906
   -0.06295047
   -0.05543848
   -0.03768097
    0.11319677
   -0.07273810
    0.00935304
   -0.49476848
    0.07988804
   -0.11246038
    0.01578752
   -0.12012889
    0.05247299
   -0.47708460
   -0.11986039
    0.03988925
    0.03958798
    0.03986152
    0.03678364
    0.03766605
    0.02582994
    0.05273846
    0.04593680
    0.32185086
    0.02047139
    0.05324369
    0.03627630
    0.03692831
    0.03245096
    0.03732283
    0.30953576
    0.06592869
    0.04825741
    0.04071304
