           1           2  0.958519534046306     
           2           3  0.988417563939148     
           3           4   1.00872030518382     
           4           5  0.980324771189897     
           1           6  0.958624123496340     
           5           6  0.962648705826181     
           1           7  0.981458957693792     
           5           8  0.996200787800256     
           7           8   1.00279061343663     
           6           9   1.00065605810104     
           1          10  0.980132897642080     
           8          11   1.93767875352294     
           2          12  0.996767157803229     
          12          13   1.91026387986298     
           2          14  0.957295598269646     
          10          15  0.990714103614926     
          12          16   1.02516416170720     
           3          17  0.975399937261549     
           3          18  0.976404984526270     
           4          19  0.967132873131071     
           4          20  0.975717316092433     
           5          21  0.965043612255402     
           6          22  0.960924220525275     
           7          23  0.964490982931454     
           7          24  0.959028244931438     
           9          25  0.847227834082507     
          10          26  0.967030333095941     
          10          27  0.968152108776294     
          11          28  0.974674798755546     
          11          29  0.974634995329773     
          13          30  0.974238269296374     
          13          31  0.961955715984752     
          15          32  0.886794420784642     
          16          33  0.969769504156476     
          16          34  0.963429791422855     
          16          35  0.982973147951159     
