$coord
-2.48613512467952 -2.84537580511479   3.77160085342324  c
-5.14612792388651 -2.44951227079323   2.65383937332093  c
-5.16269508823897 -1.28802462651924  -0.06151014114910  c
-3.17991852816992  0.93525342970567  -0.34120025197180  c
-0.53204748708617  0.54347544610077   1.00954134553759  c
-1.01963790097204 -0.32619328286490   3.77106846246887  c
-2.66517721277355  1.51506769157584  -3.15579272437065  c
-1.16871415836134  4.00754033089856  -3.40285023595515  c
 1.32791873607541  3.95773888641630  -1.88416831892210  c
 1.05614686366114  3.10784178703377   0.93164274226554  c
 1.55523847889914 -1.34899303496363  -0.02063333342949  c
 3.70058647064997  2.22059825592867   1.78791009342027  c
 3.91006804185958 -0.34716178289901   0.61813868806491  c
 6.19781541090153 -1.52533420581555   0.21773068438699  c
 6.20261710887054 -3.90785426991918  -0.91319526494920  c
 3.92432591957853 -4.97088071935732  -1.55025173942618  c
 1.58189309800033 -3.77517106528400  -1.11357602058581  c
-0.39453594795426 -5.24463353304415  -1.79515639603558  o
 8.37040225037133 -0.28385162650765   0.94864567099784  o
-4.62947741478026 -3.15376995487728  -1.93244551793057  o
-7.93742903585221 -0.43835343177268  -0.62400117915443  c
-4.56591099491497  3.24149640267841   0.83652180258649  c
 2.66087101303196  6.54693324642495  -2.14803720520546  c
 0.32270732695956  5.32228195925055   2.71695918615395  c
-2.66690728297217 -3.54796732071903   5.68677221014706  h
-1.45674867136030 -4.24965614567517   2.69677713489483  h
-6.18830120069551 -1.18642964540839   3.87792670495258  h
-6.17587214602614 -4.21933471908627   2.60793577935059  h
 0.76329503355343 -0.56122223430420   4.73813730756458  h
-2.09905157292357  1.07671459908960   4.78476637834972  h
-1.59108571099510 -0.01720722954271  -3.98174466564944  h
-4.42687480071663  1.66134241840058  -4.18154527711041  h
-0.70464122401653  4.32392922446344  -5.37114899796153  h
-2.32491727859322  5.58168819085810  -2.81193640115179  h
 2.51772597385406  2.55494816019833  -2.77133010642660  h
 3.80733521734340  2.11445068060319   3.82952092871842  h
 5.18413441359916  3.47593585172996   1.16221785737803  h
 7.94918894782731 -4.89482413690661  -1.27658459495461  h
 3.84280059876457 -6.81572603141085  -2.41470912334338  h
-2.01856850106018 -4.33276297278282  -1.89334460184634  h
 9.84436536726395 -1.31052495625622   0.54376532445214  h
-5.93276669296651 -4.45125725143136  -1.92815827724139  h
-9.11819228435996 -2.11037773626008  -0.70910628491890  h
-8.68431173985257  0.76785615602642   0.84244475409274  h
-8.05626494395167  0.52834374932384  -2.42277515359851  h
-5.19304078276389  2.84812441954762   2.73600936028415  h
-3.39841947158928  4.88223417181317   0.87850579692470  h
-6.18796660057029  3.70530857841422  -0.30308587701580  h
 1.45835152396435  8.05773981178467  -1.47790270316459  h
 4.41278048720437  6.59985380723580  -1.09531409418117  h
 3.08691295190101  6.90282476513792  -4.11871524544963  h
 2.04381657861727  6.23811419825875   3.33579594826827  h
-0.80856251622116  6.75361265793908   1.81132455934344  h
-0.66179417603915  4.66221217608547   4.37889345149386  h
$end
