! hf-3c
! DEFGRID2
! scfconv6
! miniprint nopop noautostart
%MaxCore 2500
%pal
    nprocs 12
end
*xyz 0 1
C   -1.3156060506  -1.5057080319   1.9958452194
C   -2.7232136205  -1.2962260710   1.4043513171
C   -2.7319805863  -0.6815932791  -0.0325497649
C   -1.6827404169   0.4949148012  -0.1805553976
C   -0.2815474052   0.2875948206   0.5342262733
C   -0.5395691403  -0.1726140516   1.9955634902
C   -1.4103510434   0.8017392950  -1.6699735913
C   -0.6184568984   2.1206990140  -1.8007107962
C    0.7027043328   2.0943452245  -0.9970589354
C    0.5588888514   1.6445990481   0.4930041077
C    0.8229967602  -0.7138563715  -0.0109186898
C    1.9582660264   1.1750899911   0.9461212762
C    2.0691188999  -0.1837101039   0.3271049068
C    3.2797426714  -0.8071721004   0.1152181162
C    3.2822836205  -2.0679474223  -0.4832421231
C    2.0766638439  -2.6304767936  -0.8203578913
C    0.8371017772  -1.9977344941  -0.5892790524
O   -0.2087794324  -2.7753405440  -0.9499558544
O    4.4294261150  -0.1502078120   0.5020016701
O   -2.4498139452  -1.6689031878  -1.0226061290
C   -4.2003065571  -0.2319666463  -0.3302072034
C   -2.4161760445   1.7153260248   0.4426682742
C    1.4080723006   3.4644878738  -1.1366923367
C    0.1707693631   2.8164303216   1.4377528836
H   -1.4112665571  -1.8775034503   3.0093102559
H   -0.7708781986  -2.2488211855   1.4270730020
H   -3.2747079682  -0.6278315304   2.0521104369
H   -3.2681307957  -2.2327757775   1.3800601813
H    0.4039183368  -0.2969860165   2.5073142842
H   -1.1107702564   0.5697728282   2.5319893258
H   -0.8419662985  -0.0091056737  -2.1070485358
H   -2.3426012590   0.8791445469  -2.2127784660
H   -0.3728800774   2.2881248061  -2.8422896448
H   -1.2302932405   2.9537021877  -1.4880126613
H    1.3323232081   1.3520203408  -1.4665247356
H    2.0147550304   1.1189191133   2.0264952033
H    2.7433257887   1.8393860385   0.6150192040
H    4.2065296345  -2.5902293835  -0.6755394751
H    2.0335225020  -3.6067268900  -1.2778090385
H   -1.0681804489  -2.2927994244  -1.0019148152
H    5.2094138059  -0.6934999409   0.2877482177
H   -3.1394849301  -2.3555038963  -1.0203374189
H   -4.8251395594  -1.1167638039  -0.3752428859
H   -4.5955398631   0.4063319788   0.4458025651
H   -4.2631918115   0.2795874715  -1.2820773979
H   -2.7480388363   1.5071625360   1.4478338016
H   -1.7983661367   2.5835670609   0.4648852472
H   -3.2745309054   1.9607648582  -0.1603861390
H    0.7717263916   4.2639722779  -0.7820724301
H    2.3351428695   3.4924922285  -0.5796152572
H    1.6335239855   3.6528175550  -2.1795302451
H    1.0815411562   3.3010678713   1.7652271953
H   -0.4278728570   3.5738579083   0.9585116779
H   -0.3502063961   2.4671364349   2.3172106225
*
