   -0.06958423
   -0.06588909
   -0.05173155
   -0.03617313
   -0.06414146
    0.07076485
   -0.02286886
   -0.04557399
   -0.21592466
    0.05176599
   -0.00850738
    0.01233591
   -0.06278928
    0.02508305
    0.00544231
   -0.03437835
   -0.03836745
   -0.02019154
    0.28910726
   -0.02092397
   -0.05549341
   -0.72803862
    0.05325312
    0.36348975
   -0.46603662
   -0.25648855
    0.02637044
    0.04689872
    0.04632010
    0.05133835
    0.04453773
    0.02935572
    0.03234774
    0.03036559
    0.03352879
    0.16804671
    0.04513044
    0.07784907
    0.04700888
    0.05112466
    0.05426305
    0.05780690
    0.07393721
    0.07078858
    0.05374878
    0.06031862
    0.05935503
    0.08846643
    0.07218219
    0.07077018
