$coord
-0.67759032885414  0.23092133775996  -4.83270291734992  c
 2.19485131744326  0.38372501461827  -5.00253321046895  c
-5.07954747275814  5.50670501061546   1.41984736143248  c
-7.13016944101351  4.41641302190811   0.21754885788495  c
-6.83523532527108  2.12877220312213  -0.99221662689369  c
-4.51718800621343  0.87474783790088  -0.97676977650939  c
-2.46058962526259  1.89197717156484   0.36079233052812  c
-2.79641020392092  4.23426865295851   1.49669834363655  c
-4.23378537477713 -1.35118159717178  -2.30347058475303  n
-1.67667722571920 -1.88546430020435  -3.09343473243566  c
-0.07401816784666 -2.16592094763271  -0.66796933933051  c
-0.02930115788692  0.40552458282982   0.73670140765588  c
 2.65605743267070 -2.68647236754596  -1.50020766237242  c
 3.46112799260770 -0.05676794331707  -2.43016984456263  c
 2.40804344557206  1.60195605386462  -0.32392327304302  c
 6.23740678310946  0.48247479455274  -2.70026343725351  c
 7.48576003865424  2.10357860987740  -1.25559635581954  c
 6.36166744319485  3.26832272975290   1.08489329079973  c
 4.30119150693999  1.54431453022194   1.84810619047969  n
 2.67057795518199  2.23027317428450   4.00479782229621  c
 0.53602669669176  0.31512174870280   3.61907231657845  c
 5.33753440085572 -0.67670637393210   2.38972355744286  o
 2.16178124158372  3.57441000738702  -0.87945987018368  h
-1.21796470049034 -4.36544041451663   0.76811159967635  c
-0.78198336201227 -6.54640407022424   0.29644267900612  o
-2.86495270172440 -3.62646107335248   2.52898184202903  o
-4.11144140909873 -5.58682540515459   3.87096423862708  c
-1.47189421500943 -0.03190838278659  -6.72112275204907  h
-1.39035132459401  2.02930991253452  -4.11352898728185  h
 2.90742842091031 -1.05474382994181  -6.29891863253091  h
 2.72983280623709  2.23004332765175  -5.75967918996552  h
-5.25688332870172  7.32966419791420   2.31756677927840  h
-8.93640077019306  5.36491363678626   0.18677088413324  h
-8.40032198112195  1.27941785653012  -1.99395089494510  h
-1.24510841002729  5.11805850552578   2.47864067320532  h
-5.60374770135224 -1.69880496206895  -3.58517589447575  h
-1.65827709169288 -3.70090071494272  -4.08525241697933  h
 3.82744363865483 -3.21443181566026   0.11171232586746  h
 2.75371372749596 -4.13653291820432  -2.95310417321528  h
 7.17542913420716 -0.43697843432680  -4.26220729279766  h
 9.45529529090066  2.51132511076471  -1.59451588444573  h
 5.67938630028079  5.19949015777974   0.77865866781810  h
 7.76545510094274  3.26242637303707   2.59727575883290  h
 3.71506518319431  1.89967459412551   5.74706611637615  h
 2.06434233952912  4.19740721447119   3.89340425108523  h
-1.12831193494525  0.72676724912826   4.74980785589317  h
 1.28811327520504 -1.53075756658982   4.13248403655032  h
-5.44997343356589 -4.66283093536077   5.12494424196062  h
-5.08986967180576 -6.84260271906921   2.55871497165507  h
-2.74660655484346 -6.69377138561045   4.95238112423985  h
$end