           1           2   1.00614405359219     
           3           4   1.41892974965701     
           4           5   1.46376865168056     
           5           6   1.34995786794732     
           4           7  0.100511478684172     
           6           7   1.31820505916440     
           3           8   1.43589736145561     
           5           8  0.100628885259473     
           7           8   1.42649051602885     
           6           9   1.14055036279402     
           1          10  0.976792647492590     
           9          10  0.997320925363901     
          10          11  0.937949148957185     
           7          12  0.988134292420485     
          11          12  0.958929463451567     
          11          13  0.975205827986597     
           2          14  0.969785419237242     
          13          14  0.968084986051200     
          12          15  0.963914744093595     
          14          15  0.977611670962554     
          14          16   1.00179360356265     
          16          17   1.93119235727749     
          17          18   1.01351982536204     
          15          19  0.899655828399814     
          18          19  0.945166326815346     
          19          20  0.945275426611783     
          12          21  0.964913835458068     
          20          21   1.00455417144557     
          19          22   1.01885306731846     
          15          23  0.962078676435276     
          11          24  0.954049685416880     
          24          25   1.70709837356062     
          24          26   1.16331658674144     
          25          26  0.171820517950979     
          26          27  0.941185249279050     
           1          28  0.974582227737799     
           1          29  0.969885054198042     
           2          30  0.974607300365123     
           2          31  0.975083612088854     
           3          32  0.971424628371757     
           4          33  0.970845100716894     
           5          34  0.967057819002071     
           8          35  0.959545450102877     
           9          36  0.940411503609702     
          10          37  0.965705281595806     
          13          38  0.958462954341368     
          13          39  0.973966656918952     
          16          40  0.964032218648734     
          17          41  0.964667247840455     
          18          42  0.956144265882304     
          18          43  0.964236920786808     
          20          44  0.971901066782721     
          20          45  0.962397634331811     
          21          46  0.973931650096704     
          21          47  0.972650663156702     
          27          48  0.979299968387124     
          27          49  0.976462699401507     
          27          50  0.976438234410564     
