nmr_J000001.out
                1             2             3             4             5 
      1  0.243533E+11
      2  0.449113E+02  0.243533E+11
      3 -0.951484E+00  0.407968E+02  0.243533E+11
      4 -0.116452E-01 -0.227803E+01  0.400778E+02  0.243533E+11
      5  0.200982E+00  0.123586E+00 -0.833849E+00  0.426800E+02  0.243533E+11
      6  0.174929E+01  0.167316E+00  0.445623E+00 -0.527184E+00  0.512297E+02
      7  0.562127E+02  0.104386E+01  0.337335E+00 -0.181255E+00  0.104205E+01
      8  0.462542E+02  0.957502E+00  0.417328E+01 -0.127376E+00  0.185606E+00
      9  0.202880E+01  0.665565E+00  0.427404E-01  0.133955E-01 -0.398537E-01
     10  0.182553E+01  0.216231E+01 -0.128575E+00 -0.117221E+00  0.355009E+01
     11 -0.227882E-01  0.182506E+00  0.892240E-01 -0.247951E+01 -0.605254E+01
     12  0.432143E+01 -0.139144E+00  0.417643E-01  0.377162E-02  0.182895E+01
     13  0.182914E-01  0.966266E-01 -0.959446E-01 -0.128204E+00  0.450521E+01
     14  0.490143E-03 -0.265265E+00  0.159973E-02 -0.236535E-01 -0.111976E+00
     15  0.142573E+01  0.345418E+00 -0.148598E+00  0.171024E+01  0.299098E+01
     16 -0.706239E-01 -0.113243E+00  0.600692E+01 -0.148533E+01  0.389137E+02
     17 -0.152135E+00 -0.445345E-02 -0.191824E-02 -0.210959E-01 -0.178472E+00
     18 -0.180453E+00  0.137939E+00  0.168126E-01  0.193171E+00  0.198795E+00
     19  0.395064E+02 -0.213853E+01  0.685917E+00 -0.304511E-01 -0.783055E-01
     20 -0.216718E+01  0.126586E+03 -0.197375E+01  0.667252E+01 -0.294946E+00
     21 -0.697237E+00  0.131686E+03 -0.116307E+01  0.578317E+01 -0.196883E+00
     22  0.382263E+01 -0.838807E+00  0.129158E+03 -0.101830E+01  0.225756E+01
     23  0.667878E+01 -0.195170E+01  0.126390E+03 -0.205646E+01  0.850661E+01
     24 -0.563482E-01  0.348538E+01 -0.108039E+01  0.129598E+03 -0.116946E+01
     25 -0.145221E+00  0.928543E+01 -0.182378E+01  0.126576E+03 -0.141157E+01
     26  0.938379E-01 -0.108682E-01  0.133564E+01 -0.601406E+00  0.136112E+03
     27 -0.107312E+01  0.262361E+01  0.514726E+00 -0.899710E-02 -0.541304E-01
     28 -0.142360E+00  0.604129E+01  0.360309E+00 -0.152090E-01  0.259625E-01
     29  0.262472E-01 -0.129190E+00 -0.271761E-02  0.695047E-02  0.161704E+00
     30  0.589136E+01 -0.251187E+00  0.340489E+00 -0.237518E-02 -0.686113E-01
     31  0.224791E-01  0.673953E-02 -0.245467E+00  0.240309E+01 -0.169374E+01
     32  0.764470E-02 -0.553831E-01  0.166188E+01  0.984798E+01 -0.152671E+01
     33 -0.389335E-01  0.265575E-02 -0.120461E+00  0.253650E+01 -0.891238E+00
     34  0.751952E-01 -0.864297E-02  0.387391E-03 -0.165231E-02 -0.961780E-02
     35 -0.193630E-01 -0.447809E-02 -0.182133E-03  0.239979E-01  0.344020E-01
     36  0.769225E-01  0.225270E-02 -0.235535E-02  0.362977E-01 -0.437856E-01
     37  0.175988E+00  0.335861E-01 -0.313614E-02  0.124493E+00  0.413372E+00
     38  0.427359E+00  0.144603E+00 -0.317357E-02 -0.926551E-02  0.234797E-01
     39  0.150871E-01 -0.309592E-02 -0.314278E-02  0.619437E-02  0.568811E-01
     40 -0.146535E+01  0.148475E+01  0.205467E+00  0.586727E-01  0.281268E-01
     41 -0.878614E+00  0.802635E+01 -0.404604E-01 -0.302425E-01 -0.612972E-03
     42 -0.119685E+01  0.250682E+01 -0.828667E-01  0.214547E-01 -0.419665E-01
                6             7             8             9            10 
      6  0.243533E+11
      7  0.505637E+02  0.243533E+11
      8 -0.208328E+00  0.344947E+01  0.243533E+11
      9  0.780835E+00 -0.410112E+01  0.416583E+02  0.243533E+11
     10 -0.866210E+00  0.420474E+02  0.226651E+00  0.406469E+02  0.243533E+11
     11  0.227099E+02  0.293328E+00 -0.299820E-01  0.153749E+00 -0.112535E+01
     12 -0.197567E+01  0.107235E+01  0.300521E+01 -0.682504E-01  0.559668E+02
     13 -0.459676E+00  0.134786E+03  0.540439E+01  0.683198E+01 -0.699068E+00
     14  0.502612E+01 -0.742441E+00  0.294338E+00  0.249248E-01  0.132697E+03
     15  0.145395E+03  0.273560E+01 -0.953636E-01  0.292680E+00  0.458649E+00
     16 -0.181155E+01  0.412411E+01 -0.749159E-02 -0.140988E-01  0.513387E+00
     17  0.300280E+00 -0.628762E-01  0.198594E+00  0.329231E+01  0.340885E+00
     18  0.122622E+01  0.134950E+01 -0.184893E-01  0.254802E+01  0.159531E+01
     19  0.385178E+01 -0.434523E+00 -0.165388E+01  0.838747E+00 -0.221538E+00
     20  0.223837E+00  0.556021E+01  0.358502E+00 -0.118605E+00  0.495438E+00
     21  0.266912E+00  0.190614E+00  0.418286E+01 -0.393720E-01 -0.137451E+00
     22 -0.160951E+00 -0.365889E-01 -0.271390E+00  0.532831E-01 -0.569301E-03
     23 -0.399373E+00 -0.129442E+00  0.222457E+00  0.523023E-01 -0.683913E-01
     24  0.181191E+01 -0.183678E-01  0.773284E-01  0.968308E-02  0.874500E-03
     25  0.951307E+01 -0.140546E+00  0.219236E+00  0.100547E-01 -0.190428E-01
     26 -0.782416E+00  0.358478E+01  0.617895E-01  0.365564E+00 -0.772439E-01
     27 -0.109178E+00  0.101609E+01  0.131541E+03 -0.171689E+01  0.250581E+00
     28 -0.884482E-01  0.217946E+01  0.129461E+03 -0.143403E+01  0.568136E+01
     29  0.291933E+00  0.421597E+00 -0.174622E+01  0.132440E+03 -0.109443E+01
     30  0.294300E+00  0.591606E+01 -0.525218E+00  0.127846E+03 -0.116589E+01
     31  0.215283E+01 -0.203414E+00  0.109981E-02  0.351757E-01 -0.291054E-01
     32  0.876773E+00 -0.305949E+00 -0.377121E-02 -0.299721E-02  0.651485E-01
     33  0.636138E+01  0.328570E+00 -0.454340E-02  0.939965E-02  0.335105E+00
     34 -0.940026E-01 -0.146772E+00  0.389665E+00  0.120239E+01  0.666242E+01
     35 -0.568142E-01  0.148041E-01  0.750750E-01 -0.116397E+00  0.228436E+01
     36  0.256465E+00 -0.434780E-01 -0.562012E-02 -0.166895E+00  0.787421E+00
     37  0.290972E+00 -0.721737E-01 -0.475632E-02 -0.234884E-01  0.801411E+00
     38 -0.153469E+00  0.675622E+00 -0.614914E-01  0.105688E+01  0.571073E+01
     39 -0.595701E-01 -0.126231E+00  0.806033E-01  0.540615E+00  0.715409E+00
     40 -0.156348E+00  0.150509E+01  0.874176E+01  0.450529E+00 -0.896705E-01
     41 -0.188489E+00  0.210799E+01  0.220467E+01 -0.893735E-01 -0.532285E-01
     42  0.151727E+01  0.758969E+01  0.255296E+01 -0.286803E-01 -0.195943E+00
               11            12            13            14            15 
     11  0.708114E+10
     12  0.230341E+02  0.243533E+11
     13  0.257053E+00  0.260575E+00  0.385007E+12
     14 -0.978196E+00  0.284090E+01  0.611642E+01  0.385007E+12
     15 -0.716749E+01  0.116436E+00  0.970975E+01 -0.544838E+00  0.385007E+12
     16 -0.268362E+01 -0.605600E-01 -0.139602E+00  0.555244E+00  0.160591E+01
     17 -0.509979E+01  0.479454E+02  0.251368E+00  0.351023E+01  0.127716E+01
     18 -0.520812E+01  0.503496E+02 -0.245497E+00  0.459413E-01 -0.172312E+00
     19  0.343037E-01 -0.197711E+00  0.529212E+01  0.112800E+00 -0.203070E+00
     20  0.307603E-01  0.192373E+00 -0.362621E+00 -0.890883E-02  0.560866E-01
     21 -0.883520E-02 -0.549399E-02 -0.113223E+00  0.460424E-01 -0.280582E-01
     22 -0.131422E-01  0.907698E-02  0.354500E+00 -0.291353E-02 -0.394645E-02
     23 -0.684788E-01  0.339336E-01  0.321268E+00 -0.202354E-02  0.318521E-01
     24  0.199196E+00  0.352188E-02  0.452697E-02  0.640976E-02 -0.145905E+00
     25 -0.138292E+01  0.276116E+00  0.171717E-01 -0.102426E-01 -0.244872E+00
     26  0.317222E+00 -0.179910E+00 -0.356623E+00  0.310996E-02  0.898851E+01
     27 -0.678759E-02 -0.326163E+00  0.210509E+00 -0.150044E+00 -0.400685E-03
     28  0.233551E-01  0.372137E+00 -0.317222E+00 -0.480076E+00  0.821347E-01
     29  0.255069E-02  0.329413E+01 -0.565414E+00  0.112912E+02 -0.189773E-01
     30 -0.565983E-01  0.941528E-01  0.673950E+00  0.678202E+01  0.195150E+00
     31  0.107634E+00 -0.126569E-01  0.651975E-01  0.267354E-01 -0.793612E-01
     32 -0.882651E+00  0.281966E-01  0.777074E-01  0.384787E-01 -0.126917E+00
     33 -0.103931E+01 -0.496490E-01 -0.549821E-02  0.378242E+00 -0.377862E+00
     34 -0.139474E+01 -0.278578E+01 -0.330180E-01  0.107222E+01  0.546363E-01
     35 -0.496274E+00 -0.214171E+01 -0.121512E+00 -0.978289E-01  0.670177E-01
     36 -0.670693E+01  0.178327E+01  0.151167E+00  0.333017E+00  0.328354E+00
     37 -0.716328E+01  0.214711E+01 -0.442711E-02 -0.484702E-01 -0.647227E-01
     38 -0.399441E+00 -0.296762E+01 -0.474770E-01 -0.466395E+00  0.102715E-01
     39 -0.129500E+01 -0.273604E+01  0.558972E-01 -0.809047E-01  0.804603E-02
     40  0.320248E-02  0.965275E-01 -0.174527E+00  0.150766E+00  0.463129E-01
     41  0.809665E-02 -0.595454E-02 -0.121827E+00  0.122527E-01  0.206843E-01
     42 -0.596057E-01  0.137762E-01  0.760833E+00 -0.233455E-01 -0.707558E-01
               16            17            18            19            20 
     16  0.243533E+11
     17 -0.500056E-01  0.243533E+11
     18  0.629551E-01  0.795167E+00  0.243533E+11
     19  0.633993E-01  0.216054E-01  0.531992E-02  0.243533E+11
     20  0.141178E+00 -0.159368E-01  0.411309E-01  0.540233E+01  0.385007E+12
     21  0.152915E-01  0.163500E-01 -0.176387E-01  0.688702E+01 -0.157684E+02
     22 -0.308212E+00  0.366534E-03  0.177019E-02 -0.312178E-02  0.494536E+00
     23  0.350357E+00 -0.133151E-02 -0.448160E-02 -0.136993E+00  0.805837E+01
     24  0.307480E+01  0.169688E-02 -0.134973E-01  0.301580E+00 -0.475249E-01
     25  0.196501E+01 -0.115339E-01  0.525088E-01  0.158244E-01  0.966393E+00
     26 -0.134377E+01  0.458644E-01 -0.770191E-02  0.538621E-01  0.162780E-01
     27 -0.499223E-02  0.267127E-01  0.493600E-01  0.893253E+01 -0.222497E+00
     28  0.383181E-02  0.343911E+00 -0.661808E-01  0.275337E+01 -0.111469E+00
     29 -0.328949E-02 -0.253522E+00  0.380481E+00  0.456383E-01  0.321758E-01
     30  0.567010E-01 -0.219381E+00 -0.706722E-01 -0.120763E+00  0.304620E-01
     31  0.122580E+03  0.206182E-01  0.102884E-02 -0.306130E-03 -0.249416E-02
     32  0.125881E+03 -0.189172E-02 -0.807416E-02 -0.550991E-02  0.747674E-01
     33  0.120135E+03  0.834065E-02 -0.181861E-01  0.205421E-01  0.370256E-01
     34  0.163257E-01  0.125435E+03  0.254867E+01 -0.151816E-02 -0.560754E-02
     35 -0.527930E-02  0.122090E+03  0.806908E+01  0.409967E-02 -0.622751E-02
     36 -0.193219E-01  0.118673E+03  0.102188E+01 -0.215847E-02 -0.350388E-02
     37  0.522534E-01  0.442284E+00  0.121127E+03 -0.495103E-02  0.310548E-02
     38  0.405186E-03  0.392057E+01  0.123431E+03 -0.122163E-01  0.457876E-01
     39 -0.568552E-02  0.818083E+01  0.123727E+03 -0.285406E-02 -0.386524E-02
     40 -0.151673E-02  0.207333E-02 -0.391522E-02  0.119736E+03 -0.163556E+00
     41 -0.244004E-02  0.291568E-02 -0.655118E-02  0.123728E+03  0.624361E+00
     42 -0.247928E-02 -0.509253E-02 -0.133637E-01  0.123912E+03 -0.214956E+00
               21            22            23            24            25 
     21  0.385007E+12
     22  0.101087E+02  0.385007E+12
     23  0.612411E+00 -0.153998E+02  0.385007E+12
     24 -0.395277E+00  0.116887E+02  0.240903E+01  0.385007E+12
     25  0.130517E+00  0.192354E+01  0.477385E+01 -0.152200E+02  0.385007E+12
     26 -0.303264E-02 -0.175061E+00 -0.381935E+00  0.106776E+02  0.375551E+01
     27  0.174209E-01 -0.122414E-01  0.346499E+00  0.215052E-02 -0.556608E-02
     28 -0.362986E+00 -0.677555E-01  0.936773E-01 -0.233021E-02  0.460697E-01
     29  0.221955E-01  0.486807E-02 -0.308903E-02 -0.101997E-02 -0.326685E-02
     30  0.142528E+00  0.455537E-01  0.105530E+00 -0.251460E-03 -0.111754E-01
     31  0.315626E-02  0.113051E+00 -0.522198E-01 -0.171606E+00 -0.212075E+00
     32  0.510256E-01 -0.132960E+00  0.281672E+00 -0.317343E-01  0.103931E+00
     33  0.166089E-01  0.139278E-01 -0.511622E-01 -0.178819E+00 -0.102206E+00
     34 -0.171603E-02 -0.273541E-04 -0.609300E-04 -0.106723E-03  0.183842E-02
     35 -0.364385E-03 -0.768052E-03 -0.278835E-03  0.356848E-02  0.836398E-03
     36 -0.371649E-03  0.744769E-04  0.291803E-03  0.879403E-03  0.278337E-01
     37 -0.211420E-02  0.525668E-03  0.135344E-02 -0.980126E-02  0.686445E-01
     38 -0.733667E-02 -0.348684E-03 -0.105855E-02 -0.175658E-03 -0.195113E-03
     39  0.683779E-03  0.473155E-03  0.267259E-02  0.579110E-04  0.175005E-01
     40 -0.209839E+00 -0.347984E+00 -0.922138E-02  0.445790E-01 -0.563559E-02
     41  0.253108E+01 -0.869684E-01  0.333582E-01  0.117491E+00  0.271425E-01
     42 -0.820984E-03  0.129564E-01  0.302558E-01 -0.106114E-01  0.223266E-01
               26            27            28            29            30 
     26  0.385007E+12
     27  0.103873E-01  0.385007E+12
     28  0.312934E-03 -0.147519E+02  0.385007E+12
     29  0.545991E-01  0.103163E+02  0.978387E+01  0.385007E+12
     30  0.213586E+00  0.856894E+01  0.937598E+00 -0.139865E+02  0.385007E+12
     31  0.113799E+02  0.101500E-02 -0.639991E-03 -0.162818E-02  0.273894E-02
     32  0.324087E+01  0.458073E-03 -0.189217E-02 -0.236084E-02 -0.475869E-02
     33  0.276305E+01 -0.338262E-02 -0.538706E-03 -0.375201E-02 -0.133605E-01
     34 -0.128461E-02  0.107646E-02  0.164088E+00 -0.737102E-01 -0.738933E-01
     35  0.559234E-01  0.414851E-02  0.315184E-01 -0.395170E-03  0.144635E-02
     36  0.192063E-01 -0.221121E-02 -0.752665E-02  0.465612E-01  0.551450E-01
     37 -0.170974E-01 -0.422322E-02 -0.351750E-02 -0.170098E-01  0.278952E+00
     38 -0.330730E-02  0.167243E-01  0.290651E-02  0.167989E-01  0.208040E+00
     39 -0.167727E-02  0.106698E-01  0.242254E-01 -0.265450E+00  0.206421E+00
     40  0.110467E-01  0.152347E+01  0.100483E+01  0.740298E-01  0.153764E+00
     41  0.268639E-02 -0.221711E+00  0.199980E+00  0.629861E-01 -0.977501E-02
     42  0.110122E-01 -0.251913E+00 -0.226527E+00  0.824831E-01 -0.326381E-01
               31            32            33            34            35 
     31  0.385007E+12
     32 -0.140541E+02  0.385007E+12
     33 -0.136321E+02 -0.144737E+02  0.385007E+12
     34 -0.947612E-03  0.108748E-01  0.556007E-02  0.385007E+12
     35  0.130332E-02  0.402284E-02  0.819798E-03 -0.152941E+02  0.385007E+12
     36  0.506045E-02  0.106223E-01  0.855088E-02 -0.136924E+02 -0.135162E+02
     37 -0.447681E-02 -0.188004E-02 -0.919373E-02 -0.817041E-01  0.100384E+00
     38 -0.572123E-03  0.426368E-03  0.621303E-04 -0.415943E-01  0.352984E+00
     39 -0.146543E-03  0.994024E-03 -0.125215E-02 -0.848630E-01  0.401954E+01
     40  0.938828E-04  0.100998E-02 -0.158229E-02 -0.266397E-02 -0.189352E-02
     41 -0.266264E-03 -0.138953E-02 -0.237649E-02 -0.228076E-02 -0.141002E-02
     42  0.230945E-03 -0.121929E-02 -0.423317E-02  0.348078E-02 -0.280286E-02
               36            37            38            39            40 
     36  0.385007E+12
     37  0.680468E+00  0.385007E+12
     38 -0.134770E+00 -0.140066E+02  0.385007E+12
     39  0.616348E+00 -0.137330E+02 -0.157026E+02  0.385007E+12
     40  0.644528E-03 -0.941056E-03 -0.370534E-02 -0.103414E-02  0.385007E+12
     41 -0.148366E-02 -0.899515E-03 -0.582993E-02 -0.579169E-03 -0.139261E+02
     42 -0.341077E-02  0.297843E-02 -0.495530E-02 -0.391029E-03 -0.135937E+02
               41            42 
     41  0.385007E+12
     42 -0.140215E+02  0.385007E+12
nmr_J000002.out
                1             2             3             4             5 
      1  0.243533E+11
      2  0.455829E+02  0.243533E+11
      3 -0.948682E+00  0.409459E+02  0.243533E+11
      4 -0.157469E-01 -0.224552E+01  0.402796E+02  0.243533E+11
      5  0.221518E+00  0.233385E+00 -0.895945E+00  0.429353E+02  0.243533E+11
      6  0.131421E+01  0.324142E-02  0.560835E+00 -0.244789E+00  0.511034E+02
      7  0.502971E+02  0.121488E+01  0.437682E+00 -0.163893E+00  0.446392E+00
      8  0.407804E+02  0.133455E+01  0.366775E+01 -0.927662E-01 -0.280013E-01
      9 -0.816113E+00  0.444326E+01  0.238897E+00 -0.170638E-01  0.392530E-02
     10  0.315223E+01  0.238195E+01 -0.149441E+00 -0.748740E-01  0.318077E+01
     11 -0.750626E+00  0.192408E+00  0.107287E+00 -0.269136E+01 -0.833634E+01
     12  0.175623E+01 -0.881381E-01  0.749165E-01 -0.100722E-01  0.402684E+01
     13 -0.546698E+00  0.415794E-01 -0.670197E-01 -0.135687E+00  0.461147E+01
     14  0.126658E+01 -0.342872E+00  0.125144E-01 -0.138788E-01  0.406359E-01
     15  0.160381E+01  0.224055E+00 -0.140219E+00  0.166647E+01  0.223968E+01
     16 -0.522489E-01 -0.120500E+00  0.594804E+01 -0.154882E+01  0.380134E+02
     17  0.403468E-01  0.151889E+00 -0.416050E-02  0.956263E-01 -0.214227E+00
     18 -0.497574E-01  0.213853E-01 -0.175708E-02  0.554126E-01 -0.194492E+00
     19  0.399343E+02 -0.225198E+01  0.456659E+00 -0.359142E-01 -0.954631E-01
     20 -0.203541E+01  0.126567E+03 -0.206153E+01  0.683988E+01 -0.300882E+00
     21 -0.624930E+00  0.131608E+03 -0.127407E+01  0.599665E+01 -0.195787E+00
     22  0.375481E+01 -0.833078E+00  0.129772E+03 -0.937054E+00  0.229887E+01
     23  0.657070E+01 -0.206087E+01  0.126115E+03 -0.194337E+01  0.824078E+01
     24 -0.537918E-01  0.362223E+01 -0.105539E+01  0.129941E+03 -0.124688E+01
     25 -0.148215E+00  0.918757E+01 -0.186928E+01  0.126526E+03 -0.137469E+01
     26  0.992371E-01 -0.221654E-01  0.129009E+01 -0.649517E+00  0.137046E+03
     27 -0.440182E+00  0.105686E+00 -0.299058E+00  0.451974E-01 -0.569826E-01
     28 -0.516680E+00  0.411629E+01  0.337951E-01  0.128775E-01  0.503060E-01
     29  0.693666E+01 -0.932559E-01  0.307742E+00 -0.695684E-02  0.991903E-01
     30  0.253064E+00 -0.198773E+00 -0.346375E-01  0.851441E-02 -0.143837E-01
     31  0.369569E-02 -0.557280E-01  0.167538E+01  0.986943E+01 -0.148502E+01
     32 -0.393592E-01  0.500069E-02 -0.100736E+00  0.256123E+01 -0.885646E+00
     33  0.251142E-01  0.131132E-01 -0.245646E+00  0.237704E+01 -0.170528E+01
     34  0.858543E-02 -0.723687E-02  0.444970E-03  0.852263E-02  0.907639E-02
     35  0.766935E-01  0.172544E-01 -0.499580E-02  0.923436E-01  0.171845E+00
     36  0.259811E+00  0.685175E-01  0.689043E-02 -0.278771E-02  0.322491E-02
     37  0.130202E+00  0.147779E-01  0.156836E-02  0.118326E+00  0.868069E-01
     38  0.191961E+00  0.653387E-01 -0.351712E-02  0.517436E-02  0.120605E+00
     39  0.637964E-02 -0.774555E-03 -0.178901E-02  0.195659E-01 -0.326510E-01
     40 -0.145802E+01  0.205408E+01  0.993739E-01  0.391956E-01  0.134466E-01
     41 -0.941929E+00  0.847589E+01 -0.143211E+00 -0.249824E-01  0.123170E-02
     42 -0.126111E+01  0.202968E+01 -0.737038E-01  0.386104E-01 -0.502654E-01
                6             7             8             9            10 
      6  0.243533E+11
      7  0.541436E+02  0.243533E+11
      8 -0.360538E-02 -0.219362E+01  0.243533E+11
      9 -0.505314E-02  0.240431E+01  0.410784E+02  0.243533E+11
     10  0.790314E+00  0.540858E+02 -0.307512E+00  0.466119E+02  0.243533E+11
     11  0.228975E+02 -0.248535E-01  0.272452E-01  0.602557E-01 -0.178629E+01
     12 -0.357763E+01  0.221833E+01 -0.768241E-01  0.241999E+00  0.601954E+02
     13 -0.422468E+00  0.138568E+03  0.480360E+01  0.529397E+01 -0.321972E+00
     14  0.320433E+01 -0.114717E+01  0.372445E+01 -0.974288E+00  0.137575E+03
     15  0.145136E+03  0.440302E+01 -0.162556E-01 -0.852413E-01  0.760990E+00
     16 -0.181160E+01  0.419001E+01  0.264785E-01  0.501137E-01  0.502574E+00
     17  0.315537E+01  0.136542E+01  0.313527E+00  0.108531E+01  0.533520E+00
     18  0.414762E-01  0.299965E-01  0.129998E+00  0.163494E+01  0.228586E+01
     19  0.413471E+01 -0.305885E+00 -0.249748E+01  0.667253E+00 -0.224334E+00
     20  0.188773E+00  0.521321E+01  0.124644E+00 -0.100235E+00  0.667593E+00
     21  0.176850E+00  0.159495E-01  0.449676E+01  0.856720E-01 -0.105993E+00
     22 -0.177282E+00  0.448430E-02 -0.228734E+00  0.104436E-01 -0.654463E-02
     23 -0.408664E+00 -0.758230E-01  0.186099E+00  0.219155E+00 -0.650686E-01
     24  0.161835E+01 -0.147566E-01  0.665574E-01  0.270976E-02 -0.676226E-02
     25  0.924157E+01 -0.141081E+00  0.187452E+00  0.211602E-01 -0.949791E-02
     26 -0.669871E+00  0.355449E+01  0.213129E+00  0.812841E-01 -0.749894E-01
     27 -0.757754E-01  0.561101E+01  0.128385E+03 -0.501693E+00  0.713879E+01
     28  0.211072E+00  0.242869E+00  0.129850E+03 -0.153254E+01  0.208473E+00
     29 -0.780083E-01  0.322359E+01 -0.695703E+00  0.128319E+03 -0.574727E+00
     30  0.450083E-01  0.603802E+00 -0.172452E+01  0.131352E+03 -0.111634E+01
     31  0.842285E+00 -0.324891E+00 -0.464556E-02  0.204021E-01  0.617153E-01
     32  0.643483E+01  0.316762E+00 -0.353872E-02  0.568379E-02  0.393468E+00
     33  0.225763E+01 -0.202839E+00  0.178485E-02  0.580756E-02 -0.256398E-01
     34 -0.108055E+00 -0.141201E+00  0.345636E-01  0.417830E-01  0.232282E+01
     35  0.993215E+00 -0.139011E+00  0.350372E-02 -0.115848E+00  0.101689E+01
     36 -0.242979E+00  0.599747E+00  0.131345E+00  0.326164E+00  0.742600E+01
     37 -0.398230E-01 -0.160376E-01  0.537250E-01  0.774849E+00 -0.966337E-01
     38 -0.435505E-01  0.122409E-01  0.825013E-02  0.200074E+01  0.508215E+01
     39  0.650553E-01 -0.942609E-01  0.344305E+00  0.402406E+00  0.136263E+01
     40 -0.171507E+00  0.137167E+01  0.800253E+01 -0.698531E-02 -0.788207E-01
     41 -0.127726E+00  0.195280E+01  0.126207E+01  0.216647E+00 -0.871645E-01
     42  0.161517E+01  0.678336E+01  0.265047E+01 -0.121404E+00 -0.180771E+00
               11            12            13            14            15 
     11  0.708114E+10
     12  0.229712E+02  0.243533E+11
     13  0.114598E+00  0.743591E+00  0.385007E+12
     14 -0.420338E+00  0.511909E+00  0.902607E+01  0.385007E+12
     15 -0.463445E+01  0.130063E+00  0.935259E+01 -0.358920E+00  0.385007E+12
     16 -0.262117E+01 -0.944110E-01 -0.116351E+00  0.194756E+00  0.148588E+01
     17 -0.946812E+01  0.463361E+02 -0.285193E-01  0.671842E+01  0.116983E-01
     18 -0.203640E+01  0.508646E+02 -0.136697E-01  0.322072E+01 -0.156719E+00
     19 -0.203764E-01 -0.556627E-01  0.521870E+01 -0.513670E-01 -0.188008E+00
     20  0.327126E-01  0.495445E-01 -0.380769E+00  0.193084E+00  0.414487E-01
     21 -0.926192E-02 -0.809205E-03 -0.475512E-01  0.276922E-01  0.314542E-01
     22 -0.249899E-01 -0.171486E-02  0.303182E+00  0.196648E-01  0.213107E-02
     23 -0.893813E-01  0.879268E-02  0.275503E+00 -0.495710E-02  0.232812E-01
     24  0.239223E+00 -0.755325E-02  0.287348E-03  0.236016E-01 -0.127403E+00
     25 -0.136668E+01  0.318367E+00  0.121118E-01  0.101454E-01 -0.223280E+00
     26  0.306278E+00 -0.293997E+00 -0.373079E+00 -0.403510E-01  0.866343E+01
     27 -0.957341E-01 -0.112923E+00  0.106592E+01  0.386226E+00 -0.375022E-01
     28 -0.451868E-02 -0.122337E+00 -0.385019E+00 -0.568639E+00 -0.680973E-01
     29 -0.421788E-01  0.366760E+01 -0.486195E+00  0.139628E+01 -0.172211E-01
     30 -0.537765E-01  0.512370E+01 -0.164948E+00  0.104101E+02 -0.191650E-01
     31 -0.761453E+00  0.747755E-02  0.687587E-01  0.782185E-02 -0.135225E+00
     32 -0.814690E+00 -0.488341E-01 -0.244682E-02  0.200730E+00 -0.372557E+00
     33  0.132140E+00  0.211525E-01  0.582454E-01  0.358076E-01 -0.851046E-01
     34 -0.131368E+01 -0.251767E+01  0.136550E-01 -0.274700E+00  0.820416E-01
     35 -0.884487E+01  0.183558E+01 -0.151404E-01  0.199987E-01 -0.145156E-01
     36 -0.745553E+00 -0.278736E+01 -0.426332E-01  0.136204E+01  0.234341E-01
     37 -0.480992E+01  0.858691E+00  0.182624E-01 -0.204467E+00 -0.108718E+00
     38 -0.134940E+01 -0.230471E+01  0.540982E-02  0.298352E+00  0.127604E+00
     39 -0.172724E+00 -0.241531E+01  0.522376E-01 -0.118550E+00 -0.215539E+00
     40 -0.244467E-02  0.321183E-01 -0.202904E+00  0.308993E-01  0.312434E-01
     41  0.365856E-02 -0.835153E-02 -0.807912E-01  0.113369E+00  0.207808E-01
     42 -0.763269E-01 -0.505386E-01  0.625052E+00  0.638819E-01 -0.670447E-01
               16            17            18            19            20 
     16  0.243533E+11
     17 -0.503759E-02  0.243533E+11
     18  0.234354E-02  0.543253E+00  0.243533E+11
     19  0.833039E-01 -0.496318E-02  0.107121E+00  0.243533E+11
     20  0.137762E+00  0.625613E-01 -0.137270E-01  0.558188E+01  0.385007E+12
     21  0.143931E-01  0.566483E-02 -0.102678E-01  0.648253E+01 -0.159684E+02
     22 -0.310861E+00 -0.333133E-03  0.276063E-02 -0.569359E-01  0.511235E+00
     23  0.320835E+00 -0.208242E-02  0.582783E-02 -0.174511E+00  0.814366E+01
     24  0.324907E+01  0.403047E-02  0.921748E-02  0.282119E+00 -0.395956E-01
     25  0.187014E+01  0.650142E-01 -0.165899E-01  0.155641E-01  0.972316E+00
     26 -0.139421E+01  0.557947E-02  0.175050E+00  0.794595E-01  0.190571E-01
     27 -0.785554E-02  0.154480E+00  0.606686E-02  0.406479E+01  0.280055E-01
     28 -0.488837E-02  0.375818E-02  0.720902E-01  0.634343E+01 -0.241541E+00
     29  0.604963E-01 -0.181090E+00  0.591761E+00 -0.110333E+00 -0.298708E-01
     30  0.223609E-02 -0.142852E+00  0.100353E+00  0.178090E+00  0.130007E-01
     31  0.125609E+03 -0.583732E-02 -0.641774E-02 -0.590548E-02  0.725817E-01
     32  0.120260E+03 -0.653314E-02 -0.150869E-01  0.224191E-01  0.432449E-01
     33  0.122673E+03  0.720458E-04 -0.482938E-02 -0.865039E-03 -0.265164E-02
     34  0.494880E-02  0.124403E+03  0.777865E+01  0.312609E-02  0.433284E-02
     35  0.134638E-01  0.121947E+03  0.943631E+00 -0.528380E-02 -0.239394E-02
     36  0.205223E-02  0.122408E+03  0.271288E+01 -0.213594E-02  0.290266E-01
     37  0.428117E-01  0.149661E+01  0.121280E+03 -0.113093E-01  0.140588E-02
     38  0.265409E-01  0.223102E+01  0.126804E+03  0.728185E-02  0.200927E-01
     39 -0.114565E-02  0.882934E+01  0.120457E+03  0.136424E-01  0.404348E-02
     40 -0.413035E-02 -0.177310E-02  0.327975E-01  0.122249E+03 -0.877730E-01
     41 -0.210365E-02  0.581315E-02  0.266062E-01  0.121269E+03  0.803479E+00
     42  0.187038E-02 -0.309879E-02 -0.311347E-02  0.122447E+03 -0.214622E+00
               21            22            23            24            25 
     21  0.385007E+12
     22  0.101532E+02  0.385007E+12
     23  0.622058E+00 -0.152560E+02  0.385007E+12
     24 -0.411514E+00  0.116549E+02  0.225889E+01  0.385007E+12
     25  0.156868E+00  0.180088E+01  0.491596E+01 -0.151878E+02  0.385007E+12
     26 -0.414683E-02 -0.178176E+00 -0.382181E+00  0.107339E+02  0.397761E+01
     27 -0.197899E+00  0.213383E-01  0.122456E-01  0.106217E-03 -0.257565E-02
     28 -0.372299E+00 -0.298572E-01  0.128681E+00  0.179234E-02  0.878400E-02
     29 -0.129734E-02  0.124706E+00  0.227840E+00 -0.248549E-02  0.360012E-02
     30  0.505877E-01  0.233654E-01 -0.110810E-01 -0.101667E-02 -0.547608E-02
     31  0.509887E-01 -0.132328E+00  0.300479E+00 -0.678066E-02  0.568948E-01
     32  0.235503E-01  0.102660E-01 -0.449355E-01 -0.170038E+00 -0.998304E-01
     33  0.156040E-02  0.110745E+00 -0.469921E-01 -0.175413E+00 -0.218118E+00
     34  0.209356E-02 -0.138768E-05  0.572427E-03 -0.139086E-02  0.271297E-02
     35  0.154217E-04 -0.332718E-03  0.181503E-02  0.114759E-02  0.769807E-01
     36 -0.618755E-02 -0.415071E-03 -0.216830E-03 -0.916432E-03 -0.274382E-03
     37 -0.215668E-02  0.982163E-03  0.879406E-03 -0.706274E-02  0.166814E-01
     38 -0.404512E-02 -0.332055E-03 -0.390262E-03 -0.145213E-02  0.433137E-02
     39  0.107843E-02  0.234316E-03  0.203688E-02 -0.217594E-02  0.172445E-02
     40 -0.451540E-01 -0.287203E+00  0.139790E-01  0.499427E-01 -0.187217E-02
     41  0.257945E+01 -0.738050E-01  0.554140E-01  0.106508E+00  0.356653E-01
     42 -0.732795E-02  0.139983E-01  0.942117E-02 -0.105801E-01  0.242994E-01
               26            27            28            29            30 
     26  0.385007E+12
     27  0.101345E+00  0.385007E+12
     28  0.370070E-01 -0.134862E+02  0.385007E+12
     29  0.213917E-01  0.610312E+00  0.736253E+01  0.385007E+12
     30  0.532039E-05  0.720556E+01  0.123865E+02 -0.154198E+02  0.385007E+12
     31  0.328774E+01  0.252176E-03  0.195736E-02 -0.769306E-02  0.538988E-02
     32  0.266657E+01  0.294270E-02  0.104210E-01  0.401000E-02 -0.158786E-04
     33  0.112030E+02  0.904413E-02 -0.475999E-04 -0.639550E-02 -0.172817E-03
     34  0.208115E-02  0.196726E-01 -0.417081E-02 -0.101236E-02 -0.918523E-02
     35 -0.116783E-01 -0.569819E-02 -0.467779E-03  0.358712E-01  0.464127E-02
     36  0.442107E-03  0.304107E-01 -0.436034E-03  0.505491E-01  0.369189E-01
     37  0.870415E-01  0.369786E-01  0.675993E-01 -0.298329E+00  0.739511E-01
     38 -0.129927E-01 -0.263514E-01 -0.295061E-01 -0.989064E-01  0.131902E+00
     39  0.623711E-01  0.555517E-01 -0.102391E+00 -0.871793E-01  0.149565E+00
     40  0.177925E-02  0.421859E+00  0.243020E+01 -0.157050E+00  0.285670E-01
     41  0.305647E-03 -0.176375E+00 -0.290761E+00 -0.111229E-02 -0.188863E+00
     42  0.679276E-02 -0.166536E+00  0.268608E-01  0.676402E-01  0.456554E-01
               31            32            33            34            35 
     31  0.385007E+12
     32 -0.144834E+02  0.385007E+12
     33 -0.141527E+02 -0.135583E+02  0.385007E+12
     34  0.128487E-02  0.175131E-03 -0.564662E-03  0.385007E+12
     35  0.122179E-02 -0.468804E-02 -0.151060E-02 -0.136753E+02  0.385007E+12
     36  0.120263E-02  0.735852E-04 -0.329441E-03 -0.151471E+02 -0.136570E+02
     37 -0.123540E-02 -0.537426E-02 -0.725261E-02  0.677850E+00  0.531726E+00
     38  0.876198E-03  0.128568E-02  0.112110E-02 -0.595960E-01 -0.589717E-01
     39  0.653317E-03 -0.146653E-02 -0.167515E-02  0.394502E+01  0.575962E-01
     40  0.121820E-02 -0.908333E-03  0.321850E-04  0.143862E-03  0.135185E-03
     41 -0.127091E-02 -0.100227E-02 -0.271783E-03 -0.994252E-03 -0.964130E-03
     42 -0.147862E-02 -0.240677E-02  0.328043E-03 -0.154206E-02 -0.919986E-03
               36            37            38            39            40 
     36  0.385007E+12
     37 -0.120640E+00  0.385007E+12
     38  0.733401E-01 -0.142768E+02  0.385007E+12
     39  0.233968E+00 -0.136281E+02 -0.155459E+02  0.385007E+12
     40 -0.844675E-03 -0.430053E-02  0.254807E-01  0.120555E-01  0.385007E+12
     41 -0.519127E-03 -0.975106E-03  0.949609E-02  0.415340E-02 -0.144128E+02
     42  0.406128E-02 -0.221185E-02 -0.441344E-02 -0.338333E-03 -0.140938E+02
               41            42 
     41  0.385007E+12
     42 -0.139750E+02  0.385007E+12
