   -0.01001730
   -0.02561963
   -0.05913122
   -0.05758314
   -0.02812316
    0.11832047
   -0.07180865
    0.00963674
   -0.46863330
    0.07833029
   -0.11232589
    0.01267913
   -0.11483745
    0.04554920
   -0.47757181
   -0.11674086
    0.03984892
    0.03562043
    0.05553740
    0.03533987
    0.04053027
    0.00427064
    0.05266979
    0.04471678
    0.30807452
    0.01817022
    0.04709534
    0.03686952
    0.03833102
    0.02476919
    0.03414888
    0.30998844
    0.06793252
    0.03702800
    0.04693485
