$coord
 0.05612146026167 -1.47248527579907  -0.06807011521602  c
 1.23334979897123  0.77803267203952  -1.54755020187498  c
-0.75502127934447  2.86743754852711  -1.91408215277745  c
-2.34533458126178  3.41321307131338   0.43386430702356  c
-3.34066817760680  0.94771830171036   1.58314567730400  c
-1.09886117934626 -0.64988793388244   2.48093752854128  c
-2.35102937185222 -2.36753935683237  -1.45366380956966  c
-4.43640595865345 -0.69530882014768  -0.46036778736475  c
 0.46675654907223  0.65736294380396   4.16830482704884  o
 1.93341502009244 -3.65643399996419   0.26785143717837  c
-6.79786710721240 -0.67046337095808  -1.26254188545666  c
 3.75387533749782  1.71559560482688  -0.53798905916517  c
 5.85805857942201  0.52034532146872  -1.19252474950879  c
 1.66692342832217  0.01108806403921  -3.42577408389286  h
 2.78900396623537 -4.69373672489637  -2.02317406477969  o
 3.88556095962008  4.04364927845391   1.07225027865730  c
 0.17397248548069  4.59308149385843  -2.55156518492255  h
-2.03601933147474  2.28934955525794  -3.42645119373957  h
-1.24848583438337  4.39697967520941   1.86770803971062  h
-3.93974099179436  4.61057638803250  -0.09722317999080  h
-4.67243023895430  1.35723720356485   3.10198986596884  h
-1.83646036054646 -2.36124075849368   3.42777263726719  h
-2.18717614319519 -2.24958487647792  -3.50555632214637  h
-2.76446771630208 -4.33508603553712  -0.96176402372963  h
 1.93827268733164 -0.35700150363771   4.50497641174242  h
 1.03939968069222 -5.13431485845736   1.43387742707080  h
 3.63668883144725 -3.00552260515206   1.23791002766465  h
-7.43492729083817 -1.88167401982273  -2.76968855432060  h
-8.18975198613120  0.56628843921791  -0.44405163102637  h
 7.68375768006314  1.13497489572457  -0.53113402303198  h
 5.84942926601258 -1.12293428480723  -2.39194655642369  h
 1.34460560442335 -5.25255585492956  -2.98117225627047  h
 2.72965420840994  3.84484976483388   2.75627596859905  h
 5.82972924777709  4.38965467930664   1.64207779356146  h
 3.22534486819457  5.69063217459285   0.03019502064303  h
$end