           1           2  0.957615264733047     
           2           3  0.991884379953071     
           3           4   1.00937411773271     
           4           5  0.978252013350362     
           1           6  0.958653820527250     
           5           6  0.974897713908356     
           1           7  0.979939460753852     
           5           8  0.995789037362184     
           7           8   1.00298644279600     
           6           9  0.987316728809863     
           1          10  0.980754181745381     
           8          11   1.93776657871961     
           2          12  0.995276643077564     
          12          13   1.92431078615674     
           2          14  0.958130679369149     
          10          15  0.993467957628797     
          12          16   1.02843312360322     
           3          17  0.972732283373767     
           3          18  0.975605794700824     
           4          19  0.969416137586388     
           4          20  0.976457079321966     
           5          21  0.964837551688748     
           6          22  0.958186139161163     
           7          23  0.964047659814196     
           7          24  0.959197299062062     
           9          25  0.886664817657670     
          10          26  0.966367368199559     
          10          27  0.965671715265757     
          11          28  0.974632041084910     
          11          29  0.974484716307802     
          13          30  0.975618539315667     
          13          31  0.974224595174963     
          15          32  0.886002739960372     
          16          33  0.959722333591511     
          16          34  0.983606055614445     
          16          35  0.965531574452447     
