$coord
-3.24152396933354 -1.83267420886071   4.39515392893983  c
-3.93781456956000 -3.36565971245674   2.03031447786563  c
-4.91744594212372 -1.56583027935595  -0.09010002381904  c
-3.19052470252008  0.89434810027585  -0.31846010242921  c
-0.56067714634144  0.62161167261963   1.02578842907997  c
-0.96817906550004 -0.05555396104014   3.88138053107167  c
-2.72647831733870  1.56643780259818  -3.13066066938107  c
-1.15813095768588  4.01377538230259  -3.40069316622283  c
 1.39410527125801  3.83595735925107  -1.99410416047660  c
 1.05461992152804  3.15386169254149   0.85003648076098  c
 1.48441859609629 -1.28705669531772  -0.00669518462291  c
 3.62448117715388  2.24071379243432   1.90245595274089  c
 3.84754316017855 -0.37967212403678   0.80443184436902  c
 6.09038788715092 -1.64868420070152   0.48982793592119  c
 6.05698317404525 -3.97990475350963  -0.77546124129488  c
 3.80755311733975 -4.85400595030114  -1.68972348576314  c
 1.48624096407075 -3.55216919136593  -1.36111219373583  c
-0.46426026226242 -4.79704164914362  -2.46973784450201  o
 8.38221742329294 -0.73655306395933   1.31917228482014  o
-4.87348644894247 -2.82595724959495  -2.48652197566842  o
-7.76004120497023 -1.00062303813955   0.45041422853617  c
-4.67380807556291  3.10902320463717   0.90665967681934  c
 2.90611231629324  6.30447406879429  -2.40259096820194  c
 0.26269612441901  5.52458516620162   2.38190101540685  c
-4.86493935513565 -0.75126241038229   5.00376209399853  h
-2.77146144880981 -3.10880013076960   5.92561042054780  h
-5.39277219640047 -4.73311451763460   2.47216935318257  h
-2.29714820209963 -4.39537441878247   1.38329049944045  h
 0.73291947664593 -0.94468904198247   4.57312888339697  h
-1.22506307165544  1.65155198422648   4.96268991572749  h
-1.71422577515759  0.04708185394958  -4.04764868516376  h
-4.52004645799160  1.77689050913202  -4.09118348335433  h
-0.77893131582569  4.33745097162585  -5.38601459156248  h
-2.21570274936600  5.62707811334048  -2.73498985517422  h
 2.44850201813939  2.31002182792164  -2.84751648908299  h
 3.58322245766839  2.22872715375544   3.94943094113906  h
 5.14412089255185  3.47125580277493   1.31583032663900  h
 7.79920784659090 -5.00775552150975  -1.04439120443301  h
 3.71157960320508 -6.61022905387660  -2.72364444975578  h
-2.04112649083717 -3.82986692731750  -2.65705047739291  h
 8.14455554854849  0.85615835027613   2.21103381162803  h
-6.00941586106505 -4.27491162618872  -2.44199014392084  h
-8.03481307553539 -0.10750206597800   2.26508309345282  h
-8.55864632337953  0.18418860771841  -1.01254518453723  h
-8.77816557229021 -2.77778643551440   0.46564510693722  h
-5.00304902455893  2.79243013711199   2.89225031828937  h
-3.67783704978255  4.85530128031301   0.70331582848898  h
-6.46930997314769  3.33942923251361  -0.02643492016893  h
 1.84016083933604  7.93075923294809  -1.77231957827858  h
 4.68872183321311  6.27278448843486  -1.40265732064378  h
 3.30019681044130  6.54053089560865  -4.39818608953881  h
-0.74525052700620  5.06084193356996   4.09337209664464  h
 1.95960748527000  6.53576846030362   2.91370762262384  h
-0.87821011580844  6.81121403201381   1.28898323470644  h
$end
