! hf-3c
! DEFGRID2
! scfconv6
! miniprint nopop noautostart
%MaxCore 2500
%pal
    nprocs 12
end
*xyz 0 1
C   -1.7153406124  -0.9698094259   2.3258152966
C   -2.0838017301  -1.7810304187   1.0743961522
C   -2.6022003273  -0.8286016996  -0.0476788793
C   -1.6883529627   0.4732686331  -0.1685218287
C   -0.2966975684   0.3289427310   0.5428238596
C   -0.5123382973  -0.0293978901   2.0539381230
C   -1.4427901909   0.8289231871  -1.6566742806
C   -0.6128565098   2.1239984611  -1.7995693240
C    0.7377287388   2.0299012156  -1.0552344774
C    0.5580808284   1.6689517333   0.4498199339
C    0.7855204921  -0.6810810720  -0.0035429391
C    1.9179928395   1.1857346746   1.0067363345
C    2.0360321574  -0.2009138356   0.4256869996
C    3.2228944740  -0.8724461066   0.2592057808
C    3.2052174611  -2.1060748962  -0.4103564167
C    2.0148703381  -2.5686293294  -0.8941631610
C    0.7864848478  -1.8797269845  -0.7202695541
O   -0.2456759506  -2.5384851194  -1.3069289836
O    4.4356784353  -0.3897670959   0.6980759101
O   -2.5789379653  -1.4954321748  -1.3158107634
C   -4.1064369595  -0.5295069083   0.2383489451
C   -2.4732727206   1.6452242273   0.4797836388
C    1.5378484094   3.3361840025  -1.2713963869
C    0.1390128024   2.9234845684   1.2604477354
H   -2.5744150380  -0.3975509468   2.6478768678
H   -1.4665942390  -1.6451061817   3.1356979939
H   -2.8537321487  -2.5046563382   1.3082156826
H   -1.2155984781  -2.3259319748   0.7320058080
H    0.3878442843  -0.4999079122   2.4199955866
H   -0.6482754592   0.8739636723   2.6261424070
H   -0.9071292142   0.0249146441  -2.1419234410
H   -2.3919055767   0.9402899633  -2.1649610641
H   -0.4121927010   2.2952802066  -2.8501561782
H   -1.1724994006   2.9777215002  -1.4472943028
H    1.2956914683   1.2224109075  -1.5068408330
H    1.8961596654   1.1793916186   2.0899488492
H    2.7221515453   1.8369094632   0.6963074220
H    4.1271630537  -2.6499900986  -0.5526680244
H    1.9640833416  -3.4979825726  -1.4412905728
H   -1.0801176230  -2.0266782978  -1.4060505602
H    4.3099131873   0.4530594877   1.1700287051
H   -3.1800459231  -2.2621858102  -1.2922455328
H   -4.2518399716  -0.0568876434   1.1986303533
H   -4.5290405885   0.0974684137  -0.5358158364
H   -4.6452051723  -1.4699412778   0.2464087789
H   -2.6474995277   1.4776903909   1.5305129560
H   -1.9462275513   2.5693147885   0.3721787083
H   -3.4234114065   1.7671498465  -0.0139887573
H    0.9737711801   4.1967770494  -0.9378711308
H    2.4811647413   3.3194145987  -0.7422542885
H    1.7463889428   3.4610998956  -2.3274198469
H   -0.3943695951   2.6780822180   2.1661192283
H    1.0369796231   3.4585797234   1.5418676724
H   -0.4647287795   3.6043392427   0.6821005527
*
