    0.00128928
   -0.03466832
   -0.06240343
   -0.05805994
   -0.03647533
    0.10604295
   -0.06895223
    0.00906753
   -0.48500025
    0.08718357
   -0.11316480
    0.01295853
   -0.11373138
    0.05630086
   -0.47422481
   -0.11571876
    0.04046809
    0.04079244
    0.03827725
    0.04109889
    0.04097221
    0.04414997
    0.04811537
    0.05665437
    0.31053559
    0.02711972
    0.02437638
    0.03385513
    0.03420237
    0.02878396
    0.03060191
    0.30575740
    0.05663120
    0.04750132
    0.03966293
