$coord
 0.16495404061237 -1.16898663326181   0.19514229830354  c
-1.77771586064511  0.75903062641615   1.23478240771687  c
-0.61597201490839  3.42563447621795   1.40195323653619  c
 1.08780230156014  4.16858790575476  -0.81035058342188  c
 2.82832899342929  1.97760644770587  -1.54412311702811  c
 1.19984800837531 -0.26733685908523  -2.37580737066929  c
 2.54924171373897 -1.11903049802589   1.86488124035147  c
 4.14815199320609  0.96817077430701   0.77202316986165  c
 2.60421170585781 -2.12091376342339  -3.67061813043817  o
-0.97303689825959 -3.81696566721502  -0.00016758922760  c
 6.33465064709756  1.76907256874256   1.66904945355023  c
-4.29931496524474  0.69592364613308  -0.11652559342442  c
-4.80526098087345  1.81594403013561  -2.29640212427404  c
-2.16617090983315  0.15061822238922   3.17530567212550  h
-1.68935357111871 -4.67727376272728   2.42601350533325  o
-6.34157205381378 -0.67098208679554   1.30433227977845  c
-2.14161371493137  4.80189052337067   1.58615478496755  h
 0.51416368772856  3.52552095003846   3.12569829416082  h
-0.02608467923727  4.71904449293695  -2.45399457027982  h
 2.22741656355086  5.79860416213868  -0.25752471866175  h
 4.14696611504024  2.57014700780104  -3.01853903020045  h
-0.30700536856889  0.24885888005885  -3.68135346349003  h
 3.54200463985752 -2.92843125923346   1.75741859635741  h
 2.09831234473255 -0.80615053974051   3.84901461161028  h
 4.10044687157389 -2.48135729983060  -2.69399028672272  h
 0.43882129656716 -5.09124753915397  -0.83207118300222  h
-2.60847007555810 -3.76033228921665  -1.27868808247294  h
 7.16044652906065  0.97433739058263   3.35133880038901  h
 7.38171666813514  3.26051477181993   0.76346605532857  h
-6.66496709776007  1.70696915491945  -3.12098814480113  h
-3.44847526972963  2.89475033507304  -3.35225062310222  h
-2.25000700803516 -6.40100749163277   2.28693635231901  h
-5.63608642598917 -2.44124062819026   2.07176841801618  h
-6.95706277532014  0.48690131151675   2.89495812841293  h
-7.96941636046740 -1.04223153884821   0.10689473102665  h
$end