           1           2  0.958486545284611     
           2           3  0.986059152437192     
           3           4   1.00843915679699     
           4           5  0.978801515079388     
           1           6  0.958720705912015     
           5           6  0.973098497381769     
           1           7  0.982363301480399     
           5           8  0.994343109753352     
           7           8   1.00678703987010     
           6           9  0.985719395938120     
           1          10  0.987080319751222     
           8          11   1.93480008401653     
           2          12  0.997205561360751     
          12          13   1.92695191433568     
           2          14  0.961400031786542     
          10          15  0.986164828991532     
          12          16   1.02459129029031     
           3          17  0.976330392300456     
           3          18  0.976965347855685     
           4          19  0.969993318070063     
           4          20  0.975693055093379     
           5          21  0.963150275841232     
           6          22  0.957538124232772     
           7          23  0.957593167529268     
           7          24  0.962452895697494     
           9          25  0.883390376094438     
          10          26  0.967862463290167     
          10          27  0.966783177101030     
          11          28  0.975080440338321     
          11          29  0.974872848303087     
          13          30  0.974514249658651     
          13          31  0.967368878099954     
          15          32  0.892955604849972     
          16          33  0.971093483560576     
          16          34  0.966597555832507     
          16          35  0.984198145273740     
