$coord
          2.499845904374          2.835653593265          3.698512721609     c 
          5.128861938056          2.456689335995          2.593860605038     c 
          5.181011195377          1.240438354613         -0.046037397760     c 
          3.185112688514         -0.958447507376         -0.326108048755     c 
          0.552455305617         -0.568296489549          1.019299827616     c 
          1.050080599077          0.347389597189          3.737465049795     c 
          2.595327049955         -1.492676337428         -3.117835156983     c 
          1.095763757496         -3.940444502485         -3.395024946280     c 
         -1.354856296359         -3.926012542011         -1.856241207349     c 
         -1.049131476476         -3.115777924975          0.954754350170     c 
         -1.501444711742          1.302799466086         -0.002242244128     c 
         -3.659020107555         -2.214163432886          1.841435984411     c 
         -3.865777054557          0.328438553261          0.684286309272     c 
         -6.163497567528          1.501648644526          0.271657697453     c 
         -6.173549632690          3.837992784862         -0.909543206947     c 
         -3.892546626439          4.869532739735         -1.588604708759     c 
         -1.561482266833          3.691964752025         -1.141955166788     c 
          0.383824578174          5.137145900020         -1.937975019758     o 
         -8.330180390218          0.296969662100          1.034914428099     o 
          4.792785238918          3.225449795014         -1.826352130105     o 
          7.934736569933          0.412236025964         -0.550118307056     c 
          4.566735807580         -3.268828889410          0.780741639760     c 
         -2.666282150713         -6.481885335184         -2.183747012303     c 
         -0.354490092037         -5.328262186487          2.708880503852     c 
          2.694060393296          3.552194147181          5.625072897116     h 
          1.457371693181          4.246992516256          2.623935728070     h 
          6.216311449965          1.266834538380          3.879897984460     h 
          6.095037127255          4.273205455565          2.447761878876     h 
         -0.735842604614          0.623655655372          4.723758022399     h 
          2.150480805239         -1.041341791609          4.789553048436     h 
          1.473067144266          0.054369515034         -3.900593881725     h 
          4.337844094999         -1.660713679584         -4.219703180753     h 
          0.599076827487         -4.187061042092         -5.385556820798     h 
          2.266732575581         -5.553753721403         -2.873559272944     h 
         -2.576148953568         -2.492687487567         -2.717179645633     h 
         -3.749990452162         -2.099141751305          3.900599705278     h 
         -5.190770611725         -3.444975052985          1.230877096828     h 
         -7.923018211896          4.824295771313         -1.286147609034     h 
         -3.806470309025          6.691338998378         -2.499248788211     h 
          2.034520427803          4.353109717702         -1.629545381266     h 
         -9.759378031855          1.340425620317          0.604525154947     h 
          5.040485356455          2.570011058663         -3.507713022105     h 
          9.063300176767          2.131480901868         -0.645791698426     h 
          8.718545294820         -0.767354582105          0.928601842785     h 
          8.110445749878         -0.558499543436         -2.355169457214     h 
          5.270598793491         -2.881405954419          2.667890625149     h 
          3.373534701206         -4.903276146460          0.872819358670     h 
          6.153751846402         -3.767593642831         -0.420163749296     h 
         -4.409294604234         -6.583187371103         -1.105554189354     h 
         -3.132663784912         -6.760916275780         -4.166982354276     h 
         -1.452805091816         -8.034428842439         -1.601571456612     h 
         -2.096460562385         -6.194240580192          3.379760038623     h 
          0.704251994122         -6.827580570652          1.790456722944     h 
          0.686793874512         -4.696529663438          4.358879783678     h 
$end
