$coord
-2.35502127618485 -2.66481795600111   3.90532348583839  c
-5.03944222507914 -2.25052496099019   2.98063821947845  c
-5.04062879847524 -1.42860498573405   0.19531665331759  c
-3.23828562671916  0.91829354798697  -0.25430372772406  c
-0.55686240536871  0.66319390352366   0.96581663381328  c
-0.87799573797168 -0.20402121788901   3.73613146208014  c
-2.77261080412429  1.48029353419850  -3.06476373660651  c
-1.23142921739759  3.90261505911271  -3.40690425900498  c
 1.30692427537528  3.86839506204013  -2.00968736494436  c
 1.05659887675828  3.17691509800936   0.83134037205231  c
 1.45336570187186 -1.16743439067948  -0.14310387177127  c
 3.64497010133499  2.25029198931735   1.80488062324288  c
 3.78444987750780 -0.38687230453631   0.83935018448288  c
 5.98782660063565 -1.78768233178873   0.70671077752291  c
 5.91162065357882 -4.09832889846885  -0.52681869452963  c
 3.72811691739741 -4.75739378423448  -1.78266757539618  c
 1.53498458459986 -3.28800628866280  -1.71525856650323  c
-0.32165756927531 -3.89869649410615  -3.40226903615233  o
 8.14299844572708 -0.83285427530409   1.77257774765541  o
-4.33358657810773 -3.63562436043709  -1.11484467491156  o
-7.80055578238834 -0.87866632958606  -0.58608497710497  c
-4.70990295735594  3.16711926270980   0.86456752100254  c
 2.67827576456960  6.36964423228343  -2.47831155245618  c
 0.35558017013197  5.47046027706823   2.46122053659677  c
-2.37852272116252 -3.33224023303536   5.85890960000815  h
-1.45495490107214 -4.10518739034420   2.73857081291380  h
-5.99024882342634 -0.85789186145264   4.16322516650072  h
-6.10288531324141 -4.01372612325993   3.08961631989019  h
 0.96045118714863 -0.47628753188537   4.61724679433274  h
-1.88794849410668  1.24002968716128   4.80441377810099  h
-1.73953667342271 -0.07830341190910  -3.92153928222375  h
-4.56123368019566  1.69805423246081  -4.07431916232788  h
-0.84615885108331  4.14704984710411  -5.42270349051273  h
-2.33885702888257  5.53762615908911  -2.81658924032818  h
 2.44536791760477  2.37036592488905  -2.87326994632839  h
 3.75305982354276  2.34816759328454   3.86163537260553  h
 5.21760217055494  3.35995063080822   1.06815189241490  h
 7.56179638165747 -5.30014979036777  -0.61379603609301  h
 3.70889997533158 -6.46370434919017  -2.91192482051336  h
-0.00527801092655 -5.56594147425740  -4.06466535582036  h
 9.50684615410859 -2.01264515785086   1.51541729279058  h
-4.22774775744293 -3.24536544142860  -2.88728073581537  h
-8.77649909964896  0.33716822569532   0.74409881124974  h
-7.90783806052749 -0.05618627182065  -2.46633618433333  h
-8.78524691192556 -2.68500403617353  -0.62972280396974  h
-6.37643080345012  3.52628643009284  -0.27792648045782  h
-5.31302810043590  2.80656303456380   2.78981585191627  h
-3.61454392901436  4.87645232687322   0.86085415833238  h
 4.47196896443023  6.44196147295135  -1.48176887135259  h
 3.06199435355212  6.57669915299945  -4.48802495215738  h
 1.54273061601873  7.97608840043588  -1.88698282440342  h
-0.58031483935446  4.91216256310216   4.19897553937874  h
 2.08916463692807  6.45116442595425   2.97976706877372  h
-0.81760239665689  6.84445626695491   1.48923871173932  h
$end