! hf-3c
! DEFGRID2
! scfconv6
! miniprint nopop noautostart
%MaxCore 2500
%pal
    nprocs 12
end
*xyz 0 1
C   -1.2462235900  -1.4101609329   2.0666081890
C   -2.6667579800  -1.1909265214   1.5772858190
C   -2.6673858876  -0.7559852015   0.1033571218
C   -1.7136269553   0.4859400183  -0.1345717373
C   -0.2946788944   0.3509471000   0.5110881523
C   -0.4646153356  -0.1079633790   1.9770756258
C   -1.4672024516   0.7833376034  -1.6218031255
C   -0.6516442784   2.0651749513  -1.8028560928
C    0.6915945426   2.0470665087  -1.0634807541
C    0.5591280464   1.6811510701   0.4399263792
C    0.7690880082  -0.6177796745  -0.0757273077
C    1.9288351112   1.1908032381   0.9551016938
C    2.0026446301  -0.2047240070   0.4441649894
C    3.1686213785  -0.9460007499   0.3739752380
C    3.1282949280  -2.1687422549  -0.2787804473
C    1.9728345114  -2.5175043728  -0.9433470551
C    0.8122788609  -1.7399379965  -0.9076757438
O   -0.1702138553  -2.0631013360  -1.8004032385
O    4.3090892040  -0.4407275023   0.9380077482
O   -2.2932352576  -1.9238895581  -0.5899503954
C   -4.1278763506  -0.4649701974  -0.3101428134
C   -2.4923733095   1.6759673373   0.4575094292
C    1.4172824985   3.3706705678  -1.3114659945
C    0.1881649226   2.8948429105   1.3024218184
H   -1.2586600191  -1.7633455918   3.1004014397
H   -0.7699289762  -2.1723716125   1.4491892640
H   -3.1699031636  -0.4539768223   2.2030838810
H   -3.2295078271  -2.1239723943   1.6349545462
H    0.5082488802  -0.2520405076   2.4433417796
H   -0.9990593180   0.6561954510   2.5423862820
H   -0.9205231647  -0.0414363811  -2.0751892189
H   -2.4137009161   0.8985716023  -2.1560368497
H   -0.4477679806   2.1945242706  -2.8695711074
H   -1.2376698387   2.9303855646  -1.4904748378
H    1.2940329737   1.2543436284  -1.5204689757
H    1.9860337289   1.2425967772   2.0434894351
H    2.7610361630   1.7780093028   0.5652416390
H    4.0015303169  -2.8047184822  -0.3248068743
H    1.9626653436  -3.4204450381  -1.5409242542
H   -0.0027930031  -2.9453693841  -2.1509282753
H    5.0308063301  -1.0650459507   0.8019242960
H   -2.2372277657  -1.7173734319  -1.5278831662
H   -4.6443233130   0.1784217412   0.3937601334
H   -4.1846476873  -0.0297324946  -1.3051289026
H   -4.6489524559  -1.4208429465  -0.3332349569
H   -3.3742618666   1.8660304171  -0.1470723597
H   -2.8115333904   1.4851691982   1.4763069708
H   -1.9127342742   2.5805074403   0.4555444023
H    2.3664640628   3.4089392035  -0.7841183182
H    1.6203376311   3.4802393132  -2.3749605256
H    0.8163778842   4.2207642118  -0.9985483076
H   -0.3070893880   2.5994044835   2.2220021636
H    1.1055383152   3.4138091965   1.5768248259
H   -0.4326565557   3.6219302759   0.7880711875
*
