   -0.00969035
   -0.03679724
   -0.06164785
   -0.05957857
   -0.02943681
    0.11804745
   -0.06584400
    0.01733958
   -0.49896307
    0.07918672
   -0.11274975
    0.00786330
   -0.11043692
    0.04557023
   -0.47520261
   -0.11727680
    0.04195627
    0.04268984
    0.03830134
    0.04194634
    0.04472634
    0.01584166
    0.04817298
    0.04730543
    0.31977643
    0.05042251
    0.02730910
    0.03361843
    0.03399395
    0.03282905
    0.03446913
    0.31298554
    0.05118136
    0.04582098
    0.04627000
