           1           2  0.957755261728310     
           2           3  0.984750023988652     
           3           4   1.00865790943192     
           4           5  0.980494449866306     
           1           6  0.963922571160448     
           5           6  0.976720356576164     
           1           7  0.983411099808129     
           5           8  0.994387726561597     
           7           8   1.00501992525225     
           6           9  0.987435826415928     
           1          10  0.977104105864932     
           8          11   1.93835884309121     
           2          12  0.996073774056803     
          12          13   1.92986206458037     
           2          14  0.963582202602437     
          10          15  0.988221676502917     
          12          16   1.02379945252236     
           3          17  0.976067199340854     
           3          18  0.976427179537203     
           4          19  0.970030991603672     
           4          20  0.975438968397972     
           5          21  0.962543998333679     
           6          22  0.953892269795980     
           7          23  0.952859886374074     
           7          24  0.966125843215604     
           9          25  0.855967906587922     
          10          26  0.968334772870967     
          10          27  0.967831555606974     
          11          28  0.975068518993118     
          11          29  0.974953345006527     
          13          30  0.973940029131894     
          13          31  0.966347656741063     
          15          32  0.879670798974249     
          16          33  0.968648022153073     
          16          34  0.984082906564702     
          16          35  0.971518563847793     
