$coord
 0.19674697341592 -1.29860043827272  -0.47333875712989  c
 1.14171228034377  1.20730189947354  -1.68959463781135  c
-0.96096835152094  3.22859081636725  -1.58620500746289  c
-2.44256535379421  3.33401548918974   0.89428462782974  c
-3.19267262390402  0.66836184584026   1.73568237819065  c
-0.78554522288230 -0.88694363898579   2.24439921060896  c
-2.25526669409851 -2.10931989642327  -1.81973715096456  c
-4.33980039293894 -0.71466354063353  -0.46484412903676  c
 0.92352356572808  0.11389043308137   3.98273830260295  o
 2.25567757120284 -3.35271569849669  -0.52014135425731  c
-6.74841056321863 -0.70371632581930  -1.11380015884235  c
 3.67838139105704  2.20031700557510  -0.78607734972813  c
 3.96196979712237  4.12719460544187   0.79486507868969  c
 1.42962495577266  0.76841589773898  -3.69960144772914  h
 1.42674099049746 -5.75513591438312   0.25002546355404  o
 6.00110630043811  1.04475201265757  -1.95426249193657  c
-0.13482204932761  5.07434368932893  -1.99446719250005  h
-2.31057232406497  2.82585217493905  -3.09384030791335  h
-1.36380669849000  4.23196481224991   2.40454421400528  h
-4.14424237227328  4.46430919541851   0.59921287785339  h
-4.43974250804447  0.76125378129939   3.37492397988719  h
-1.31507164720662 -2.73123015307117   3.02833565956292  h
-2.22735887701526 -1.71341073787364  -3.84331585051627  h
-2.57636093431506 -4.13661679653299  -1.58397843576585  h
 1.73580755175947  1.56803930341107   3.23814361928104  h
 3.70805997222669 -2.84757950969227   0.85547256679257  h
 3.10785486173476 -3.45866650300888  -2.41128420474578  h
-7.42855686589917 -1.71624280843485  -2.74385534226165  h
-8.13971652000355  0.31731684625534  -0.03719940409958  h
 5.81906475772308  4.80718327812943   1.27912235722129  h
 2.42589634401423  5.14285270836643   1.65453536291077  h
 0.30697064296161 -6.44424489138970  -1.00884397690534  h
 7.50009538539072  2.44570035860271  -2.07688950306171  h
 6.70568603380934 -0.51753899351268  -0.81765598286474  h
 5.61748205981185  0.33470282285163  -3.84382004947764  h
$end