   -0.00140575
   -0.02703257
   -0.05978277
   -0.05531638
   -0.03147270
    0.12410105
   -0.07616736
    0.01124731
   -0.48029596
    0.08660779
   -0.11270895
    0.01669252
   -0.10909719
    0.04048108
   -0.47521890
   -0.10993621
    0.03915113
    0.03712449
    0.05068548
    0.03541132
    0.03941333
    0.00216021
    0.05433584
    0.04575921
    0.32551428
    0.02546110
    0.02077710
    0.03701902
    0.03835873
    0.02552906
    0.04644184
    0.31053440
    0.04309159
    0.04227559
    0.04026126
