           1           2  0.961650322778528     
           2           3  0.984673247606456     
           3           4   1.00977292014053     
           4           5  0.978691910472150     
           1           6  0.961103758976804     
           5           6  0.972743116393156     
           1           7  0.980154819440800     
           5           8  0.997048780291862     
           7           8   1.00423811772234     
           6           9  0.998365118070418     
           1          10  0.985786024144548     
           8          11   1.93653038564212     
           2          12  0.995467635545074     
          12          13   1.93243483777608     
           2          14  0.962372285834040     
          10          15  0.985199158323379     
          12          16   1.02201109383594     
           3          17  0.976327017877533     
           3          18  0.977037393695388     
           4          19  0.968004463108869     
           4          20  0.976063607679701     
           5          21  0.964568666394381     
           6          22  0.955319729093972     
           7          23  0.965268048631610     
           7          24  0.959102553386819     
           9          25  0.859540563781535     
          10          26  0.967274188084326     
          10          27  0.967400935463153     
          11          28  0.974678748940409     
          11          29  0.974573623451108     
          13          30  0.974715439692017     
          13          31  0.967594591589088     
          15          32  0.887259482720464     
          16          33  0.972281344042064     
          16          34  0.970533627640361     
          16          35  0.984735795078202     
