          18
    1     0.5      2.2410   0
    1     0.5      1.3960   0
    1     0.5      2.0230   0
    1     0.5      2.3720   0
    1     0.5      1.3380   0
    1     0.5      2.8350   0
    1     0.5      4.3110   0
    1     0.5      2.1500   0
    1     0.5      2.0490   0
    1     0.5      3.4910   0
    1     0.5      4.2220   0
    1     0.5      3.5640   0
    1     0.5      4.9190   0
    1     0.5      5.0700   0
    1     0.5      5.3300   0
    1     0.5      5.9560   0
    1     0.5      2.1870   0
    3     0.5      1.9433   0
    2    1      0.5570
    3    1      8.6580
    3    2    -14.7150
    4    1     -0.5850
    4    2      5.7330
    4    3     13.8190
    5    1      0.4510
    5    2      1.3280
    5    3      6.1250
    5    4    -13.5720
    6    1      0.5590
    6    2      0.7420
    6    3     -0.5370
    6    4      2.0170
    6    5      4.6500
    7    1      0.6400
    7    2      0.8020
    7    3      0.0740
    7    4     -0.5020
    7    5      0.3240
    7    6      5.3080
    8    1     -0.5150
    8    2     -0.0550
    8    3     -0.0550
    8    4     -0.0320
    8    5      0.0880
    8    6     -1.0840
    8    7     -0.0230
    9    1     -0.1100
    9    2     -0.0700
    9    3      0.3720
    9    4     -0.3680
    9    5      0.1320
    9    6     -0.0010
    9    7      0.2120
    9    8    -18.6000
   10    1      0.1870
   10    2     -0.0290
   10    3      0.0410
   10    4     -0.0780
   10    5     -0.0850
   10    6     -0.5390
   10    7      0.3300
   10    8     -0.0860
   10    9     -0.0310
   11    1     -0.2600
   11    2      0.0730
   11    3      0.0070
   11    4      0.0130
   11    5     -0.0070
   11    6      0.6600
   11    7     -0.0910
   11    8     -0.0810
   11    9     -0.2020
   11   10     -0.1220
   12    1     -0.2830
   12    2      0.5250
   12    3     -0.0880
   12    4     -0.0100
   12    5     -0.0300
   12    6     -0.0680
   12    7     -0.2390
   12    8     -0.1940
   12    9     -0.4500
   12   10      0.0290
   12   11    -12.4080
   13    1      0.0080
   13    2     -0.0080
   13    3     -0.0520
   13    4      0.1340
   13    5      0.1150
   13    6     -1.0610
   13    7      0.0080
   13    8     -2.0750
   13    9     -2.7630
   13   10      0.3070
   13   11     -0.0130
   13   12     -0.0090
   14    1      0.0380
   14    2      0.0140
   14    3     -0.0310
   14    4     -0.0200
   14    5      0.0810
   14    6     -1.0320
   14    7      0.0450
   14    8     -2.4200
   14    9     -3.2550
   14   10      0.0570
   14   11     -0.0370
   14   12      0.0010
   14   13      0.3110
   15    1      1.5210
   15    2      0.1780
   15    3     -0.1540
   15    4      0.0260
   15    5     -0.0040
   15    6      0.0050
   15    7     -0.0930
   15    8      0.0600
   15    9      0.0430
   15   10     -0.0250
   15   11     -0.0110
   15   12     -0.0500
   15   13      0.0000
   15   14      0.0000
   16    1     -0.1850
   16    2      0.0340
   16    3     -0.2210
   16    4     -0.2480
   16    5     -0.0590
   16    6      0.0030
   16    7     -0.1860
   16    8      0.0240
   16    9      0.0080
   16   10      0.0430
   16   11     -0.0050
   16   12     -0.0370
   16   13     -0.0010
   16   14     -0.0020
   16   15      1.2990
   17    1      0.0830
   17    2      0.0720
   17    3      0.0360
   17    4      0.0010
   17    5      0.0040
   17    6      0.0010
   17    7      0.0120
   17    8      0.0390
   17    9     -0.0050
   17   10     -0.0040
   17   11      2.0370
   17   12     14.6450
   17   13     -0.0090
   17   14     -0.0250
   17   15      0.0890
   17   16      0.1360
   18    1      0.2022
   18    2      0.0385
   18    3     -0.0848
   18    4     -0.0105
   18    5      0.0182
   18    6     -0.0039
   18    7      0.0059
   18    8     -0.0019
   18    9      0.0149
   18   10     -0.0088
   18   11     -0.0428
   18   12     -0.0047
   18   13      0.0006
   18   14     -0.0006
   18   15     -1.6000
   18   16     -1.0210
   18   17      0.0522
end
