          18
    1     0.5      2.6740   0
    1     0.5      1.5190   0
    1     0.5      1.8980   0
    1     0.5      2.2420   0
    1     0.5      1.3000   0
    1     0.5      2.7820   0
    1     0.5      4.2460   0
    1     0.5      2.1790   0
    1     0.5      2.0480   0
    1     0.5      3.9680   0
    1     0.5      4.2830   0
    1     0.5      3.5650   0
    1     0.5      4.9020   0
    1     0.5      5.0460   0
    1     0.5      4.8750   0
    1     0.5      5.1180   0
    1     0.5      2.7160   0
    3     0.5      2.2530   0
    2    1      0.6230
    3    1      7.5880
    3    2    -15.3270
    4    1     -0.6100
    4    2      5.4030
    4    3     13.9030
    5    1      0.5890
    5    2      1.4470
    5    3      5.9290
    5    4    -13.4690
    6    1      0.5720
    6    2      0.7620
    6    3     -0.5280
    6    4      2.0360
    6    5      4.5710
    7    1      0.5440
    7    2      0.8910
    7    3      0.1050
    7    4     -0.4960
    7    5      0.4070
    7    6      5.2190
    8    1     -0.4750
    8    2     -0.0530
    8    3     -0.0700
    8    4     -0.0720
    8    5      0.0920
    8    6     -1.0610
    8    7     -0.0230
    9    1     -0.1240
    9    2     -0.0440
    9    3      0.4080
    9    4     -0.3970
    9    5      0.1390
    9    6      0.0670
    9    7      0.2180
    9    8    -18.7140
   10    1      0.1680
   10    2     -0.0310
   10    3      0.0270
   10    4     -0.0670
   10    5     -0.0650
   10    6     -0.5440
   10    7      0.2870
   10    8     -0.0770
   10    9     -0.0320
   11    1     -0.2910
   11    2      0.0840
   11    3      0.0150
   11    4      0.0150
   11    5     -0.0020
   11    6      0.6620
   11    7     -0.0590
   11    8     -0.0920
   11    9     -0.2060
   11   10     -0.1060
   12    1     -0.2270
   12    2      0.6570
   12    3     -0.0820
   12    4     -0.0120
   12    5     -0.0320
   12    6     -0.0680
   12    7     -0.2590
   12    8     -0.1830
   12    9     -0.4450
   12   10      0.0360
   12   11    -12.5780
   13    1      0.0100
   13    2     -0.0080
   13    3     -0.0450
   13    4      0.1220
   13    5      0.1220
   13    6     -1.0170
   13    7      0.0050
   13    8     -2.1100
   13    9     -2.7270
   13   10      0.2910
   13   11     -0.0140
   13   12     -0.0120
   14    1      0.0350
   14    2      0.0140
   14    3     -0.0240
   14    4     -0.0390
   14    5      0.0830
   14    6     -1.0060
   14    7      0.0410
   14    8     -2.4650
   14    9     -3.2130
   14   10      0.0530
   14   11     -0.0380
   14   12     -0.0080
   14   13      0.2810
   15    1     -0.0260
   15    2      0.2260
   15    3      0.2040
   15    4     -0.0480
   15    5      0.0660
   15    6     -0.0070
   15    7     -0.0830
   15    8     -0.0170
   15    9      0.0130
   15   10     -0.0030
   15   11      0.0910
   15   12      0.0670
   15   13      0.0000
   15   14      0.0000
   16    1     -0.9080
   16    2      0.0860
   16    3     -0.1030
   16    4     -0.0400
   16    5     -0.0150
   16    6     -0.0010
   16    7     -0.0610
   16    8     -0.0070
   16    9     -0.0220
   16   10     -0.0020
   16   11     -0.0750
   16   12     -0.0450
   16   13      0.0000
   16   14     -0.0010
   16   15      2.0640
   17    1      0.1680
   17    2      0.0320
   17    3      0.0390
   17    4      0.0000
   17    5     -0.0010
   17    6      0.0000
   17    7     -0.0010
   17    8      0.0730
   17    9      0.0470
   17   10      0.0670
   17   11      3.9670
   17   12     13.3590
   17   13     -0.0070
   17   14     -0.0220
   17   15     -0.0380
   17   16     -0.0270
   18    1     -0.2845
   18    2     -0.1025
   18    3      0.0494
   18    4     -0.0572
   18    5      0.0452
   18    6      0.0044
   18    7     -0.0865
   18    8      0.0182
   18    9      0.0034
   18   10      0.0220
   18   11     -0.0147
   18   12     -0.0098
   18   13      0.0006
   18   14      0.0017
   18   15     -1.7307
   18   16     -1.0292
   18   17      0.0711
end
