          18
    1     0.5      2.1390   0
    1     0.5      1.6130   0
    1     0.5      2.0040   0
    1     0.5      2.5040   0
    1     0.5      1.3490   0
    1     0.5      2.8380   0
    1     0.5      4.3130   0
    1     0.5      2.2420   0
    1     0.5      2.0650   0
    1     0.5      3.4650   0
    1     0.5      4.2600   0
    1     0.5      3.8770   0
    1     0.5      4.8880   0
    1     0.5      5.0510   0
    1     0.5      5.0400   0
    1     0.5      5.3560   0
    1     0.5      1.4670   0
    3     0.5      1.9033   0
    2    1      0.6150
    3    1      8.2070
    3    2    -14.8110
    4    1     -0.5870
    4    2      5.8910
    4    3     13.9010
    5    1      0.4440
    5    2      1.2640
    5    3      6.3530
    5    4    -13.3900
    6    1      0.5590
    6    2      0.7710
    6    3     -0.5490
    6    4      2.3350
    6    5      4.2800
    7    1      0.6530
    7    2      0.7500
    7    3      0.0830
    7    4     -0.5030
    7    5      0.3610
    7    6      5.2470
    8    1     -0.4790
    8    2     -0.0520
    8    3     -0.0590
    8    4     -0.1020
    8    5      0.0990
    8    6     -1.1070
    8    7     -0.1760
    9    1     -0.2000
    9    2      0.0320
    9    3      0.5230
    9    4     -0.4230
    9    5      0.1530
    9    6      0.1470
    9    7      0.1790
    9    8    -18.9020
   10    1      0.2000
   10    2     -0.0320
   10    3      0.0290
   10    4     -0.0570
   10    5     -0.0260
   10    6     -0.5640
   10    7     -0.3590
   10    8     -0.0920
   10    9     -0.0300
   11    1     -0.2800
   11    2      0.1040
   11    3      0.0230
   11    4      0.0110
   11    5     -0.0050
   11    6      0.5670
   11    7     -0.1020
   11    8     -0.0770
   11    9     -0.2270
   11   10     -0.0950
   12    1     -0.2160
   12    2      0.5710
   12    3     -0.0670
   12    4     -0.0110
   12    5     -0.0330
   12    6     -0.0630
   12    7     -0.2730
   12    8     -0.1880
   12    9     -0.5210
   12   10      0.0590
   12   11     -9.0030
   13    1      0.0090
   13    2     -0.0050
   13    3     -0.0410
   13    4      0.1080
   13    5      0.1280
   13    6     -0.9960
   13    7      0.0010
   13    8     -2.1930
   13    9     -2.6920
   13   10      0.2900
   13   11     -0.0140
   13   12     -0.0130
   14    1      0.0400
   14    2      0.0200
   14    3     -0.0190
   14    4     -0.0650
   14    5      0.0900
   14    6     -1.0010
   14    7      0.0430
   14    8     -2.5630
   14    9     -3.1730
   14   10      0.0590
   14   11     -0.0360
   14   12     -0.0070
   14   13      0.3260
   15    1      0.6790
   15    2      0.0470
   15    3     -0.2200
   15    4     -0.0170
   15    5      0.0060
   15    6      0.0100
   15    7     -0.1180
   15    8      0.0700
   15    9      0.0660
   15   10     -0.0050
   15   11     -0.0310
   15   12     -0.0920
   15   13      0.0000
   15   14      0.0000
   16    1     -0.6050
   16    2     -0.0570
   16    3     -0.1570
   16    4     -0.3870
   16    5     -0.0430
   16    6      0.0100
   16    7     -0.1130
   16    8      0.0210
   16    9      0.0120
   16   10      0.0220
   16   11     -0.0270
   16   12     -0.0800
   16   13     -0.0020
   16   14     -0.0020
   16   15      0.9930
   17    1      0.1130
   17    2      0.0110
   17    3      0.0080
   17    4     -0.0020
   17    5     -0.0200
   17    6     -0.0250
   17    7      0.0520
   17    8     -0.0320
   17    9      0.0130
   17   10     -0.3810
   17   11      0.3300
   17   12      2.2690
   17   13      0.0260
   17   14      0.1170
   17   15     -0.0630
   17   16     -0.0610
   18    1     -0.1168
   18    2      0.0452
   18    3     -0.0416
   18    4     -0.0235
   18    5      0.0148
   18    6      0.0003
   18    7     -0.0490
   18    8     -0.0082
   18    9     -0.0068
   18   10     -0.0163
   18   11     -0.0910
   18   12      0.0235
   18   13      0.0003
   18   14     -0.0007
   18   15     -1.5478
   18   16     -0.8262
   18   17     -0.0292
end
