          18
    1     0.5      2.6240   0
    1     0.5      1.7640   0
    1     0.5      1.8910   0
    1     0.5      2.4180   0
    1     0.5      1.5190   0
    1     0.5      2.7420   0
    1     0.5      3.7190   0
    1     0.5      2.4890   0
    1     0.5      2.2380   0
    1     0.5      3.3400   0
    1     0.5      3.5510   0
    1     0.5      4.0400   0
    1     0.5      4.9340   0
    1     0.5      5.0690   0
    1     0.5      5.1620   0
    1     0.5      5.5070   0
    1     0.5      1.2140   0
    3     0.5      1.9883   0
    2    1      0.7710
    3    1      7.4820
    3    2    -15.3010
    4    1     -0.6230
    4    2      5.6000
    4    3     14.2000
    5    1      0.6290
    5    2      1.3420
    5    3      6.2150
    5    4    -14.0530
    6    1      0.5350
    6    2      0.7730
    6    3     -0.5570
    6    4      2.3470
    6    5      4.1890
    7    1      0.7100
    7    2      0.7760
    7    3      0.1010
    7    4     -0.4020
    7    5      0.8330
    7    6      5.0620
    8    1     -0.4150
    8    2     -0.0320
    8    3     -0.0760
    8    4     -0.1250
    8    5      0.0910
    8    6     -1.1090
    8    7     -0.0270
    9    1     -0.2330
    9    2      0.0770
    9    3      0.5790
    9    4     -0.4450
    9    5      0.1420
    9    6      0.1140
    9    7      0.0430
    9    8    -18.4010
   10    1      0.0100
   10    2      0.0030
   10    3      0.0090
   10    4      0.0150
   10    5     -0.0200
   10    6     -0.0490
   10    7     12.4280
   10    8     -0.2630
   10    9      0.1870
   11    1     -0.5960
   11    2      0.6720
   11    3     -0.0450
   11    4     -0.0170
   11    5     -0.0220
   11    6     -0.0650
   11    7     -0.3530
   11    8     -0.1390
   11    9     -0.3680
   11   10     -0.0130
   12    1     -0.2230
   12    2     -0.0160
   12    3      0.0460
   12    4     -0.0070
   12    5     -0.0230
   12    6     -0.0590
   12    7     -0.2240
   12    8     -0.0410
   12    9      0.2170
   12   10      0.0230
   12   11    -12.7370
   13    1      0.0080
   13    2     -0.0040
   13    3     -0.0390
   13    4      0.1260
   13    5      0.1480
   13    6     -0.9660
   13    7      0.0060
   13    8     -2.2240
   13    9     -2.6650
   13   10     -0.0430
   13   11     -0.0060
   13   12      0.0430
   14    1      0.0390
   14    2      0.0240
   14    3     -0.0160
   14    4     -0.0700
   14    5      0.1020
   14    6     -0.9910
   14    7      0.0530
   14    8     -2.6080
   14    9     -3.1470
   14   10     -0.0190
   14   11      0.0000
   14   12      0.2460
   14   13      0.2830
   15    1      0.0910
   15    2      0.0060
   15    3     -0.2320
   15    4     -0.0100
   15    5      0.0240
   15    6      0.0100
   15    7     -0.1340
   15    8      0.0710
   15    9      0.0680
   15   10     -0.0370
   15   11     -0.0210
   15   12     -0.0060
   15   13      0.0000
   15   14      0.0090
   16    1     -1.1010
   16    2     -0.1290
   16    3     -0.1000
   16    4     -0.5460
   16    5     -0.0150
   16    6      0.0140
   16    7     -0.0120
   16    8      0.0200
   16    9      0.0410
   16   10     -0.8430
   16   11     -0.0090
   16   12      0.0040
   16   13     -0.0040
   16   14     -0.0030
   16   15      0.1400
   17    1      0.0450
   17    2     -0.0020
   17    3     -0.0070
   17    4      0.0010
   17    5     -0.0010
   17    6     -0.0840
   17    7      0.0280
   17    8     -0.1130
   17    9      0.0140
   17   10     -0.0130
   17   11      2.1870
   17   12     15.8930
   17   13      0.0050
   17   14      0.0100
   17   15     -0.0130
   17   16     -0.0100
   18    1     -0.2786
   18    2      0.0663
   18    3     -0.0104
   18    4     -0.0269
   18    5     -0.0048
   18    6      0.0038
   18    7     -0.0529
   18    8     -0.0032
   18    9     -0.0076
   18   10     -0.0184
   18   11      0.0248
   18   12     -0.1099
   18   13      0.0003
   18   14     -0.0011
   18   15     -1.4668
   18   16     -0.7748
   18   17     -0.0411
end
