          18
    1     0.5      2.1200   0
    1     0.5      1.7190   0
    1     0.5      2.0400   0
    1     0.5      2.3840   0
    1     0.5      1.5340   0
    1     0.5      2.7650   0
    1     0.5      3.9590   0
    1     0.5      2.0220   0
    1     0.5      2.9700   0
    1     0.5      3.1100   0
    1     0.5      4.1300   0
    1     0.5      3.3120   0
    1     0.5      4.9460   0
    1     0.5      5.0810   0
    1     0.5      5.1180   0
    1     0.5      5.5000   0
    1     0.5      1.4370   0
    3     0.5      1.8427   0
    2    1      0.7280
    3    1      7.6180
    3    2    -15.1420
    4    1     -0.6230
    4    2      5.5270
    4    3     14.2660
    5    1      0.5900
    5    2      1.3910
    5    3      6.1800
    5    4    -14.0910
    6    1      0.5100
    6    2      0.7920
    6    3     -0.5470
    6    4      2.2560
    6    5      4.2680
    7    1      0.6830
    7    2      0.8330
    7    3      0.1040
    7    4     -0.3940
    7    5      0.7760
    7    6      5.2020
    8    1     -0.4310
    8    2     -0.0320
    8    3     -0.0690
    8    4     -0.1160
    8    5      0.0950
    8    6     -1.1020
    8    7      0.0220
    9    1     -0.2270
    9    2      0.0550
    9    3      0.5610
    9    4     -0.4390
    9    5      0.1390
    9    6      0.3120
    9    7      0.0680
    9    8    -19.1830
   10    1      0.0160
   10    2      0.0070
   10    3      0.0090
   10    4      0.0000
   10    5     -0.0250
   10    6     -0.0430
   10    7     12.6440
   10    8     -0.2700
   10    9      0.1680
   11    1     -0.1280
   11    2     -0.0330
   11    3      0.1280
   11    4     -0.0040
   11    5     -0.0160
   11    6     -0.0160
   11    7     -0.2600
   11    8     -0.5200
   11    9      0.0460
   11   10      0.0230
   12    1     -0.2550
   12    2      0.0090
   12    3      0.0620
   12    4      0.0000
   12    5     -0.0360
   12    6      0.9030
   12    7     -0.4980
   12    8     -0.1830
   12    9     -0.2340
   12   10      0.1410
   12   11    -11.9000
   13    1      0.0090
   13    2     -0.0040
   13    3     -0.0360
   13    4      0.1330
   13    5      0.1440
   13    6     -0.9630
   13    7      0.0090
   13    8     -2.2570
   13    9     -2.7450
   13   10     -0.0450
   13   11      0.0530
   13   12     -0.0100
   14    1      0.0350
   14    2      0.0170
   14    3     -0.0160
   14    4     -0.0580
   14    5      0.0980
   14    6     -0.9620
   14    7      0.0590
   14    8     -2.6530
   14    9     -3.2290
   14   10     -0.0200
   14   11      0.3320
   14   12     -0.0080
   14   13      0.4070
   15    1      0.2850
   15    2      0.0150
   15    3     -0.2330
   15    4     -0.0070
   15    5      0.0180
   15    6      0.0120
   15    7     -0.1360
   15    8      0.0850
   15    9      0.0560
   15   10     -0.0470
   15   11     -0.0110
   15   12     -0.0450
   15   13      0.0000
   15   14      0.0100
   16    1     -1.0140
   16    2     -0.1080
   16    3     -0.1030
   16    4     -0.5340
   16    5     -0.0290
   16    6      0.0170
   16    7     -0.0280
   16    8      0.0290
   16    9      0.0330
   16   10     -0.8470
   16   11     -0.0050
   16   12     -0.0420
   16   13     -0.0030
   16   14     -0.0020
   16   15     -0.0420
   17    1      0.0800
   17    2     -0.0350
   17    3      0.0150
   17    4      0.0030
   17    5     -0.0120
   17    6     -0.0250
   17    7     -0.2680
   17    8     -0.0060
   17    9      0.0620
   17   10     -0.0140
   17   11      3.8510
   17   12     14.5570
   17   13      0.0000
   17   14      0.0000
   17   15     -0.0030
   17   16     -0.0040
   18    1     -0.1582
   18    2      0.0839
   18    3     -0.0176
   18    4     -0.0257
   18    5      0.0065
   18    6      0.0022
   18    7     -0.0520
   18    8      0.0009
   18    9      0.0072
   18   10     -0.0289
   18   11     -0.0918
   18   12     -0.0431
   18   13      0.0005
   18   14     -0.0008
   18   15     -1.4821
   18   16     -0.7283
   18   17      0.0140
end
