          18
    1     0.5      2.2720   0
    1     0.5      1.7390   0
    1     0.5      2.0400   0
    1     0.5      2.3200   0
    1     0.5      1.5500   0
    1     0.5      2.7750   0
    1     0.5      4.1080   0
    1     0.5      2.2340   0
    1     0.5      2.0710   0
    1     0.5      3.6550   0
    1     0.5      3.9430   0
    1     0.5      3.8770   0
    1     0.5      4.9040   0
    1     0.5      5.0770   0
    1     0.5      5.0330   0
    1     0.5      5.4180   0
    1     0.5      3.6470   0
    3     0.5      2.1347   0
    2    1      0.7200
    3    1      7.6520
    3    2    -15.1940
    4    1     -0.6160
    4    2      5.6140
    4    3     14.1940
    5    1      0.5650
    5    2      1.3450
    5    3      6.3110
    5    4    -14.4060
    6    1      0.5400
    6    2      0.8470
    6    3     -0.5520
    6    4      2.2830
    6    5      4.2170
    7    1      0.7570
    7    2      0.7960
    7    3      0.0990
    7    4     -0.4230
    7    5      0.7130
    7    6      5.0190
    8    1     -0.4460
    8    2     -0.0370
    8    3     -0.0720
    8    4     -0.1390
    8    5      0.0920
    8    6     -1.0790
    8    7     -0.0560
    9    1     -0.2130
    9    2      0.1030
    9    3      0.5980
    9    4     -0.4450
    9    5      0.1400
    9    6      0.1940
    9    7      0.0230
    9    8    -19.1720
   10    1     -0.0320
   10    2      0.0020
   10    3      0.0090
   10    4     -0.1770
   10    5     -0.0620
   10    6     -0.0320
   10    7     14.2400
   10    8     -0.2180
   10    9      0.1820
   11    1     -0.3010
   11    2      0.0980
   11    3      0.0330
   11    4      0.0130
   11    5     -0.0020
   11    6      0.5460
   11    7      0.0610
   11    8     -0.1150
   11    9     -0.2440
   11   10     -0.0300
   12    1     -0.1040
   12    2      0.6820
   12    3     -0.0540
   12    4     -0.0140
   12    5     -0.0380
   12    6     -0.0690
   12    7     -0.2640
   12    8     -0.1890
   12    9     -0.5830
   12   10     -0.0090
   12   11    -11.7260
   13    1      0.0130
   13    2     -0.0050
   13    3     -0.0390
   13    4      0.1440
   13    5      0.1540
   13    6     -0.9380
   13    7      0.0170
   13    8     -2.2720
   13    9     -2.6590
   13   10     -0.0450
   13   11     -0.0160
   13   12     -0.0210
   14    1      0.0380
   14    2      0.0200
   14    3     -0.0170
   14    4     -0.0600
   14    5      0.1020
   14    6     -0.9650
   14    7      0.0540
   14    8     -2.6710
   14    9     -3.1300
   14   10     -0.0130
   14   11     -0.0380
   14   12     -0.0270
   14   13      0.2330
   15    1      0.2400
   15    2      0.0130
   15    3     -0.2190
   15    4     -0.0130
   15    5      0.0220
   15    6      0.0130
   15    7     -0.1320
   15    8      0.0790
   15    9      0.0610
   15   10     -0.0390
   15   11     -0.0300
   15   12     -0.1110
   15   13      0.0000
   15   14      0.0110
   16    1     -1.0040
   16    2     -0.1330
   16    3     -0.0760
   16    4     -0.5450
   16    5      0.0040
   16    6      0.0170
   16    7     -0.0150
   16    8      0.0280
   16    9      0.0340
   16   10     -0.7610
   16   11     -0.0240
   16   12     -0.0930
   16   13     -0.0030
   16   14     -0.0020
   16   15     -0.1230
   17    1     -0.0150
   17    2      0.0020
   17    3     -0.0030
   17    4      0.0030
   17    5      0.0040
   17    6      0.0630
   17    7      0.0250
   17    8      0.0790
   17    9      0.0110
   17   10      0.0430
   17   11     13.2720
   17   12     -0.5140
   17   13     -0.0080
   17   14     -0.0240
   17   15      0.0010
   17   16     -0.0050
   18    1     -0.2660
   18    2      0.0707
   18    3     -0.0103
   18    4     -0.0271
   18    5      0.0052
   18    6      0.0004
   18    7     -0.0551
   18    8     -0.0087
   18    9     -0.0116
   18   10     -0.0449
   18   11     -0.0260
   18   12      0.0688
   18   13     -0.0002
   18   14     -0.0004
   18   15     -1.5190
   18   16     -0.9127
   18   17     -0.0678
end
