          18
    1     0.5      2.6480   0
    1     0.5      1.7510   0
    1     0.5      1.9210   0
    1     0.5      2.4060   0
    1     0.5      1.5200   0
    1     0.5      2.7150   0
    1     0.5      3.7500   0
    1     0.5      2.6100   0
    1     0.5      2.3930   0
    1     0.5      3.3630   0
    1     0.5      3.5830   0
    1     0.5      4.3020   0
    1     0.5      4.9350   0
    1     0.5      5.0550   0
    1     0.5      5.1470   0
    1     0.5      5.4920   0
    1     0.5      1.2330   0
    3     0.5      2.0373   0
    2    1      0.7710
    3    1      7.5340
    3    2    -15.2820
    4    1     -0.6250
    4    2      5.6160
    4    3     14.2070
    5    1      0.6220
    5    2      1.3380
    5    3      6.2460
    5    4    -14.0160
    6    1      0.5370
    6    2      0.7860
    6    3     -0.5580
    6    4      2.3400
    6    5      4.2210
    7    1      0.6880
    7    2      0.7750
    7    3      0.1020
    7    4     -0.4020
    7    5      0.8300
    7    6      5.0900
    8    1     -0.4180
    8    2     -0.0330
    8    3     -0.0700
    8    4     -0.1150
    8    5      0.0890
    8    6     -1.0960
    8    7     -0.0200
    9    1     -0.2260
    9    2      0.0730
    9    3      0.5530
    9    4     -0.4410
    9    5      0.1430
    9    6      0.1830
    9    7      0.0560
    9    8    -19.3260
   10    1      0.0000
   10    2      0.0030
   10    3      0.0090
   10    4      0.0110
   10    5     -0.0210
   10    6     -0.0500
   10    7     12.4540
   10    8     -0.2620
   10    9      0.1880
   11    1     -0.6150
   11    2      0.6200
   11    3     -0.0350
   11    4     -0.0160
   11    5     -0.0150
   11    6     -0.0620
   11    7     -0.3490
   11    8     -0.1370
   11    9     -0.3580
   11   10     -0.0140
   12    1     -0.2220
   12    2     -0.0060
   12    3      0.0520
   12    4     -0.0080
   12    5     -0.0220
   12    6     -0.0610
   12    7     -0.2070
   12    8     -0.0820
   12    9      0.2410
   12   10      0.0180
   12   11     -9.4090
   13    1      0.0090
   13    2     -0.0040
   13    3     -0.0390
   13    4      0.1260
   13    5      0.1480
   13    6     -0.9810
   13    7      0.0060
   13    8     -2.2310
   13    9     -2.7060
   13   10     -0.0430
   13   11     -0.0030
   13   12      0.0380
   14    1      0.0400
   14    2      0.0240
   14    3     -0.0180
   14    4     -0.0590
   14    5      0.1010
   14    6     -0.9950
   14    7      0.0550
   14    8     -2.6300
   14    9     -3.1860
   14   10     -0.0190
   14   11      0.0080
   14   12      0.2320
   14   13      0.4110
   15    1      0.1020
   15    2      0.0060
   15    3     -0.2360
   15    4     -0.0090
   15    5      0.0240
   15    6      0.0110
   15    7     -0.1360
   15    8      0.0710
   15    9      0.0630
   15   10     -0.0390
   15   11     -0.0150
   15   12     -0.0100
   15   13      0.0000
   15   14      0.0090
   16    1     -1.1160
   16    2     -0.1290
   16    3     -0.1060
   16    4     -0.5360
   16    5     -0.0140
   16    6      0.0140
   16    7     -0.0150
   16    8      0.0190
   16    9      0.0390
   16   10     -0.8600
   16   11     -0.0010
   16   12      0.0020
   16   13     -0.0040
   16   14     -0.0030
   16   15      0.1520
   17    1     -0.0270
   17    2     -0.0220
   17    3      0.0380
   17    4     -0.0010
   17    5     -0.0300
   17    6      0.3990
   17    7     -0.0480
   17    8      0.0510
   17    9      0.0110
   17   10      0.0430
   17   11      1.4730
   17   12      1.0580
   17   13     -0.0060
   17   14     -0.0150
   17   15      0.0190
   17   16      0.0080
   18    1     -0.2494
   18    2      0.0674
   18    3     -0.0160
   18    4     -0.0259
   18    5     -0.0027
   18    6      0.0041
   18    7     -0.0506
   18    8     -0.0024
   18    9     -0.0030
   18   10     -0.0203
   18   11      0.0666
   18   12     -0.0653
   18   13      0.0005
   18   14     -0.0011
   18   15     -1.4074
   18   16     -0.7047
   18   17      0.0505
end
