          18
    1     0.5      2.4390   0
    1     0.5      1.8180   0
    1     0.5      1.9350   0
    1     0.5      2.3950   0
    1     0.5      1.5030   0
    1     0.5      2.7270   0
    1     0.5      3.7130   0
    1     0.5      2.5730   0
    1     0.5      2.3950   0
    1     0.5      3.0760   0
    1     0.5      3.3060   0
    1     0.5      4.3850   0
    1     0.5      4.9250   0
    1     0.5      5.0520   0
    1     0.5      5.2050   0
    1     0.5      5.5400   0
    1     0.5      1.3220   0
    3     0.5      2.0533   0
    2    1      0.8720
    3    1      7.1910
    3    2    -15.4280
    4    1     -0.6040
    4    2      5.4980
    4    3     14.2720
    5    1      0.5340
    5    2      1.3730
    5    3      6.1630
    5    4    -14.0870
    6    1      0.5540
    6    2      0.8010
    6    3     -0.5550
    6    4      2.3700
    6    5      4.1430
    7    1      0.7410
    7    2      0.7760
    7    3      0.1170
    7    4     -0.4110
    7    5      0.7840
    7    6      5.0060
    8    1     -0.4110
    8    2     -0.0290
    8    3     -0.0850
    8    4     -0.1500
    8    5      0.0950
    8    6     -1.0910
    8    7     -0.0960
    9    1     -0.2640
    9    2      0.1260
    9    3      0.6240
    9    4     -0.4560
    9    5      0.1500
    9    6      0.2330
    9    7      0.0370
    9    8    -19.5270
   10    1      0.0070
   10    2     -0.0020
   10    3      0.0060
   10    4     -0.0700
   10    5     -0.0490
   10    6     -0.0370
   10    7     13.3280
   10    8     -0.2450
   10    9      0.1880
   11    1     -0.5830
   11    2      0.6200
   11    3     -0.0390
   11    4     -0.0160
   11    5     -0.0220
   11    6     -0.0610
   11    7     -0.3240
   11    8     -0.1560
   11    9     -0.3850
   11   10     -0.0120
   12    1     -0.1790
   12    2     -0.0370
   12    3      0.0430
   12    4     -0.0070
   12    5     -0.0210
   12    6     -0.0720
   12    7     -0.1670
   12    8     -0.0840
   12    9      0.4270
   12   10      0.0230
   12   11    -13.3010
   13    1      0.0120
   13    2     -0.0040
   13    3     -0.0350
   13    4      0.1310
   13    5      0.1540
   13    6     -0.9380
   13    7      0.0090
   13    8     -2.2790
   13    9     -2.6710
   13   10     -0.0460
   13   11     -0.0040
   13   12      0.0450
   14    1      0.0400
   14    2      0.0240
   14    3     -0.0120
   14    4     -0.0740
   14    5      0.1050
   14    6     -0.9670
   14    7      0.0550
   14    8     -2.6770
   14    9     -3.1560
   14   10     -0.0180
   14   11      0.0090
   14   12      0.2610
   14   13      0.4000
   15    1     -0.2950
   15    2     -0.0040
   15    3     -0.1900
   15    4     -0.0170
   15    5      0.0070
   15    6      0.0120
   15    7     -0.1410
   15    8      0.0800
   15    9      0.0850
   15   10     -0.0050
   15   11     -0.0490
   15   12     -0.0030
   15   13      0.0000
   15   14      0.0090
   16    1     -1.3420
   16    2     -0.2110
   16    3     -0.0610
   16    4     -0.5230
   16    5      0.0140
   16    6      0.0180
   16    7     -0.0180
   16    8      0.0220
   16    9      0.0390
   16   10     -0.6130
   16   11     -0.0330
   16   12      0.0100
   16   13     -0.0030
   16   14     -0.0030
   16   15      0.0190
   17    1     -0.2470
   17    2      0.0180
   17    3     -0.0140
   17    4     -0.0020
   17    5     -0.0040
   17    6     -0.0490
   17    7      0.0510
   17    8      0.0010
   17    9      0.0440
   17   10      0.0000
   17   11     15.7750
   17   12      2.8290
   17   13      0.0010
   17   14      0.0020
   17   15      0.0040
   17   16      0.0040
   18    1     -0.4614
   18    2      0.0756
   18    3      0.0152
   18    4     -0.0241
   18    5      0.0074
   18    6      0.0056
   18    7     -0.0638
   18    8     -0.0035
   18    9     -0.0195
   18   10     -0.0011
   18   11     -0.0616
   18   12     -0.2199
   18   13      0.0000
   18   14     -0.0014
   18   15     -1.5692
   18   16     -0.9320
   18   17     -0.2940
end
