   -0.00826913
   -0.03394488
   -0.06240267
   -0.05910706
   -0.02946639
    0.11817099
   -0.07164387
    0.01871856
   -0.48677622
    0.08016499
   -0.11305081
    0.00778639
   -0.11190062
    0.04660252
   -0.49101349
   -0.11556620
    0.04140353
    0.04315701
    0.03725691
    0.04234269
    0.04529501
    0.02005101
    0.05318069
    0.05010777
    0.31312369
    0.02424934
    0.04751200
    0.03441702
    0.03477366
    0.03234264
    0.03595422
    0.31185738
    0.04881024
    0.05172764
    0.04413545
