$coord
 0.23760020569929 -1.10190388089613   0.77687710943261  c
-1.79014418861994  1.00361524040906   1.37050617755461  c
-0.65669778642835  3.70468739689064   0.98396192490730  c
 1.13180475278936  3.98304429016801  -1.30994963090439  c
 2.95908372748619  1.69747313511720  -1.53416023157156  c
 1.35502379153162 -0.69249900041122  -1.92170226451918  c
 2.60668462674778 -0.63858986991393   2.48363499463895  c
 4.26228548287278  1.19676939764682   0.98566382143828  c
 2.97451731166237 -2.72442041993821  -2.68256062215702  o
-0.82249908200800 -3.79928119295646   1.13598520519415  c
 6.45749098322243  2.19148368205527   1.74718456164833  c
-4.36854362249188  0.62917350799688   0.08860075824270  c
-4.88376982116631  1.18598956778291  -2.33953105531921  c
-2.16261024018102  0.82491878654488   3.41508817208997  h
-2.19197746558497 -4.74805191384133  -1.01059413345271  o
-6.45440571818962 -0.31891898827426   1.82009593637100  c
-2.20293494170965  5.09061850521651   0.85456276223820  h
 0.41482023529146  4.19756800588124   2.69986353730585  h
 0.05325526298647  4.15791931329925  -3.08463378280753  h
 2.23026505651859  5.74091103304052  -1.10948965352567  h
 4.30265023787044  2.00574234650975  -3.09332625027733  h
-0.12648717229051 -0.39425154120262  -3.35364145022016  h
 3.63441043233140 -2.42362176989412   2.79446477443208  h
 2.10248222916670  0.09581464378593   4.36529425530431  h
 1.87260997453097 -4.17940493595160  -3.00215140045855  h
-1.98340284348264 -3.88826377641491   2.87414523507417  h
 0.75055586108283 -5.13210116846773   1.40459238176087  h
 7.25804441205406  1.77251297005452   3.60481266545743  h
 7.54324065454160  3.46494987372594   0.53707994916285  h
-6.78405446451695  0.92555001917602  -3.10448693566867  h
-3.48815351630810  1.95573321718671  -3.64360878650665  h
-3.44261671631363 -3.47360953946460  -1.50491744195128  h
-5.94745142715286 -2.12223974453439   2.73186741377131  h
-6.77663291588959  1.04588910982826   3.36401029713302  h
-8.24695914766096 -0.58657232449636   0.80403425876567  h
$end
