           1           2  0.958730405283318     
           2           3  0.983856403963444     
           3           4   1.00854547726393     
           4           5  0.979142805934200     
           1           6  0.961076929820715     
           5           6  0.979021358232585     
           1           7  0.981417734052264     
           5           8  0.994976831599165     
           7           8   1.00641378900847     
           6           9  0.981419872634305     
           1          10  0.978761210267700     
           8          11   1.93713463527353     
           2          12  0.997404569684628     
          12          13   1.91497229502748     
           2          14  0.963135582470493     
          10          15  0.991792594835951     
          12          16   1.02260035176906     
           3          17  0.976325902874260     
           3          18  0.976734110058671     
           4          19  0.970490766724806     
           4          20  0.975604897729719     
           5          21  0.962696739812217     
           6          22  0.956553033247663     
           7          23  0.957686984779430     
           7          24  0.965424205148658     
           9          25  0.882139065142532     
          10          26  0.964992948625383     
          10          27  0.968405161860811     
          11          28  0.975123177250494     
          11          29  0.974945461115714     
          13          30  0.974051124607599     
          13          31  0.966757963093149     
          15          32  0.869743674345724     
          16          33  0.969210862355736     
          16          34  0.967506895628605     
          16          35  0.984071760818999     
