   -0.05951409
   -0.06981844
    0.13685860
    0.01382430
    0.00814406
   -0.05949099
   -0.05749661
   -0.06111998
   -0.02368661
    0.01005553
   -0.04349063
   -0.06276628
   -0.01940736
    0.11778791
   -0.07598876
   -0.06628801
    0.13416173
   -0.44651376
   -0.40805842
   -0.44585846
   -0.11662641
   -0.12709676
   -0.10417648
   -0.10595018
    0.02645179
    0.05039883
    0.03454950
    0.02547502
    0.03690755
    0.03282880
    0.04514203
    0.03017840
    0.02817362
    0.03216543
    0.03806472
    0.04109124
    0.04878056
    0.02366253
    0.04708422
    0.33713370
    0.29264977
    0.29786218
    0.02979724
    0.04373240
    0.04598465
    0.02895590
    0.06622682
    0.03889869
    0.03629357
    0.03122335
    0.03139173
    0.03914962
    0.03396954
    0.03829269
