$coord
 2.44772615596961  2.86558586958055   3.67050534874841  c
 5.07800959795251  2.51741112927621   2.55500966583225  c
 5.16738955318550  1.24596315488568  -0.06515334845268  c
 3.18914985069608 -0.96524207997031  -0.32212110832244  c
 0.54835944301645 -0.57271943857196   1.00907180474367  c
 1.03476294397997  0.35572363795044   3.72565952812633  c
 2.62763260825138 -1.51611833979812  -3.11300924904586  c
 1.13630023605642 -3.96534777101081  -3.39046970414388  c
-1.32696509041070 -3.94434267540979  -1.87215973198402  c
-1.04744812895138 -3.12375011086945   0.93845524691291  c
-1.50786898190443  1.29691447167777  -0.00802458064024  c
-3.67002079840340 -2.23208227335509   1.79925474170458  c
-3.87345864952269  0.31577319134441   0.65445774632190  c
-6.16639899244435  1.50774261251692   0.26102721794295  c
-6.16595127097180  3.87183855859149  -0.86217647377963  c
-3.87944572046247  4.91371355733141  -1.51349888912630  c
-1.56005319608296  3.71137175826862  -1.09291700254390  c
 0.41901079360402  5.16413488770620  -1.79635949986667  o
-8.33889674578567  0.29736561727737   0.99837429663891  o
 4.71019671792776  3.00731472484444  -2.05203241674965  o
 7.94024399232922  0.43357871460395  -0.49260457639503  c
 4.57079454033474 -3.26254650821810   0.80957287721742  c
-2.63674996251894 -6.50163971695588  -2.19928070093283  c
-0.35950142516367 -5.32717782920166   2.70709769433616  c
 2.64068148122014  3.59386331242820   5.59354414271228  h
 1.37885499070560  4.25625989061076   2.59552352974725  h
 6.18167742457820  1.35814392401752   3.85749708422907  h
 6.02488967573514  4.35203008323835   2.42366514570071  h
-0.75305452363577  0.61191201618456   4.71432226860526  h
 2.15648405560617 -1.01260449806891   4.78202664641594  h
 1.53456204769635  0.03779179657922  -3.91152175162509  h
 4.38414765265991 -1.65652813258932  -4.18462463698371  h
 0.65496628031501 -4.22155855345992  -5.38294655696421  h
 2.30194554005396 -5.57735863788081  -2.85223740321130  h
-2.53967410047462 -2.51325976399497  -2.74844026684094  h
-3.78434932385785 -2.12178210788482   3.85806023300795  h
-5.19109895364157 -3.46607599971610   1.16950444769992  h
-7.91175470406052  4.87312365593939  -1.21627362464286  h
-3.78700394705718  6.75829635760758  -2.37662329696259  h
 1.98557568941728  4.17426350560948  -1.83744626090173  h
-9.76386082510661  1.35192114961680   0.58110525491198  h
 5.90289233439411  4.37909560346714  -1.91777661572971  h
 9.09868329610015  2.13959170419768  -0.51257964521294  h
 8.67452545129082 -0.78430942533317   0.98005604425663  h
 8.15224589384338 -0.48497671578688  -2.31725831720424  h
 5.26148557885704 -2.86726627924685   2.70082970275769  h
 3.38060203014978 -4.89875356880512   0.89913702726839  h
 6.16391058331892 -3.75888412046609  -0.38351254609594  h
-4.39031962555320 -6.60097910013423  -1.13769532523471  h
-3.08371239028588 -6.78899923931223  -4.18570514553259  h
-1.42797661910507 -8.05130162654894  -1.59958329295451  h
-2.10339727875039 -6.19813321901608   3.36663706935594  h
 0.71241628040384 -6.82530225276906   1.80237436281961  h
 0.66585535600423 -4.68514210440195   4.36326416811603  h
$end