           1           2   1.00862700812398     
           2           3  0.979565418489701     
           3           4  0.949375697891287     
           4           5  0.960323496182297     
           1           6   1.00667830991782     
           5           6  0.978706919051521     
           4           7  0.989221426475512     
           7           8   1.00606457475122     
           8           9  0.996888124330757     
           5          10  0.947996375287305     
           9          10  0.971991761160889     
           5          11  0.966691018244807     
          10          12  0.982546829858682     
          11          13   1.37354160200114     
          12          13   1.01702431672869     
          13          14   1.36906972199405     
          14          15   1.36026742035089     
          13          16  0.102527421301523     
          15          16   1.46910829703642     
          11          17   1.35696670014410     
          16          17   1.34025074282527     
          17          18   1.09221562149132     
          14          19   1.04221951874353     
           3          20  0.952859248004202     
           3          21  0.989642292373105     
           4          22  0.995470995318455     
           9          23   1.00778001646194     
          10          24  0.999854732366385     
           1          25  0.975705894246312     
           1          26  0.970054000053380     
           2          27  0.973170326141361     
           2          28  0.972717049545771     
           6          29  0.972358895806302     
           6          30  0.965366615143558     
           7          31  0.972666270222831     
           7          32  0.972846104196323     
           8          33  0.975306463164617     
           8          34  0.972631200729529     
           9          35  0.962837984613302     
          12          36  0.953777728352613     
          12          37  0.960521008113708     
          15          38  0.966164557706375     
          16          39  0.967964210140973     
          18          40  0.777538744214367     
          19          41  0.894782495352547     
          20          42  0.886651525013343     
          21          43  0.981113224425417     
          21          44  0.982466459509973     
          21          45  0.981833368323908     
          22          46  0.980702531774442     
          22          47  0.961093362100571     
          22          48  0.980004092540020     
          23          49  0.980871988005818     
          23          50  0.986090348834296     
          23          51  0.983974220065794     
          24          52  0.980690884562369     
          24          53  0.970251371251240     
          24          54  0.979867069453083     
