$coord
 1.81835089526012  2.66868925165806   0.13662132808175  c
 3.98435076973815  1.40704406279139   1.64933604173595  c
 5.74992673979618 -0.39596167043385   0.15384279059522  c
 4.46841238832618 -2.34593649237425  -1.63035405003192  c
 2.08465601925952 -3.70943210957435  -0.59544490239950  c
-0.02300081351912 -1.81482176947159   0.16759556714007  c
 0.12644392509691  0.73344091044526  -1.24224354067162  c
-0.06494337953441  3.98713538987421   1.96111695740202  c
-2.58995806900781  4.11114020631120   0.49024359955469  c
-2.63160553679433  1.70232978172987  -1.18354982979186  c
-2.47483431534956 -2.74511865970065  -0.39927287944624  o
-4.18922156569317 -0.66145950644526  -0.23421686622441  c
 0.74073497129946  0.42580922684382  -3.15481962983640  h
-3.28220133481089  2.17377976162374  -3.05853311112047  h
 0.10876612739800 -1.45704973203702   2.18634693146411  h
 2.74170260082009 -5.46679796437206   1.64588248172216  c
-6.45120549186527 -1.23133703550834  -2.00744477135223  c
-5.15628108828776 -0.40458116256057   2.53102883002872  c
 2.89532737752595  4.58674715766748  -1.78311903718032  c
 5.13661400608618  2.88802843795242   2.46777837821251  h
 3.17660992960598  0.37907696361765   3.21467758281190  h
 7.04521960631892  0.71570444199235  -0.97715362147345  h
 6.89019754773256 -1.40186344287726   1.52576304538906  h
 5.85949318089878 -3.77592566183976  -2.09361992987023  h
 3.98607061995359 -1.42294217818110  -3.38566887378654  h
 1.33140164381524 -4.85335444613915  -2.12067166496490  h
 0.59508400222610  5.83224935834796   2.54249695394752  h
-0.29251027688416  2.84601136293120   3.64094571035696  h
-4.20195638919157  4.24926821064152   1.73503188278346  h
-2.60416400381944  5.76393418580376  -0.71503804186649  h
 3.52727257349669 -4.38330417505804   3.19404533296787  h
 1.05649488958727 -6.42311651509193   2.31142031626108  h
 4.11572949328336 -6.87564089689738   1.07998633807811  h
-7.76609387947362  0.33893929081806  -1.99416180446817  h
-7.42649226733226 -2.91990707978313  -1.37966914981320  h
-5.78252500351283 -1.52698962426471  -3.92036684165432  h
-3.64581397704220  0.10927081340625   3.80794761036704  h
-6.62730910688728  1.01162414217087   2.64865303892706  h
-5.93546007393952 -2.20331933488681   3.12470984396149  h
 4.12829619872727  3.64049862789257  -3.11376781831482  h
 1.38137200369211  5.47917846865102  -2.83017674962078  h
 3.96900177884376  6.03969289297834  -0.82162824537487  h
$end
