   -0.07017764
   -0.06609737
   -0.05314167
   -0.03631530
   -0.06587847
    0.07188744
   -0.02389299
   -0.04623154
   -0.20099871
    0.05211869
   -0.00826846
    0.01447111
   -0.06997552
    0.02337637
    0.00644700
   -0.03850306
   -0.03888413
   -0.02064848
    0.28833850
   -0.02183402
   -0.05298770
   -0.72537148
    0.05151928
    0.36219784
   -0.46142682
   -0.26526652
    0.02733184
    0.04899152
    0.05063073
    0.05235578
    0.04016926
    0.02745009
    0.03090792
    0.02845243
    0.03116363
    0.17010886
    0.04000003
    0.08536560
    0.05122084
    0.05289654
    0.05556934
    0.05855075
    0.07546304
    0.07065431
    0.05310531
    0.05997497
    0.05481817
    0.08829331
    0.07002800
    0.07204139
