$coord
-0.92324065887110 -0.92326051855520  -5.08782901292048  c
 1.31931383978877  0.87861305708356  -4.63541776593053  c
-4.59948807820594  6.29147709767970   0.93873147009192  c
-6.66746058855292  5.42193932556621  -0.44497922076352  c
-6.63837934574721  3.00033999247825  -1.43643726506855  c
-4.55863711752455  1.39326103680252  -1.05337885602529  c
-2.47419755208050  2.22600496572541   0.36955619830848  c
-2.55188491062850  4.69128726528007   1.32364483601877  c
-4.60588498039390 -1.04077993818813  -2.02161111111979  n
-2.18247870564881 -2.13231002135627  -2.71029724636581  c
-0.36243109138298 -2.15667011134338  -0.39601446203277  c
-0.22669501612529  0.51028189624174   0.96044335575316  c
 2.28740144353866 -2.63942524932681  -1.55430491931218  c
 3.03491354822895  0.07142241664286  -2.37626505364485  c
 2.24806050423022  1.58842636119083  -0.09474645155431  c
 5.77783346111019  0.62259364877105  -2.90323594139890  c
 7.22949652351564  1.99655950869299  -1.35841841615042  c
 6.40256348126754  2.95397035006589   1.20074654157763  c
 4.21837711600040  1.35895375567931   2.04665350594619  n
 2.63761024961468  2.20606469786223   4.24737537558305  c
 0.29562379481399  0.52604996703115   3.89788992458140  c
 5.08377174250800 -1.00460323125012   2.57728320096909  o
 2.12280654689844  3.61431354643432  -0.50093164589725  h
-1.33902062827465 -4.19410644789224   1.35260216595449  c
-3.00865505770969 -3.89733951298122   2.89999763489824  o
-0.23411186183548 -6.44013199681521   0.90665773466580  o
-1.20835508939064 -8.53632317533161   2.36688469548293  c
-0.27642807889915 -2.47481125970067  -6.29529768100510  h
-2.39263496590217  0.06557641012700  -6.16363296093127  h
 2.45823814149073  0.94121482290894  -6.36585349923476  h
 0.64114988275572  2.81180174997886  -4.32096002181667  h
-4.57923799123345  8.19075619427680   1.71562827312709  h
-8.29095781996993  6.63712238266568  -0.76885536289234  h
-8.23082174386913  2.30782030266092  -2.53798917785380  h
-0.96843847660744  5.40116382867528   2.41801522145209  h
-5.93768279201934 -1.29145015044850  -3.36809961012488  h
-2.54952129871855 -4.12049625271694  -3.17958622050182  h
 3.60230385757487 -3.31915171922938  -0.13419452222570  h
 2.19646806564817 -3.96700932388372  -3.13651330166451  h
 6.55709535101074 -0.06118152752693  -4.68190049238698  h
 9.17221538719579  2.41859708924377  -1.87944981722410  h
 5.84889134954087  4.95666988496625   1.15034069885266  h
 7.90074056066911  2.70723735912019   2.60367544945393  h
 3.69303515804616  1.83250468920448   5.97992157890778  h
 2.23158316928571  4.23009293696563   4.08200107600758  h
-1.33163395097105  1.24698865431699   4.93950317001194  h
 0.73806540148576 -1.35966308036283   4.59596101591806  h
-0.16604492313310 -10.18985690908016   1.71572977569223  h
-0.87961073004635 -8.21523187946810   4.38139535135222  h
-3.23296658280585 -8.76585088716423   2.02421170288620  h
$end
