           1           2   1.00845113564227     
           3           4   1.41391697772712     
           4           5   1.47110983793851     
           5           6   1.33573489925257     
           6           7   1.32352176161325     
           3           8   1.43885768945775     
           5           8  0.101228200907978     
           7           8   1.42249571151558     
           6           9   1.15538240923156     
           1          10  0.967546742814184     
           9          10   1.00600231012314     
          10          11  0.939578669171181     
           7          12  0.990321267776476     
          11          12  0.954164393113011     
          11          13  0.976584525898725     
           2          14  0.965565111639214     
          13          14  0.966225048235085     
          12          15  0.964231825158078     
          14          15  0.979400999596778     
          14          16   1.00392284552530     
          16          17   1.92988146922572     
          17          18   1.01468950041731     
          15          19  0.900918792272803     
          18          19  0.943428153836505     
          19          20  0.942466710447957     
          12          21  0.965738983985082     
          20          21   1.00449168244746     
          19          22   1.01959874249508     
          15          23  0.958344670671400     
          11          24  0.953671784676446     
          24          25   1.70972714070494     
          24          26   1.15487963714599     
          25          26  0.170286529796702     
          26          27  0.941368487000719     
           1          28  0.978467432702831     
           1          29  0.973041478987735     
           2          30  0.974394582926859     
           2          31  0.975995415988301     
           3          32  0.971602635259062     
           4          33  0.970932485906404     
           5          34  0.967160698533440     
           8          35  0.960483305418388     
           9          36  0.938894018801427     
          10          37  0.962877470867155     
          13          38  0.951905519846169     
          13          39  0.973118686854585     
          16          40  0.963300395445304     
          17          41  0.964438688112047     
          18          42  0.955242844084378     
          18          43  0.964319974502100     
          20          44  0.972573827003527     
          20          45  0.964019890597454     
          21          46  0.974283640492468     
          21          47  0.973028714172880     
          27          48  0.979066327115378     
          27          49  0.976265830880009     
          27          50  0.976768462598811     
