   -0.00833987
   -0.03232694
   -0.06124700
   -0.06054558
   -0.03565625
    0.10903609
   -0.06893715
    0.00891143
   -0.48750115
    0.07923655
   -0.11270479
    0.00883414
   -0.10963070
    0.05007179
   -0.47972707
   -0.11115184
    0.04062980
    0.03891079
    0.04535327
    0.03995902
    0.04107776
    0.04244997
    0.04303921
    0.05051418
    0.30902865
    0.02848076
    0.04741373
    0.03378422
    0.03540423
    0.02914290
    0.03681991
    0.30829289
    0.05296252
    0.04480161
    0.04361291
