$coord
 0.17930834326747 -1.25737779450021   0.17706864533761  c
-1.87253823099551  0.55592274365608   1.36619942389295  c
-0.76510257372921  3.25690109500140   1.76656249272606  c
 0.88110757491670  4.22939804379549  -0.44252960184499  c
 2.71309438902778  2.15844875758366  -1.42241112171562  c
 1.17406889730637 -0.13661255787121  -2.36517367156298  c
 2.62208308398163 -1.15440486317602   1.85664126952168  c
 4.20349234413668  1.00535260019326   0.75793992184454  c
 2.68288902330651 -1.86764033747699  -3.81291355620734  o
-0.81520232462264 -3.97852394206683  -0.10638674866728  c
 6.50598210363395  1.71730032947040   1.52282141882338  c
-4.45913578284709  0.56353883324784   0.04668795274587  c
-6.31462611159740 -0.93772548505349   0.91717021812112  c
-2.23043902728514 -0.23160229224004   3.25883567496531  h
-1.63253459567798 -5.08229394580092   2.23556227698448  o
-4.99954411005107  2.34740091543019  -2.13907643955884  c
-2.30403011165350  4.60295250087624   2.15952466880125  h
 0.40189156931814  3.23250709561370   3.49054409642298  h
-0.29800407053072  4.87817884725814  -2.03154876133056  h
 1.98408970561820  5.87810609216969   0.19226385747212  h
 3.93734104210886  2.94445515552557  -2.91127665176143  h
-0.35866899677280  0.40217889590421  -3.65367627610302  h
 3.67883351826637 -2.95087333524716   1.73882792463630  h
 2.19179144009911 -0.86108062970052   3.87203681026671  h
 4.29049792961489 -2.14090019764316  -2.93383413401832  h
 0.65909887535148 -5.15052200758283  -1.00120591915612  h
-2.47833830643240 -4.01093899929564  -1.35068204456651  h
 7.46142948052695  0.80495460951563   3.11108755057411  h
 7.52210454427540  3.25561345708542   0.59173601208761  h
-8.18977306636363 -0.94926789119615   0.05122457101696  h
-6.02305815122307 -2.21853023892073   2.50806381518109  h
-0.14011827711216 -5.34223764871295   3.29470784219769  h
-4.69874320660964  4.33609080766305  -1.59499587139218  h
-3.78585246610839  1.99443306712532  -3.79136742150193  h
-6.97261182462571  2.15997859586675  -2.76426631995605  h
$end
