           1           2  0.956589748341185     
           2           3  0.990474992845964     
           3           4   1.00870318687837     
           4           5  0.977606344016965     
           1           6  0.959729722941704     
           5           6  0.973307062469909     
           1           7  0.980910025041508     
           5           8  0.995211310537322     
           7           8   1.00412081277140     
           6           9  0.982576570008399     
           1          10  0.981109250450555     
           8          11   1.93599986654872     
           2          12  0.996218353019865     
          12          13   1.92767321553629     
           2          14  0.959081859773766     
          10          15  0.991385720285270     
          12          16   1.02631949144408     
           3          17  0.973500389172071     
           3          18  0.975775413518646     
           4          19  0.971928321735191     
           4          20  0.976170408747346     
           5          21  0.963250443942502     
           6          22  0.955606647603359     
           7          23  0.957942264848653     
           7          24  0.962958034892966     
           9          25  0.884416841856849     
          10          26  0.966076444140579     
          10          27  0.967849530958816     
          11          28  0.975015887572841     
          11          29  0.974741216623984     
          13          30  0.975383462396539     
          13          31  0.974651483909293     
          15          32  0.887750403687293     
          16          33  0.967703807554786     
          16          34  0.962451984508507     
          16          35  0.982920228804393     
