   -0.06969176
   -0.06387644
   -0.04979433
   -0.03699427
   -0.06664424
    0.06671320
   -0.02211400
   -0.04224460
   -0.21473004
    0.05177939
   -0.01090147
    0.01653240
   -0.06360276
    0.01292735
    0.00759216
   -0.04633382
   -0.05277557
   -0.02536431
    0.29310655
   -0.02343753
   -0.05839144
   -0.73620446
    0.06834447
    0.36193268
   -0.46888746
   -0.25170642
    0.02579332
    0.04882749
    0.04380426
    0.05379726
    0.04674682
    0.02546295
    0.02926085
    0.02768838
    0.05890157
    0.16782404
    0.04353047
    0.06048672
    0.04831136
    0.05635345
    0.05962822
    0.07189554
    0.08401889
    0.05754885
    0.07083685
    0.06781896
    0.04150410
    0.07152631
    0.08972036
    0.07347972
