$coord
 0.19354348652448  0.99123723340272   4.94370999011704  c
 3.00875545307502  1.54342933556310   4.58171903164106  c
-4.43280412638371 -6.06604161997374  -0.63729542165327  c
-6.42777302007071 -5.19497916466944   0.85221825457601  c
-6.24457024602546 -2.86564252602811   2.02849149921870  c
-4.10127890772838 -1.33517265369394   1.69921337559701  c
-2.13887145471857 -2.13218679450762   0.08060378035391  c
-2.33371196486047 -4.53546520263678  -1.00867955626917  c
-3.97858339434077  0.92923144358310   3.06246659682925  n
-1.59306770696653  2.28464894618830   3.03236377903044  c
-0.43932684430095  2.37202525965987   0.32620148021786  c
 0.05777180599212 -0.38423889772271  -0.59912003108771  c
 2.18543690947677  3.55672156702522   0.46208550538944  c
 3.72894120659775  1.45389477026628   1.75394288005834  c
 2.66954551568422 -1.05700973047198   0.65774133046953  c
 6.50549772077867  1.81525602859382   1.41378697380171  c
 7.98555749430335  0.18131989884324   0.20906348729109  c
 7.02320149516466 -2.23131487030388  -0.89103573416464  c
 4.23355300247044 -2.24050920139115  -1.44906303521327  n
 3.55842174987207 -0.67514348611714  -3.72237331801330  c
 0.70170891499856 -0.39609464851320  -3.49719824162658  c
 3.47017699232787 -4.68038719910967  -1.84208469253176  o
 2.55564487656269 -2.53962365949806   2.08788833986198  h
-2.17158135902264  3.95380328093708  -1.32061742378302  c
-1.87473087344527  6.20661713465840  -1.66911142443577  o
-4.11261879187325  2.64375508194352  -2.28702966847193  o
-5.87431867297300  4.07304990889471  -3.82041354271319  c
-0.41264881406328  1.52505576882006   6.84957758247902  h
-0.12321373951071 -1.05131245558595   4.79718259693568  h
 3.50326545332332  3.42060042820425   5.31010507385369  h
 4.12472016727398  0.15252999796644   5.63900230057462  h
-4.51848960864817 -7.91935059011991  -1.51511108000861  h
-8.10140539850507 -6.35138610403553   1.13568781805120  h
-7.74856692858458 -2.19711135759984   3.25981128984539  h
-0.76334148866156 -5.19703379609870  -2.15280839271277  h
-5.54963501903675  2.00836840963382   2.95361708044992  h
-1.94720642298566  4.24022886802643   3.62567834163201  h
 2.21177308112852  5.31053138233125   1.55878621358415  h
 2.89199709332957  4.00261679505241  -1.42954500486605  h
 7.29891536899128  3.54535504681663   2.19911105294881  h
 10.00172091527858  0.53483546479970   0.01639186040515  h
 7.95904349947410 -2.70654646638158  -2.67463429189431  h
 7.31381862180966 -3.82669389460063   0.39863811487857  h
 4.55710777901310  1.13467612960675  -3.61607323320360  h
 4.18038478216519 -1.71785515796959  -5.39007699605128  h
-0.24748672381207 -1.96701947113330  -4.43118044674036  h
 0.08032139051874  1.34256768641361  -4.42506381693750  h
-4.91388158799042  4.83201241152343  -5.48418033971504  h
-7.32916313577025  2.72446499759853  -4.37184007748268  h
-6.68681160031298  5.62025135850066  -2.72029932149294  h
$end
