           1           2   1.00605140557283     
           3           4   1.42176298169273     
           4           5   1.46193097539490     
           5           6   1.35020839508336     
           4           7  0.100633383148761     
           6           7   1.32748451793125     
           3           8   1.43625341325780     
           5           8  0.103220630010598     
           7           8   1.42543942632757     
           6           9   1.13180288091583     
           1          10  0.974795369596311     
           9          10   1.00277558008286     
          10          11  0.942262668575050     
           7          12  0.990939611027386     
          11          12  0.956313111524769     
          11          13  0.983446390572730     
           2          14  0.970141978939601     
          13          14  0.966210196970994     
          12          15  0.957019581025274     
          14          15  0.965897863655559     
          14          16   1.00857339817377     
          16          17   1.92023371195769     
          17          18   1.02389202671510     
          15          19  0.922095007699729     
          18          19  0.938787993909439     
          19          20  0.942122452158051     
          12          21  0.969333681815270     
          20          21   1.00811471939693     
          19          22   1.01407341027412     
          15          23  0.962332011992500     
          11          24  0.947890173152792     
          24          25   1.69826581251364     
          24          26   1.17303983863570     
          25          26  0.174127832054602     
          26          27  0.939948035995683     
           1          28  0.974614376191305     
           1          29  0.972146949781006     
           2          30  0.974541337168176     
           2          31  0.974961529254797     
           3          32  0.971493835075251     
           4          33  0.970986206914854     
           5          34  0.967367142406641     
           8          35  0.954745306421961     
           9          36  0.940163858770476     
          10          37  0.964489041893338     
          13          38  0.971929991632238     
          13          39  0.969444045648678     
          16          40  0.962338596443048     
          17          41  0.961987065575996     
          18          42  0.963434345505617     
          18          43  0.948797842062609     
          20          44  0.967619181864436     
          20          45  0.972614978044586     
          21          46  0.971602695157903     
          21          47  0.972085131925794     
          27          48  0.976119629839362     
          27          49  0.979111224762640     
          27          50  0.975872027051919     
