   -0.00001806
   -0.02619907
   -0.05871274
   -0.05678347
   -0.03607229
    0.11877986
   -0.07312555
    0.01001760
   -0.47111240
    0.07934872
   -0.11232484
    0.01545632
   -0.11290741
    0.04624365
   -0.47706553
   -0.11567868
    0.03892264
    0.03550190
    0.05146734
    0.03425047
    0.03190913
    0.00442814
    0.05287569
    0.04506721
    0.31052573
    0.01859758
    0.05428081
    0.03662662
    0.03787681
    0.02483112
    0.03363248
    0.30941579
    0.04653749
    0.06705637
    0.03635057
