           1           2  0.958012016871027     
           2           3  0.990995284419513     
           3           4   1.00961567418769     
           4           5  0.979374879305928     
           1           6  0.967200439555216     
           5           6  0.966922858162103     
           1           7  0.979228692918189     
           5           8  0.995465162701855     
           7           8   1.00358046395831     
           6           9  0.985293245332795     
           1          10  0.980515428473514     
           8          11   1.93711013206848     
           2          12  0.995295470892002     
          12          13   1.92599493503031     
           2          14  0.958539782696825     
          10          15  0.993485886913190     
          12          16   1.02829550923365     
           3          17  0.972860468377162     
           3          18  0.975521369414067     
           4          19  0.970097070774559     
           4          20  0.976640136617068     
           5          21  0.965198048580700     
           6          22  0.958809693999818     
           7          23  0.964309151842696     
           7          24  0.958902093145967     
           9          25  0.886908603497213     
          10          26  0.966712816231919     
          10          27  0.967297135827610     
          11          28  0.974634260228442     
          11          29  0.974501488939170     
          13          30  0.975704384983482     
          13          31  0.974405577391945     
          15          32  0.886740092275872     
          16          33  0.967910173738451     
          16          34  0.958898110854423     
          16          35  0.983779791753730     
