$coord
 0.20936830775408 -1.28128726998946  -0.42087866277917  c
 1.14228028420701  1.18514519154359  -1.69212611568491  c
-0.92038407244209  3.24404922242681  -1.56934332744326  c
-2.42057171637875  3.32478126329816   0.89568425594120  c
-3.23665988550686  0.66178547722530   1.68415461008160  c
-0.84727348203889 -0.88304533203227   2.25814140122747  c
-2.20209471346016 -2.18259557783613  -1.78139357476575  c
-4.31762154932408 -0.74225162550498  -0.54071219287339  c
 0.87141589415038  0.23261583741323   3.94342308308762  o
 2.27775973132687 -3.30171804618693  -0.43047535439325  c
-6.70248470660582 -0.70193163766389  -1.27341129703378  c
 3.71813754792813  2.12473316429562  -0.85780855023078  c
 4.14382020178768  3.57656409693778   1.13118118681284  c
 1.36587544385153  0.70430283803816  -3.69873373443624  h
 1.29416564865465 -5.59739451128242   0.52018001162877  o
 5.84157385743454  1.48639224959086  -2.63765358193104  c
-0.04326807020093  5.08153360836415  -1.90126651377551  h
-2.25819524727267  2.90731154342815  -3.10500125812230  h
-1.28800693351294  4.13882917393019   2.41189295110428  h
-4.08443853215717  4.51643632493922   0.62866857300750  h
-4.54290639019820  0.75810525474457   3.28294465534604  h
-1.40187946635257 -2.75840407309277   2.97195224452087  h
-2.12975627592326 -1.88174222381805  -3.81795473569614  h
-2.44195139216954 -4.20450340290162  -1.44359450652229  h
 0.08467580046251  0.31141837871542   5.58173301711205  h
 3.84495972497356 -2.63500408933814   0.75005543586706  h
 2.95852578178449 -3.58782014099995  -2.37445383052138  h
-7.33920515394594 -1.73316898783071  -2.90851145054281  h
-8.11556047824239  0.36175209823875  -0.26693880433957  h
 6.02255173718628  4.23073998871834   1.56943238910172  h
 2.68962327232110  4.12902479839136   2.42780161578268  h
 2.66825243553529 -6.76637965506210   0.73946572397658  h
 5.94061632495433 -0.53423780710825  -3.00130978673311  h
 5.54073162558854  2.43154765427419  -4.44487867971852  h
 7.64609180859682  2.10601633390253  -1.87709942202980  h
$end