$coord
 0.22643067420974 -1.09683343342320   0.84290956057821  c
-1.79425628901807  1.01441084136177   1.40968504140536  c
-0.70291317888618  3.71662997423781   0.87087232564754  c
 1.08364723516193  3.91892159921547  -1.43248038239674  c
 2.93480890165959  1.64656697863132  -1.56051255900307  c
 1.33790371149554 -0.76970577376159  -1.85379485869561  c
 2.61027808581468 -0.56798331274983   2.52179469672099  c
 4.24308348973270  1.24275935909152   0.97296356715556  c
 2.83394293072203 -2.97863714578125  -2.39625721365169  o
-0.84136558539094 -3.78195703472060   1.31553881693238  c
 6.42548448945043  2.28977362137145   1.69978876557146  c
-4.43563521202150  0.64162999289961   0.29031446019826  c
-6.39932058563014  0.27297016393155   1.86024264007905  c
-2.07865587030222  0.91638043991759   3.47205679991622  h
-2.24243399190392 -4.79803779883522  -0.76741556023390  o
-4.88081479654423  0.81019904599428  -2.53587813107271  c
-2.27067485960383  5.07138719291923   0.67180351160019  h
 0.35377321715125  4.31682306871758   2.56103756576612  h
 0.00267306575850  3.99916574730053  -3.21286378385024  h
 2.16173965180771  5.69613167510179  -1.30994394069262  h
 4.27700175435663  1.91950921496457  -3.13144267652007  h
-0.11658918973700 -0.53213114434726  -3.32088066405668  h
 3.65224526917012 -2.33715012220900   2.87220972481069  h
 2.11043358111599  0.21052995504414   4.38673796570997  h
 3.71744862074453 -2.68991236389046  -3.99676389993153  h
-2.15771683293167 -3.73965880116795   2.92709272965124  h
 0.72098762823138 -5.06705416865113   1.83131442555124  h
 7.23202395080016  1.94372327531650   3.56929220377594  h
 7.49087842874711  3.54436571915109   0.45231484855147  h
-8.32943383843860  0.06895730267991   1.15530363874247  h
-6.15334890924198  0.14353216459309   3.90625511679883  h
-1.00403634310148 -5.10812369022637  -2.10956323934865  h
-6.91526222738140  0.86843891707879  -2.95932112894439  h
-4.01172571123682  2.50902931661668  -3.36752887671010  h
-4.08440687053395 -0.84329345681839  -3.51277426119821  h
$end
