$coord
-1.59550542951578  3.05956286392245   0.89317305520692  c
-4.35702571276793  2.36021984094639   0.35086664628834  c
-4.94885426790067  0.88409456221226  -2.06184993949108  c
-3.33366450619906 -1.47121530746626  -2.47304347090658  c
-2.79256145257840 -2.88934160404251  -0.01902166003569  c
-0.32413475437241 -1.98978414559245   1.21123677243862  c
 0.14681179599861  0.87041114226522   1.77922142907084  c
-0.24121492673198  4.29892032882467  -1.38163786564864  c
 2.07299532383697  2.67936837719225  -1.96691421458261  c
 2.72667351013308  1.37270756705544   0.52447356670670  c
 1.72479168451791 -2.80608024922299  -0.31815875684978  o
 3.86657002520838 -1.28195772856712   0.21501052748652  c
 0.30699896353116  1.01579104553543   3.83293436546886  h
 3.92993833779603  2.58202969052662   1.68304919777697  h
-0.19520501396727 -2.98840262508238   3.04099756159667  h
-2.59651425003797 -5.73449677917514  -0.48967872552923  c
 5.74009047829958 -1.55849976920927  -1.96300450010836  c
 5.16787314619525 -2.11651995270532   2.67509281249600  c
-1.67174792123026  4.99017844070908   3.06843479643454  c
-5.06730078871860  1.31502816196285   1.98164196672850  h
-5.43519417353295  4.12210447921253   0.26305112274914  h
-6.93512358280408  0.32396409226116  -1.94683892716320  h
-4.77307931402042  2.11560196646138  -3.70816326427877  h
-1.53457367461429 -0.97914229591251  -3.33802077467306  h
-4.31785053915500 -2.71577947769222  -3.79264956584000  h
-4.33309249560620 -2.57795320961152   1.32337164390232  h
 0.35282151580868  6.20563282731361  -0.87004860378826  h
-1.47624422489947  4.45926953224665  -3.01711311240810  h
 1.59407720531269  1.25714441171364  -3.37503070424883  h
 3.64383284072009  3.79563164286105  -2.69222681981374  h
-2.19320915772346 -6.73069773184380   1.26281138723626  h
-4.36310976577528 -6.45210350267558  -1.25784197312134  h
-1.07845617648091 -6.11815161352251  -1.81605313800880  h
 7.24226432889595 -0.17089051734768  -1.77959938015409  h
 6.55642796655433 -3.44260040770361  -1.92473506221182  h
 4.80475185029381 -1.30781151747591  -3.77053706786379  h
 3.97312923498350 -1.76396622356080   4.30759160794909  h
 5.57641215286615 -4.12842278512704   2.58607130202628  h
 6.92958083901078 -1.08857150305218   2.91596971276654  h
-2.64955918911322  4.21074230894940   4.70201687682213  h
 0.23129547348615  5.51775737357076   3.63925679501900  h
-2.66479779583589  6.69333356327924   2.48242934221746  h
$end