    0.00254830
   -0.03498534
   -0.06277646
   -0.05911675
   -0.02821042
    0.10995291
   -0.06742116
    0.01795632
   -0.48257932
    0.08632567
   -0.11334352
    0.01289075
   -0.11462854
    0.05753929
   -0.47378712
   -0.11618004
    0.04090287
    0.04226372
    0.03736118
    0.04242599
    0.04587939
    0.02146691
    0.05419656
    0.05426050
    0.30325778
    0.02635056
    0.02119083
    0.03380807
    0.03335292
    0.02827672
    0.02989301
    0.30618623
    0.05749672
    0.04769319
    0.03955229
