$coord
 0.17804852571166 -1.18826318522648   0.18457933321870  c
-1.75185324085718  0.74818484813191   1.23703009143419  c
-0.58271822667794  3.41235004567511   1.39564971451608  c
 1.10835650718481  4.15476762220411  -0.82794230187139  c
 2.83941626964168  1.95622948934125  -1.55719757783348  c
 1.19248935607229 -0.26905818831414  -2.38830208730992  c
 2.58232840501548 -1.16285860935108   1.82027506906508  c
 4.14889367820704  0.96012242355773   0.76558056985686  c
 2.73710887486280 -2.05356925485152  -3.63980290375947  o
-0.96919212800310 -3.83866636136521   0.02951985343477  c
 6.29188474912674  1.81964225420978   1.70856113636350  c
-4.28522279035581  0.69627620383254  -0.09496414620043  c
-4.81092121385326  1.83239269047943  -2.26242025064567  c
-2.12813611866269  0.14099211869977   3.17976557450302  h
-1.77678224296461 -4.61844212812121   2.45122172222360  o
-6.32287445969881 -0.67162346626759   1.33145087731183  c
-2.10465551887596  4.79104887187035   1.59618620864371  h
 0.56348942733657  3.50237214137285   3.10851698151796  h
-0.01268660850209  4.71225371864142  -2.46508218891058  h
 2.25565939865156  5.77951565115158  -0.27880201910661  h
 4.16433270758183  2.51219084267977  -3.03523140776678  h
-0.34203689794357  0.31799770512971  -3.64736842135787  h
 3.60014261590726 -2.94313426787238   1.58640333062928  h
 2.16650988399224 -0.93785308114769   3.82352517947294  h
 1.68592053911474 -3.33617120938516  -4.38235923135053  h
 0.47504355730233 -5.14890066949451  -0.68663710525242  h
-2.57055914195119 -3.82937180728989  -1.30142015002507  h
 7.10851538341437  1.03813872408535   3.40110591293465  h
 7.32172055707850  3.33326865185050   0.82073416417557  h
-6.68006378775147  1.73452683636521  -3.06797189195744  h
-3.46646477571751  2.92645648314914  -3.31912340986149  h
-2.23290068388235 -6.37709575026359   2.38245062689634  h
-5.61875004355429 -2.44578016381569   2.08996494860337  h
-6.92396489573114  0.48332596669492   2.92938113800727  h
-7.96034125461785 -1.03169840346821   0.14345488424168  h
$end