           1           2  0.957496166861654     
           2           3  0.985842573737020     
           3           4   1.00826508957811     
           4           5  0.979288372284789     
           1           6  0.960064294995002     
           5           6  0.978643496505160     
           1           7  0.982613584176176     
           5           8  0.994326118240709     
           7           8   1.00790565299114     
           6           9  0.976379424634448     
           1          10  0.986236025356210     
           8          11   1.93613531108199     
           2          12  0.997250281613123     
          12          13   1.92602879440490     
           2          14  0.961337401933669     
          10          15  0.985817514922705     
          12          16   1.02490815972204     
           3          17  0.976345346886780     
           3          18  0.976864015332460     
           4          19  0.970306184481650     
           4          20  0.975697881637138     
           5          21  0.962646278781199     
           6          22  0.958416270124368     
           7          23  0.957714634992327     
           7          24  0.964516919919785     
           9          25  0.891876340622282     
          10          26  0.968402749674440     
          10          27  0.967521130112774     
          11          28  0.975216521834625     
          11          29  0.975064378772814     
          13          30  0.974445788300273     
          13          31  0.967102261761953     
          15          32  0.892773675944016     
          16          33  0.970607423561401     
          16          34  0.966284192182845     
          16          35  0.984160684099270     
