    0.00125771
   -0.03359667
   -0.06057522
   -0.05888936
   -0.03559896
    0.11892099
   -0.07272669
    0.01799254
   -0.48244485
    0.08185751
   -0.11344303
    0.01275461
   -0.11610738
    0.04548808
   -0.48866951
   -0.11347685
    0.04076791
    0.04249126
    0.03990787
    0.04065621
    0.03411380
    0.02177845
    0.05682983
    0.04839509
    0.30481835
    0.01886253
    0.05484807
    0.03352331
    0.03425091
    0.03310019
    0.03015697
    0.30949366
    0.05548529
    0.05302681
    0.04475056
