$coord
 0.29258329568647 -1.15772791731587   0.70029710412283  c
-1.67623941850580  0.89163761663622   1.41810744844788  c
-0.63179953890436  3.58182544482627   0.98049906692517  c
 1.00484368559023  3.88963132859396  -1.37888752139599  c
 2.87732861203941  1.69544005771536  -1.58839656272381  c
 1.37823993946485 -0.75557460853948  -1.96615307390633  c
 2.67962643138893 -0.73033236939791   2.31900116361071  c
 4.15667962952340  1.25614884427540   0.91871185303778  c
 2.95921881219587 -2.81858327026508  -2.56443593022804  o
-0.74160842792743 -3.84668988980595   1.08784255121483  c
 6.21392145088159  2.41358275403224   1.72480917809060  c
-4.30888106124799  0.58054780157867   0.33801844825012  c
-6.19691108777732 -0.06272405468477   1.86363792471592  c
-1.92220819904946  0.69119485311338   3.46842146655590  h
-2.67707311886383 -4.56087056365148  -0.57707580512275  o
-4.81743251447340  1.09361300492755  -2.40208935829001  c
-2.20862630992786  4.91283507770185   0.92319734551958  h
 0.52840971353616  4.08465247750046   2.61011068437967  h
-0.14269217962806  3.95582051549348  -3.09190082284236  h
 2.03320595313950  5.67390912450383  -1.24496179127948  h
 4.22562595594174  2.04292150493639  -3.11586368640549  h
-0.08508696820672 -0.55875734033526  -3.41637736838861  h
 3.78052074175124 -2.47411688599050   2.38046704355444  h
 2.24932097357888 -0.17885005550441   4.25650057104338  h
 3.73689919468807 -2.50306718617558  -4.17772758354602  h
-1.36268235188549 -4.04359107772384   3.06358595478327  h
 0.78887978900575 -5.18437332765421   0.73473921771447  h
 7.01708583349338  2.02233061916071   3.55313991057815  h
 7.18173490745801  3.79661788601264   0.58797931567396  h
-8.10850598642995 -0.25440955748934   1.18790565320094  h
-5.92009198418341 -0.42899168109030   3.84723275483151  h
-4.14481341311538 -3.52879345509930  -0.23806319293398  h
-4.07488064210065  2.92620764287910  -2.95939376039495  h
-3.95341526244339 -0.34540531416419  -3.59159501387755  h
-6.84216801856555  1.08039416923517  -2.75899359413357  h
$end