           1           2  0.960221746433019     
           2           3  0.982006595437267     
           3           4   1.00905973446488     
           4           5  0.979406067041153     
           1           6  0.969381774473906     
           5           6  0.972833517288956     
           1           7  0.979377231159454     
           5           8  0.994456687616043     
           7           8   1.00797684440761     
           6           9  0.977192249659755     
           1          10  0.976941414586913     
           8          11   1.93590289447360     
           2          12  0.998794655112343     
          12          13   1.90257340052200     
           2          14  0.960753361937767     
          10          15  0.997654610201778     
          12          16   1.02677635529843     
           3          17  0.975175546296157     
           3          18  0.976090105213323     
           4          19  0.970604255558128     
           4          20  0.975702189677296     
           5          21  0.962593541262478     
           6          22  0.954645957780545     
           7          23  0.956526706483963     
           7          24  0.965687563179872     
           9          25  0.890325460473091     
          10          26  0.968683201446876     
          10          27  0.968886409352424     
          11          28  0.975162850503740     
          11          29  0.974938528442722     
          13          30  0.975328148840470     
          13          31  0.975190457567262     
          15          32  0.863098689563018     
          16          33  0.966653306113788     
          16          34  0.960357424378650     
          16          35  0.982678105701206     
