$coord
 1.91188556555381  2.88018192841350  -0.33978817790045  c
 4.71389887697864  2.14767436027916  -0.09285961774088  c
 5.37567776246127 -0.49096728838918   0.88055580305514  c
 4.59976051863262 -2.59042634350110  -0.95601361207424  c
 1.95827393868295 -3.68597770419931  -0.47972883408675  c
 0.11011965618516 -1.65360003276046   0.41051187243108  c
 0.09557798631570  0.78159782802500  -1.16105088127680  c
 0.73118527252923  3.78135810642051   2.15651705646041  c
-2.14070334711831  3.42080233936768   1.85925047651675  c
-2.54950626424715  1.78872900195674  -0.52350418369161  c
-2.38930733222461 -2.62103495943052   0.27822202493110  o
-4.14358133341343 -0.64316540005394  -0.27396303086530  c
 0.29833882868862  0.31103980799098  -3.16016590941754  h
-3.32982883875331  2.94637188310874  -2.03959319796382  h
 0.50698866578233 -1.19894160161718   2.39707791855579  h
 2.03683018234161 -5.82194559172209   1.46018708708501  c
-5.40721813091150 -1.24235650316011  -2.81754825668370  c
-6.17489440552971 -0.57168967446079   1.78557445926983  c
 1.77626346079776  5.04700465864451  -2.26677571088381  c
 5.59120938759606  2.34155054018891  -1.95360630438163  h
 5.60569976217264  3.54688485719857   1.14009993880147  h
 7.42873558183420 -0.54249698345196   1.10753302312084  h
 4.56181061830608 -0.81933767886762   2.74251046253961  h
 5.95576702804272 -4.14125826096206  -0.83567091114922  h
 4.70694058639893 -1.84241204315202  -2.87587074067904  h
 1.21868377435128 -4.45822160862330  -2.25149607027010  h
 1.21697161974271  5.74616440161901   2.53801141889601  h
 1.44710030715503  2.65454000734736   3.72578778535025  h
-2.91859586440720  2.52244184648459   3.53436110491602  h
-3.08995795327189  5.23599502837978   1.64253010782438  h
 2.89942312001189 -5.17664954605971   3.21173791582622  h
 0.12496696601177 -6.45309188499714   1.86267177577812  h
 3.12529109899887 -7.41186456429983   0.74390091875194  h
-4.02943446695348 -1.17095144028493  -4.33971322195147  h
-6.91225490033630  0.10097451387286  -3.20524426562604  h
-6.19744841307076 -3.13692644983381  -2.75152235157005  h
-5.32396848105560 -0.66409480475370   3.65137893457954  h
-7.29651560450106  1.14154350172254   1.62711563052731  h
-7.40576730191789 -2.20306291123903   1.58065913541696  h
-0.10265753022739  5.86859688433680  -2.33414249498032  h
 3.10614382659995  6.52868665872020  -1.75085684288431  h
 2.25858609006754  4.37652204687298  -4.15026996461038  h
$end