    0.00023746
   -0.03473005
   -0.06195465
   -0.05831354
   -0.03619487
    0.11952470
   -0.07248990
    0.01828979
   -0.47751009
    0.08492437
   -0.11350309
    0.00868060
   -0.11188135
    0.04764248
   -0.48603470
   -0.11626506
    0.04080458
    0.04286429
    0.03641809
    0.04125276
    0.03409154
    0.01818606
    0.05743161
    0.04929971
    0.30530481
    0.01656903
    0.05305630
    0.03388481
    0.03409063
    0.03277814
    0.03454139
    0.31157797
    0.04444313
    0.05081343
    0.05216962
