$coord
 0.27606328117388 -1.13784161838271   0.69441403482728  c
-1.70852977276796  0.91707661349505   1.36122107467172  c
-0.61554534271721  3.60018198646136   1.01824941425156  c
 1.06819147896470  3.94194067779090  -1.30224223493581  c
 2.90063279512089  1.71808976533377  -1.54483184728413  c
 1.37775724558679 -0.71380408185332  -1.95993539534109  c
 2.63576539706621 -0.72585338966823   2.35191704348760  c
 4.16053818117458  1.23452056707595   0.96469237621487  c
 2.94408667358797 -2.78075548422974  -2.57691757317641  o
-0.78384149645225 -3.82024680889117   1.02204305588903  c
 6.23927933634875  2.34177641253865   1.78560630002120  c
-4.25982256973221  0.61875423525029   0.09322188787673  c
-4.77959530853128  1.24648568967068  -2.27671388281177  c
-2.06649478350636  0.68966897391126   3.39141255143575  h
-2.52326491197422 -4.57132734181279  -0.83181740034247  o
-6.32466412614873 -0.31386422327165   1.81216515632986  c
-2.17486861715537  4.95011129671179   0.94754982336662  h
 0.51647860449992  4.04840736147267   2.68362278489274  h
-0.05559232504127  4.09496533298623  -3.02386667705136  h
 2.13331039590817  5.69769279100766  -1.09793224440710  h
 4.26251072574368  2.06632792257921  -3.05956584515439  h
-0.09815960051309 -0.49780175428657  -3.39791131258922  h
 3.71807110459064 -2.47929747114180   2.44890453872576  h
 2.17467490775532 -0.15426446368815   4.27683832233538  h
 3.66456792601620 -2.49420867241974  -4.22145114010414  h
-1.61800393126518 -3.98576609153205   2.92543694604678  h
 0.76833915085877 -5.17125800794644   0.87218100211768  h
 7.02503104639225  1.92451319759325   3.61576461914797  h
 7.24318553863472  3.70755865471972   0.65940438243400  h
-6.65882503129450  1.02942506766360  -3.03246587484039  h
-3.40414392131366  2.00190149318548  -3.56334659425820  h
-3.78396235594640 -3.26562813884602  -1.02535079980677  h
-8.06772275792948 -0.64185082794847   0.77443519814681  h
-5.78358660386187 -2.05511196792295   2.76584684693221  h
-6.69379117331066  1.09747155223237   3.26809154840659  h
$end