           1           2  0.959469413865629     
           2           3  0.983321763917815     
           3           4   1.00897076179030     
           4           5  0.980302814439927     
           1           6  0.968665675332980     
           5           6  0.971090770960183     
           1           7  0.980310705642329     
           5           8  0.993937468328353     
           7           8   1.00773057766975     
           6           9  0.981504306696813     
           1          10  0.978099969818919     
           8          11   1.93639056410751     
           2          12  0.997138873039569     
          12          13   1.91124374636863     
           2          14  0.963011988845865     
          10          15  0.999852448286242     
          12          16   1.02212000477066     
           3          17  0.976244140470900     
           3          18  0.976291129516286     
           4          19  0.969865159273407     
           4          20  0.975418682635158     
           5          21  0.962962678932809     
           6          22  0.957296314077716     
           7          23  0.956349486145459     
           7          24  0.965722201490531     
           9          25  0.890425823694211     
          10          26  0.964435101850013     
          10          27  0.968284154174895     
          11          28  0.975093465933113     
          11          29  0.974899660914377     
          13          30  0.974153075828860     
          13          31  0.967156877984705     
          15          32  0.863194923802568     
          16          33  0.984086705574003     
          16          34  0.970335600386130     
          16          35  0.967271957460033     
