   -0.00900628
   -0.03644255
   -0.06065418
   -0.05812131
   -0.03553504
    0.10974949
   -0.07077798
    0.00801428
   -0.48386804
    0.08475741
   -0.11308112
    0.00834009
   -0.11325124
    0.04489401
   -0.48854595
   -0.11202819
    0.04183247
    0.04189158
    0.04006479
    0.04112656
    0.03994524
    0.04597399
    0.05741571
    0.04946116
    0.31292972
    0.01840164
    0.04097728
    0.03354862
    0.03400570
    0.03395176
    0.02733068
    0.32013967
    0.05421618
    0.04621791
    0.04612594
