           1           2  0.959627434585115     
           2           3  0.983044005232336     
           3           4   1.00861408864709     
           4           5  0.978764073726970     
           1           6  0.961478134345409     
           5           6  0.975755914291663     
           1           7  0.982726757782241     
           5           8  0.993642066240450     
           7           8   1.00824841311444     
           6           9  0.976247395129165     
           1          10  0.975446659353154     
           8          11   1.93398748312599     
           2          12  0.998037354049767     
          12          13   1.92619904043963     
           2          14  0.960796426504004     
          10          15   1.00155487941385     
          12          16   1.02632009873608     
           3          17  0.975310161480510     
           3          18  0.976836498836873     
           4          19  0.970024250079457     
           4          20  0.975599737923101     
           5          21  0.962838498942026     
           6          22  0.955815975752564     
           7          23  0.953594913495000     
           7          24  0.963092361050805     
           9          25  0.881651644333505     
          10          26  0.966822724558889     
          10          27  0.971295591580770     
          11          28  0.975144007576423     
          11          29  0.974897529313837     
          13          30  0.975322148094555     
          13          31  0.975352201076492     
          15          32  0.860031850690637     
          16          33  0.969397106879879     
          16          34  0.961461779001617     
          16          35  0.981899082484543     
