   -0.00822778
   -0.03641351
   -0.06045962
   -0.05931069
   -0.02958999
    0.11668710
   -0.06638777
    0.01706612
   -0.50638660
    0.07719699
   -0.11271800
    0.00829867
   -0.11396601
    0.04473035
   -0.47532180
   -0.11193209
    0.04224106
    0.04255025
    0.03928717
    0.04134599
    0.04454529
    0.02029626
    0.05009489
    0.04629797
    0.32049115
    0.04972035
    0.03043168
    0.03322273
    0.03400288
    0.03424068
    0.02735053
    0.31334620
    0.05477859
    0.04635866
    0.04613230
