$coord
-0.03768759739313 -1.09933103119253   0.55559969504858  c
-1.91966550218390  1.07371415963760   1.36562029803053  c
-0.68452507883552  3.74622201148047   1.08748033061747  c
 1.05722617524324  4.07128556377503  -1.23317114572531  c
 2.77657653080716  1.73027387537524  -1.60045825030788  c
 1.10276404721601 -0.59284240681812  -2.11923425946732  c
 2.38221217455914 -0.89268684243458   2.24114022318205  c
 4.07317399398389  1.01168937417223   0.87450428023305  c
 2.70119452660087 -2.59669441241955  -2.99278984393771  o
-1.43749425780602 -3.64931908348197   0.82014407724978  c
 6.28455240987787  1.90723203422261   1.70841548365411  c
-4.58814389040551  0.96926705696398   0.24143577466148  c
-6.55663044230408  0.44564413009005   1.76033683071091  c
-2.19945432052595  0.77833810043211   3.41013072846203  h
 0.04500018933151 -5.85050468065821   0.16742648852496  o
-5.04196191277524  1.57552998701169  -2.52481970120420  c
-2.17583368540195  5.19901235351298   1.07842923851814  h
 0.44477410244455  4.10548582368128   2.79889184513464  h
-0.05339777283873  4.36285873991634  -2.97241659342055  h
 2.22653403958684  5.77567460601115  -0.97887676375482  h
 4.12932086701072  2.06696993031060  -3.14610009673637  h
-0.36195489543928 -0.18648105156172  -3.54614227866029  h
 3.36681266501922 -2.72393378877884   2.37222074417151  h
 1.93679927264066 -0.31636677436881   4.19132835326793  h
 1.98129959507725 -4.19530174409584  -2.37077089059860  h
-3.06263529216414 -3.70146723299725  -0.47249923564457  h
-2.18697960524941 -3.83749452653019   2.76023898988142  h
 7.07721911983143  1.33724474992301   3.52909378510988  h
 7.39267862795969  3.25022097169111   0.59751877495295  h
-8.49722422468080  0.42933980632127   1.05443233219027  h
-6.30661590941359  0.02463872687275   3.76671269329146  h
 1.22950943471108 -6.19805914742500   1.54468907379065  h
-4.17605466674520  3.38881226595876  -3.06685101001037  h
-4.23757795755700  0.12545346104853  -3.78260772778651  h
-7.07684765484918  1.69582958672786  -2.92982644649980  h
$end
