           1           2  0.958338909371690     
           2           3  0.982361514170754     
           3           4   1.00857964999197     
           4           5  0.979860373942306     
           1           6  0.966609824511230     
           5           6  0.977062749155749     
           1           7  0.982360614702685     
           5           8  0.994782408124309     
           7           8   1.00537801143877     
           6           9  0.982765404736492     
           1          10  0.977312361739971     
           8          11   1.93787368407678     
           2          12  0.997862593197738     
          12          13   1.92530885241711     
           2          14  0.961278704135122     
          10          15  0.985119216514069     
          12          16   1.02715623405636     
           3          17  0.975255610913819     
           3          18  0.976604853522875     
           4          19  0.970288238941714     
           4          20  0.975599815429610     
           5          21  0.962394848082017     
           6          22  0.953193044599220     
           7          23  0.952892952336776     
           7          24  0.966637576681944     
           9          25  0.852569835537105     
          10          26  0.968986109742792     
          10          27  0.970297125926070     
          11          28  0.975138615710919     
          11          29  0.975009396609882     
          13          30  0.975273351543500     
          13          31  0.975252753614565     
          15          32  0.881366643546546     
          16          33  0.968327381440709     
          16          34  0.961450137555434     
          16          35  0.982122388373221     
