$coord
 0.02326143086248 -1.41418279304299  -0.03476593139131  c
 1.16271693960702  0.88755651836431  -1.44592253534734  c
-0.79618480313345  3.03327194375530  -1.67556701728967  c
-2.45452720130458  3.41847710525860   0.65573060007754  c
-3.45059811983985  0.88280721652491   1.63299802386783  c
-1.19146997978563 -0.71443984260268   2.51348582796293  c
-2.33869614648196 -2.32040833002866  -1.48740878996553  c
-4.45956294718756 -0.68107538671909  -0.51681096064915  c
 0.47351455079244  0.44503130700173   4.20857544636182  o
 1.97036938491711 -3.52939109667120   0.31915583644686  c
-6.79123688215876 -0.62601539129126  -1.40182457075349  c
 3.71428975940106  1.77549793633482  -0.48750046109010  c
 4.06310732784150  3.43298420410036   1.35004932392207  c
 1.52619934610836  0.20992877312186  -3.37240971118255  h
 2.95277836307735 -4.48712253952438  -1.95973869639430  o
 5.92325449716820  0.78454011894117  -1.97185882944365  c
 0.19494026995114  4.78883069509264  -2.10998555320685  h
-2.04051145122606  2.61396069352391  -3.26947891219550  h
-1.38910156461444  4.32907034261646   2.16532028023133  h
-4.03947847866228  4.64456861868284   0.16160281617518  h
-4.85091422238287  1.18894891449200   3.12202528319057  h
-1.92039141918704 -2.47877802757080   3.36795939614154  h
-2.13213607795292 -2.16841463060581  -3.53265412154299  h
-2.74209798294752 -4.29893673108052  -1.03303225153606  h
-0.45114996599670  0.89031594010537   5.71179114416719  h
 1.09688097275597 -5.06535126107607   1.41879819947160  h
 3.57537235268409 -2.80594116273454   1.39245645474236  h
-7.37215542268091 -1.78386021670286  -2.97191631534702  h
-8.21409353474719  0.58284211674478  -0.59376138931263  h
 5.93905494649105  4.02096348254671   1.88264911529093  h
 2.54952690572562  4.23970973874592   2.42888559065619  h
 1.57120141086064 -5.12290173733607  -2.96097868295603  h
 5.79004143814257 -1.24803282167767  -2.23387970298891  h
 5.93953780893268  1.65304616820603  -3.84250046921999  h
 7.69781916334315  1.22965918085574  -1.03854128960727  h
$end