$coord
-1.57291581273152  2.94746467733408   0.63702348382160  c
-4.34486786456457  2.31673869392029   0.07766929446558  c
-4.93265688028235  0.66566835739960  -2.21796814495084  c
-3.46672026158741 -1.82029783478468  -2.36090508398537  c
-2.87531761160602 -2.96413667873949   0.22458532681241  c
-0.34512445853208 -1.98119769646277   1.24390089506422  c
 0.01387181997257  0.85170355357775   1.92001090658003  c
-0.01386833739629  3.65999690207332  -1.69458726040871  c
 2.70362308193237  3.60018058126101  -0.74264898142992  c
 2.79294327136410  1.38585287482709   1.13406382247674  c
 1.55944337239159 -2.57480243466056  -0.52876020992236  o
 3.76239261830493 -1.18217509897666   0.08734933793063  c
-0.23589770474422  1.02332779318741   3.96269940280495  h
 3.95384934897503  1.90313387045693   2.75901851376301  h
 0.03530498294956 -3.04365830864248   3.00319187401865  h
-2.71550315834768 -5.84468192003972   0.03543609687246  c
 5.36846850189018 -1.06466330302976  -2.30844393157699  c
 5.28430189965951 -2.54781626233103   2.15596407138453  c
-1.63123920908663  5.19881500153190   2.48029041242764  c
-5.15129293389002  1.45600852392051   1.77099379414589  h
-5.34086000495302  4.10609942527365  -0.20469234240616  h
-6.95550306756372  0.24843955833537  -2.14581644107898  h
-4.60472412372943  1.74593662287577  -3.94514734781710  h
-1.67348058333572 -1.56636687538100  -3.34147784191464  h
-4.57214276808456 -3.16482245764055  -3.46887351247771  h
-4.36123633230156 -2.49201170555012   1.57988173629299  h
-0.54450048771977  5.49976371320896  -2.45324990480282  h
-0.25375194810447  2.24817536490984  -3.16948416557177  h
 4.05882602782646  3.40671806674649  -2.27246569911325  h
 3.14815158629136  5.35512214407735   0.24328319096924  h
-2.29926272384159 -6.67328842795195   1.87074171041229  h
-4.49684470007148 -6.61835216196424  -0.63763781961204  h
-1.22075498542746 -6.36859005064304  -1.27061298132754  h
 4.24937774030918 -0.39805103347762  -3.89440892927106  h
 6.99762339502790  0.15499339436057  -2.03666611934296  h
 6.02351412878163 -2.95999769229820  -2.75439244474371  h
 7.08700980499841 -1.60492569270831   2.43833601085412  h
 4.26173131538420 -2.56098829876694   3.93795040769343  h
 5.62815413787214 -4.49226888510595   1.58696792958399  h
 0.23635407209173  5.62726172226830   3.21425429629982  h
-2.35852263841784  6.87708987409407   1.54065080083053  h
-2.85885300443035  4.77482943133712   4.07562359019454  h
$end