    0.00100000
   -0.03484914
   -0.06189495
   -0.05846267
   -0.03564852
    0.11841743
   -0.07253292
    0.01813215
   -0.48040102
    0.08371141
   -0.11333305
    0.00857488
   -0.11147332
    0.04815120
   -0.48894137
   -0.11628795
    0.04108777
    0.04315855
    0.03690295
    0.04159660
    0.03426106
    0.02005227
    0.05700793
    0.04997846
    0.30471614
    0.01839518
    0.05325924
    0.03413171
    0.03430574
    0.03307560
    0.03476422
    0.31121286
    0.04466959
    0.05078797
    0.05247400
