           1           2  0.959343381177642     
           2           3  0.983174678161630     
           3           4   1.00904281070892     
           4           5  0.979803699928332     
           1           6  0.969419292883707     
           5           6  0.972573057571322     
           1           7  0.980117108998659     
           5           8  0.994044755372127     
           7           8   1.00761744092986     
           6           9  0.978244559702262     
           1          10  0.979205873039294     
           8          11   1.93655739072797     
           2          12  0.996776241071539     
          12          13   1.91030525982264     
           2          14  0.963178695133059     
          10          15  0.997245325342953     
          12          16   1.02209112727492     
           3          17  0.976233006375645     
           3          18  0.976330529327935     
           4          19  0.970178921227820     
           4          20  0.975469104449500     
           5          21  0.962809262169177     
           6          22  0.957297013139363     
           7          23  0.956793383426109     
           7          24  0.965399593169631     
           9          25  0.890752093251913     
          10          26  0.965476056122792     
          10          27  0.968777392480814     
          11          28  0.975100869060802     
          11          29  0.974911018590735     
          13          30  0.974118865174567     
          13          31  0.967193900002074     
          15          32  0.862358177279328     
          16          33  0.984084708978941     
          16          34  0.970408654575944     
          16          35  0.967298075919690     
