$coord
-3.27846705809460 -1.79937725222146   4.40110092241384  c
-3.99023776141510 -3.32843346484955   2.03848431992908  c
-4.93770104603955 -1.53618093809412  -0.08647033325554  c
-3.19486653225654  0.92670309809827  -0.30268875357094  c
-0.56658114755551  0.62377017644300   1.03175905237032  c
-0.98194438944058 -0.05182924420501   3.88674817400352  c
-2.72912231774739  1.60637184924907  -3.11385602366526  c
-1.12831410489934  4.03052973068267  -3.38448039397787  c
 1.42178052833416  3.81845480858389  -1.98123742936581  c
 1.07640532510795  3.14061167681662   0.86191802671369  c
 1.46079152791657 -1.31139043418648  -0.00635251496481  c
 3.63443663793142  2.19415644893291   1.91219966901078  c
 3.81799542981668 -0.41436492720392   0.80305171773782  c
 6.07225885806627 -1.65999985345762   0.47747321672088  c
 6.04842209672927 -3.98515162589505  -0.78595922959134  c
 3.79287528434273 -4.87218127886390  -1.69142803013653  c
 1.46658690262740 -3.58893733042105  -1.36753243206727  c
-0.44797580293298 -4.84821775529835  -2.51407937768438  o
 8.25207204086215 -0.54488512400346   1.36948122115483  o
-4.88189247261954 -2.98004031144169  -2.36767163313288  o
-7.78373998688718 -0.95814404317199   0.41322315531472  c
-4.66375514529820  3.14371113459656   0.93393898997472  c
 2.96633401958559  6.26614673757610  -2.38699380338311  c
 0.30573862857438  5.51724301916337   2.39359401408145  c
-4.88960314791160 -0.69963766727611   5.00888363367702  h
-2.82464735973499 -3.08130436311503   5.93134466646574  h
-5.46581950427181 -4.67967232182157   2.46209792944153  h
-2.36130415456408 -4.38024291166953   1.39713640850270  h
 0.70856999530437 -0.96311165523376   4.57555902665855  h
-1.21280311646942  1.65790279790470   4.96932492945696  h
-1.74172924016628  0.07150709642704  -4.03570761343525  h
-4.51560633925271  1.87757508656300  -4.07194370302768  h
-0.75178409940263  4.35665073490609  -5.36998004197778  h
-2.16785825506914  5.65173482679025  -2.70884226249367  h
 2.45689995479313  2.28072361820046  -2.83612625761135  h
 3.60032292466634  2.15948171240753   3.95880015500957  h
 5.20610113236710  3.36757965949910   1.34294200553383  h
 7.77197355583259 -5.03310872040082  -1.08309602954025  h
 3.70491569833324 -6.62902234019750  -2.72416007265285  h
-2.11944574586844 -4.03042877116812  -2.53678729672212  h
 9.70501025034756 -1.60687859899403   0.97966598712485  h
-5.74470016465046 -2.09211767662593  -3.72522469279272  h
-8.56854353298869  0.25673568371952  -1.03280033284252  h
-8.79067484331619 -2.74162311048246   0.37696732673987  h
-8.07978505228183 -0.08631041965122   2.23540158902015  h
-4.99540975103131  2.81395481069043   2.91703995311012  h
-3.65562909697902  4.88554617017578   0.74545342015233  h
-6.45955303226628  3.39436493772155   0.00659078999883  h
 4.74619287829924  6.20060798603756  -1.38230366847307  h
 3.36665817666836  6.50110022000126  -4.38118290139403  h
 1.92389871777590  7.90581515502182  -1.75269149736195  h
-0.82627270425272  6.81607564120815   1.30597595338413  h
-0.69957933727587  5.06152042755840   4.10864710297714  h
 2.01539396561089  6.50967072412316   2.92120470697461  h
$end
