! hf-3c
! DEFGRID2
! scfconv6
! miniprint nopop noautostart
%MaxCore 2500
%pal
    nprocs 12
end
*xyz 0 1
C   -1.7348900531  -0.9521894353   2.3289623100
C   -2.1115428885  -1.7613311368   1.0787194464
C   -2.6129188667  -0.8129119439  -0.0457581298
C   -1.6906505600   0.4903901606  -0.1601759903
C   -0.2998218313   0.3300849621   0.5459833774
C   -0.5196225930  -0.0274268549   2.0567785573
C   -1.4441893357   0.8500553745  -1.6477816450
C   -0.5970781108   2.1328644804  -1.7909898945
C    0.7523738542   2.0206392647  -1.0484256965
C    0.5696091675   1.6619401269   0.4561073772
C    0.7730175861  -0.6939579321  -0.0033616061
C    1.9232610424   1.1610975894   1.0118924871
C    2.0203961719  -0.2192724764   0.4249566680
C    3.2133010050  -0.8784340922   0.2526679450
C    3.2006871341  -2.1088514215  -0.4159117128
C    2.0071031634  -2.5782472990  -0.8950651670
C    0.7760843663  -1.8991838458  -0.7236669979
O   -0.2370585858  -2.5655663485  -1.3303935125
O    4.3668084648  -0.2883407901   0.7246982527
O   -2.5833862415  -1.5769694197  -1.2529178706
C   -4.1189778148  -0.5070279922   0.2186682767
C   -2.4679529390   1.6635802894   0.4942192297
C    1.5697163624   3.3159020522  -1.2631427228
C    0.1617899147   2.9195992715   1.2666354038
H   -2.5874665551  -0.3702323092   2.6505870698
H   -1.4947390110  -1.6305560481   3.1387324261
H   -2.8923871193  -2.4763759461   1.3028861147
H   -1.2495483461  -2.3179247261   0.7393327476
H    0.3749590937  -0.5096567393   2.4212815630
H   -0.6417877703   0.8773243782   2.6296535051
H   -0.9216834211   0.0378399258  -2.1356044980
H   -2.3895559671   0.9935699471  -2.1547798108
H   -0.3978270127   2.3054402838  -2.8416710600
H   -1.1471811845   2.9907692711  -1.4334575926
H    1.3001354650   1.2069069626  -1.5008133821
H    1.9052088428   1.1427485091   2.0949068236
H    2.7549500757   1.7820464109   0.7106543046
H    4.1127512877  -2.6634064337  -0.5731497358
H    1.9605569550  -3.5079275515  -1.4415634287
H   -1.1215623880  -2.1328110549  -1.3424100257
H    5.1356702538  -0.8503235349   0.5184169145
H   -3.0399644093  -1.1071009965  -1.9713040121
H   -4.5342779663   0.1358586730  -0.5465343993
H   -4.6518247935  -1.4508044703   0.1994825185
H   -4.2756381168  -0.0456735071   1.1829235776
H   -2.6434569982   1.4890807577   1.5436310658
H   -1.9344756088   2.5853196949   0.3944769616
H   -3.4182482558   1.7962205697   0.0034876959
H    2.5115771086   3.2812204385  -0.7314835996
H    1.7815587832   3.4402340807  -2.3184221472
H    1.0180833571   4.1835772118  -0.9274843977
H   -0.4372446849   3.6069118955   0.6910927122
H   -0.3702014423   2.6784412616   2.1742024136
H    1.0665005571   3.4447693962   1.5458349586
*
