$coord
 2.65633100369239  2.38796902693024   4.12004860933257  c
 4.83418926189479  2.70056102465944   2.19980323286901  c
 4.15799967050433  1.80105628558513  -0.52381494958591  c
 3.05925787326791 -0.97072312423987  -0.47508019349485  c
 0.64636377367396 -0.85284507220792   1.18069646523178  c
 1.39282917151405 -0.23770469492934   3.94814721504863  c
 2.36659560829283 -1.82871109838506  -3.17589105368079  c
 0.88170862661870 -4.33187670892379  -3.11375377840872  c
-1.65199609400466 -3.98250771696096  -1.71995094773362  c
-1.30220285418135 -3.09292182367949   1.06461014668602  c
-0.97230890275513  1.27521411909755   0.20765867781199  c
-3.82603132987983 -1.73687891554869   1.83643951641996  c
-3.49107579439481  0.86533285233576   0.65940320410928  c
-5.25380741390014  2.65371799172630  -0.09800032780329  c
-4.36812597377112  4.82043401802999  -1.34897995591139  c
-1.81762568803950  5.16800774961026  -1.85273333828900  c
-0.06576854593304  3.35193316099494  -1.06149525080668  c
 2.43823972751680  3.57372847789141  -1.63337919471921  o
-7.77786157728562  2.22596775240181   0.35964818565865  o
 6.56408233622923  1.99886896560494  -2.18441051881041  c
 5.06186073793825 -2.81539704983271   0.58995177060211  c
-3.24723904356182 -6.42164097459390  -1.92342766367375  c
-0.70807986376709 -5.32468973250049   2.83901102377215  c
 3.37938102096365  2.68355645444113   6.01309992095133  h
 1.24343861664851  3.82725004917727   3.78257125815667  h
 6.47684666972408  1.66532803768396   2.83300653050387  h
 5.37329815013301  4.67229476857970   2.08344491340965  h
-0.28015811078199 -0.24535389182271   5.11905899774367  h
 2.64925290457134 -1.67730217020791   4.66073710815777  h
 1.23362761200487 -0.39540420858394  -4.09203383047310  h
 4.07377253029516 -2.06226369106159  -4.27084176267755  h
 0.49964248876338 -4.94768293184029  -5.02746379401881  h
 1.98552736685459 -5.79810785303736  -2.21837081072088  h
-2.65890563516256 -2.49081961279716  -2.68574215976327  h
-4.01630282764743 -1.61820600023070   3.87398433414695  h
-5.47251301389965 -2.71067353704707   1.11331965805605  h
-5.70433638158067  6.23052982553354  -1.97013695980497  h
-1.17601946271059  6.81891594950301  -2.86650154588873  h
-8.79013095583351  3.61717926435271  -0.29905984993891  h
 7.24334058586316  3.93048502423650  -2.14087746284235  h
 8.03379524083573  0.76841744045126  -1.47335560618446  h
 6.14236275606233  1.50270549717777  -4.12312105769332  h
 5.91953154843948 -2.12081039308803   2.30277094883550  h
 4.20593532359251 -4.61884040722775   1.00674707775159  h
 6.53691801825106 -3.12032572272366  -0.79061177249319  h
-4.98818031854924 -6.26827572239533  -0.86079645631513  h
-3.72001904494860 -6.77271759746688  -3.88438119243509  h
-2.19971847425561 -8.03246651733166  -1.22475555268777  h
-2.32607950072568 -6.56946505653578   2.95044052530595  h
 0.88252387724945 -6.41313731209397   2.16092466837068  h
-0.29211204301734 -4.66592948220905   4.72659691793405  h
$end
