    0.01816773
   -0.06349505
   -0.05614848
   -0.06060138
   -0.01559282
    0.11704304
   -0.03240436
   -0.06610945
   -0.05883038
   -0.03292105
   -0.33029322
    0.14023958
    0.02303549
    0.02236202
    0.00269445
   -0.10646857
   -0.11077739
   -0.11325620
   -0.10502577
    0.02364043
    0.05249501
    0.03189732
    0.02729992
    0.05113756
    0.02783120
    0.02573111
    0.03242223
    0.03139873
    0.03488676
    0.02977178
    0.03052537
    0.03466416
    0.04752327
    0.04999042
    0.03570859
    0.04898881
    0.03530311
    0.04547838
    0.03296239
    0.03228411
    0.03216563
    0.03427550
