$coord
-1.23310180340877  2.93979398665021   0.20952735825418  c
-2.37044785226446  1.99356816550038  -2.29262825937636  c
-4.72654376769781  0.33349381273725  -2.17289346747219  c
-4.11441571802259 -2.44217235198724  -1.73029905585068  c
-3.05776898943039 -2.98550310584939   0.89610274391751  c
-0.39674977411476 -1.92992571865850   1.31843906848643  c
-0.03822040233817  0.88261545354277   1.92122529315421  c
 0.97813003236601  4.74449716139738  -0.48244737878406  c
 3.33779324711221  3.84624804160220   0.92310217532142  c
 2.84456778154550  1.09722434619749   1.62628991072837  c
 1.23957159071436 -2.39156846228818  -0.74173335753261  o
 3.53221749427458 -1.03154505578361  -0.29743429975134  c
-0.60754525727392  1.23888333923139   3.87266689074783  h
 3.79087609056352  0.65309814109800   3.40800003087178  h
 0.35844788659708 -2.93435389996100   2.99504154495490  h
-3.01268577095658 -5.84256368199508   1.34020415940071  c
 4.52939693635957 -0.13706117560915  -2.85491730848954  c
 5.49210639536100 -2.82340617202377   0.87783750704579  c
-3.22353497940743  4.39389035112849   1.72867704628056  c
-2.83303099485684  3.68258384376128  -3.39321699365425  h
-0.92411058930683  0.94756852352944  -3.32105113913522  h
-6.03033930610820  1.00331856133369  -0.72438199127030  h
-5.70189258996950  0.48859582817756  -3.98794947448337  h
-2.74130833121729 -3.08023654842627  -3.12900667718394  h
-5.84027348284144 -3.55009533029859  -1.97672379839562  h
-4.28606585689572 -2.11131096931673   2.31782812500004  h
 0.51903593458276  6.68878222555827   0.01920486255849  h
 1.30773744399124  4.71118928826036  -2.51514966548701  h
 5.04858208938637  4.09222613830669  -0.19083302505061  h
 3.56750203019849  4.92255059340498   2.66829192098474  h
-2.40203891412979 -6.28030218911392   3.25423177808369  h
-4.88294888366115 -6.64719996680578   1.05857804740070  h
-1.70884909453125 -6.72352000456566   0.01979286255872  h
 3.27911853555256  1.24709253024039  -3.70327910855950  h
 6.40567497494497  0.67208065791364  -2.65412174916176  h
 4.63930047533919 -1.75914466407458  -4.11126358076806  h
 4.75912821795818 -3.65838579414424   2.60719182209903  h
 5.92215765042518 -4.34126414796161  -0.43825488177461  h
 7.22015490550414 -1.80137838172032   1.31346798290874  h
-4.65142978470963  3.12702135132557   2.48891973925412  h
-2.33830960942806  5.36890385113681   3.30862045888791  h
-4.15706446903631  5.79061747504260   0.54256137832633  h
$end