           1           2  0.988940262519355     
           2           3   1.00614079729485     
           3           4   1.00943585485054     
           4           5  0.998495900014827     
           5           6  0.979486713967812     
           1           7  0.971183111937870     
           6           7  0.974712741844800     
           1           8  0.977311351537051     
           8           9   1.00603143871851     
           7          10  0.982365707706153     
           9          10   1.00036950333460     
           6          11  0.974351905416697     
          10          12  0.956706424908956     
          11          12  0.957733286144488     
           7          13  0.970142137669983     
          10          14  0.971499943741959     
           6          15  0.952772495677420     
           5          16   1.00590534184620     
          12          17  0.997087521023421     
          12          18  0.989987298673894     
           1          19   1.00229235247825     
           2          20  0.975579815940587     
           2          21  0.967731923657783     
           3          22  0.972154244013758     
           3          23  0.976936130050448     
           4          24  0.973064532764203     
           4          25  0.975108673576867     
           5          26  0.966100151383518     
           8          27  0.979393629143218     
           8          28  0.975012019901178     
           9          29  0.975336303282045     
           9          30  0.980052701509405     
          16          31  0.986280351917850     
          16          32  0.986171162102181     
          16          33  0.986786550464259     
          17          34  0.976880849493668     
          17          35  0.983853442756787     
          17          36  0.982787785704937     
          18          37  0.983820793295304     
          18          38  0.984932220693726     
          18          39  0.986026502955144     
          19          40  0.981715328624397     
          19          41  0.985165448534251     
          19          42  0.985551418627607     
