   -0.06953602
   -0.06575248
   -0.05156735
   -0.03632941
   -0.06405733
    0.06990510
   -0.02287952
   -0.04530999
   -0.22088009
    0.05008307
   -0.00933129
    0.01368679
   -0.06849629
    0.02529990
    0.00217604
   -0.03539318
   -0.03868595
   -0.02258531
    0.29771269
   -0.02378666
   -0.05408350
   -0.71758253
    0.05141171
    0.36495023
   -0.44534586
   -0.26954333
    0.02872231
    0.04600376
    0.04432647
    0.05133185
    0.04346813
    0.02933562
    0.03209196
    0.02929466
    0.03284342
    0.16785946
    0.04938704
    0.08259065
    0.04894220
    0.05103167
    0.05378710
    0.05680816
    0.07281757
    0.06898906
    0.05190461
    0.05921728
    0.06198696
    0.08609778
    0.06754292
    0.06953993
