$coord
-0.82133130478107  0.06136280369838  -4.70534910875587  c
 2.05405836982999  0.07793905891711  -4.90069955226630  c
-4.92768807201363  5.98901691984687   1.11000316766532  c
-7.03712208616302  4.89226036458030   0.02061240900036  c
-6.85564876840920  2.50016313878085  -0.99371610567698  c
-4.59450522750532  1.15124676444147  -0.88915530754672  c
-2.48165855656801  2.18618780452630   0.34077635915515  c
-2.70159964691210  4.62819449405070   1.27802036002973  c
-4.41717383887430 -1.18518542985992  -2.03736821401466  n
-1.89164351037075 -1.87685470325245  -2.80735187541254  c
-0.28379913792934 -2.03842476631648  -0.37795794634990  c
-0.11455716852063  0.63065286140622   0.82425038494714  c
 2.41623295602833 -2.73954429115439  -1.17789699033110  c
 3.32461682462196 -0.22295460314820  -2.31033474599572  c
 2.36490361993389  1.63277550030176  -0.32879482561184  c
 6.11947971190964  0.17266633172716  -2.63549149298062  c
 7.44954337717757  1.83592066326880  -1.31697710208954  c
 6.39810752113317  3.21545950220653   0.93878520670044  c
 4.26673121985221  1.64898435421129   1.83505144953335  n
 2.68311459709747  2.56831592838102   3.93960182215796  c
 0.45515678707147  0.73831728676548   3.70467481473336  c
 5.20808193177969 -0.57270903638553   2.53213464352229  o
 2.20505149271756  3.56751685094255  -1.02879458869876  h
-1.52877704857267 -3.99403895516210   1.30614775818649  c
-2.76397156039305 -3.57680894686213   3.16419892814354  o
-1.13537463497209 -6.32443551804249   0.39986795412465  o
-2.23896881386840 -8.32713000304912   1.80597366067597  c
-1.64120869717800 -0.30738076871083  -6.56497200021420  h
-1.45150974061693  1.93688200159317  -4.11948104707674  h
 2.69484784935174 -1.48122277527330  -6.09144667779387  h
 2.66038421064570  1.83835948276816  -5.79570759919324  h
-5.01645327760615  7.88680663801799   1.85243458001313  h
-8.80115062041925  5.91291620483495  -0.07532564969971  h
-8.46792165544410  1.63865699677826  -1.90601113551918  h
-1.10169006893148  5.51944792218465   2.17158692349022  h
-5.81474068130055 -1.56739521048128  -3.27921157584040  h
-1.95419489813382 -3.75822124819395  -3.66460174304316  h
 3.58197681415660 -3.17929412600719   0.46491614385379  h
 2.44544829880627 -4.29471699966546  -2.52162609706966  h
 7.00347234437340 -0.89556870447986  -4.13339526059829  h
 9.43192232878020  2.13124240398045  -1.69615148763413  h
 5.80307483878971  5.14890000034249   0.49620672792682  h
 7.81247688003351  3.25442748738090   2.44088375681297  h
 3.72053985810772  2.31714342431246   5.69884832697495  h
 2.17360316186649  4.54934962061563   3.68269192097784  h
-1.18680343056505  1.31251029521966   4.79510413909790  h
 1.10151332265799 -1.09741192022373   4.36955890838987  h
-1.83121115547113 -10.05252244869882   0.76884063182705  h
-1.41642091077769 -8.40863861439954   3.69586366696285  h
-4.27497194736668 -8.04109707334612   1.98073268116159  h
$end