           1           2   1.00608523683999     
           3           4   1.41961192063496     
           4           5   1.46279641363753     
           5           6   1.35152216927431     
           4           7  0.100718551472893     
           6           7   1.31901688007934     
           3           8   1.43579817389126     
           5           8  0.100656432413562     
           7           8   1.42631037421199     
           6           9   1.13840475477120     
           1          10  0.978128672799277     
           9          10  0.995068017973855     
          10          11  0.943165418998190     
           7          12  0.988716652166814     
          11          12  0.960993853604922     
          11          13  0.970763283463580     
           2          14  0.970109526054987     
          13          14  0.966745987264080     
          12          15  0.964838074768680     
          14          15  0.978246750674486     
          14          16   1.00163022715131     
          16          17   1.93062445196383     
          17          18   1.01420045933227     
          15          19  0.891355295468715     
          18          19  0.941690032777830     
          19          20  0.941453625479959     
          12          21  0.964536223063561     
          20          21   1.00459996355328     
          19          22   1.03608960806337     
          15          23  0.963046376832572     
          11          24  0.950375954554771     
          24          25   1.73374588883886     
          24          26   1.13966881172854     
          25          26  0.169927308796131     
          26          27  0.947001490256258     
           1          28  0.974594236387750     
           1          29  0.969905735739088     
           2          30  0.974485697044238     
           2          31  0.975157557703877     
           3          32  0.971389876564232     
           4          33  0.970855655196962     
           5          34  0.967021368121963     
           8          35  0.959925211776839     
           9          36  0.940702227873085     
          10          37  0.964714676474085     
          13          38  0.953880443427479     
          13          39  0.973658044538377     
          16          40  0.963998151208710     
          17          41  0.964649740095409     
          18          42  0.956489551801624     
          18          43  0.964178924288585     
          20          44  0.972249588089415     
          20          45  0.963298960122387     
          21          46  0.974019385771732     
          21          47  0.972035206736275     
          27          48  0.979136668737396     
          27          49  0.976512576107540     
          27          50  0.976390062193911     
