$coord
          2.202328814929          2.798847896254         -0.188166694294     c 
          4.467543960228          1.554266488315          1.178007967104     c 
          5.669784800849         -0.686236603598         -0.241032834838     c 
          4.546566582818         -3.261541078889          0.457087850658     c 
          1.820463911475         -3.729854584272         -0.432094061656     c 
          0.013248587067         -1.647732406914          0.496872916819     c 
          0.189302271989          0.814685970815         -1.068748152953     c 
          0.722284470053          4.618910366814          1.626239674756     c 
         -2.087274245679          3.818441815123          1.618959506292     c 
         -2.455375011195          2.017412303764         -0.656119144291     c 
         -2.600375717953         -2.436348854831          0.494642493501     o 
         -4.235524155926         -0.330787842251         -0.256064026654     c 
          0.482723349267          0.338807388655         -3.065075305219     h 
         -3.050207280443          3.087620656066         -2.332499499713     h 
          0.432859629877         -1.234611703465          2.486922386443     h 
          0.893667476004         -6.315756713740          0.441501106435     c 
         -5.505251714325         -1.016092079058         -2.765894066970     c 
         -6.249810229179          0.095577073732          1.777474526760     c 
          3.144306441481          4.298487880406         -2.491572095161     c 
          5.878016254144          3.033864311358          1.518203917512     h 
          3.885556578911          0.934573788935          3.063690974723     h 
          5.521858961784         -0.397441300678         -2.285073176821     h 
          7.710794237650         -0.721625531497          0.144167686061     h 
          4.608704728361         -3.483742346192          2.515123460314     h 
          5.749922583603         -4.780668619252         -0.281618546325     h 
          1.784347236318         -3.685452998686         -2.512429744070     h 
          0.932741058456          6.570748548976          0.973281841685     h 
          1.527890192604          4.562448097253          3.531559314152     h 
         -2.532297439986          2.824983643659          3.374983731331     h 
         -3.366851763617          5.445928316149          1.524187517034     h 
          0.892790474789         -6.426119239333          2.498383167467     h 
         -1.038041512965         -6.659419330120         -0.190605821591     h 
          2.086740226523         -7.838777845828         -0.271681022933     h 
         -6.629051903509         -2.726953447326         -2.557649951945     h 
         -4.087301084889         -1.367791875833         -4.214818628657     h 
         -6.739499198807          0.499067490724         -3.413747281222     h 
         -7.354770193067          1.787483498623          1.383832417308     h 
         -7.533503976525         -1.511137359349          1.855227216851     h 
         -5.397103723045          0.277381055634          3.639104515546     h 
          4.072366831869          3.075668801030         -3.862187378024     h 
          1.575050451342          5.228593553314         -3.447531620141     h 
          4.490909412289          5.750132010768         -1.925058564893     h 
$end
