    0.00202056
   -0.03489662
   -0.06288456
   -0.05905526
   -0.02841452
    0.11079846
   -0.06748797
    0.01803436
   -0.48063989
    0.08763902
   -0.11347856
    0.01298384
   -0.11475109
    0.05759870
   -0.47192517
   -0.11654448
    0.04076431
    0.04210677
    0.03714288
    0.04225282
    0.04597567
    0.02012184
    0.05416286
    0.05405373
    0.30367669
    0.02464945
    0.01962044
    0.03370689
    0.03326396
    0.02812873
    0.02985309
    0.30667342
    0.05806608
    0.04751098
    0.03927258
