           1           2  0.957635182066282     
           2           3  0.986014638901850     
           3           4   1.00815407267481     
           4           5  0.979576772297537     
           1           6  0.959348339684206     
           5           6  0.978255060899368     
           1           7  0.982646109837767     
           5           8  0.994172808806390     
           7           8   1.00803061489118     
           6           9  0.978969875895140     
           1          10  0.985768102016514     
           8          11   1.93602465168715     
           2          12  0.997461321653025     
          12          13   1.92584857979201     
           2          14  0.961151723835938     
          10          15  0.987695525090437     
          12          16   1.02489565263919     
           3          17  0.976366615536170     
           3          18  0.976828039725173     
           4          19  0.970099773161371     
           4          20  0.975674747997042     
           5          21  0.962590613433443     
           6          22  0.957842526280411     
           7          23  0.957406891954360     
           7          24  0.964781031850446     
           9          25  0.891128531479308     
          10          26  0.967907977203271     
          10          27  0.966830475029200     
          11          28  0.975209349207731     
          11          29  0.975049801754912     
          13          30  0.974453289805672     
          13          31  0.967014814485205     
          15          32  0.892172966511212     
          16          33  0.970168264114252     
          16          34  0.966244434962177     
          16          35  0.984157466300804     
