   -0.01089046
   -0.02632498
   -0.05826931
   -0.05727026
   -0.03041951
    0.12465439
   -0.07584575
    0.01053778
   -0.48059108
    0.07860107
   -0.11234488
    0.01772985
   -0.12049780
    0.04016280
   -0.48815788
   -0.12077674
    0.03905146
    0.03748840
    0.05546449
    0.03476980
    0.03907055
    0.00459845
    0.05311114
    0.04659876
    0.32203644
    0.02484809
    0.04226100
    0.03682812
    0.03853574
    0.02957186
    0.02554641
    0.31366151
    0.07667410
    0.03802287
    0.05156358
