           1           2  0.957672886260836     
           2           3  0.987593772018811     
           3           4   1.00980469539656     
           4           5  0.978891791524629     
           1           6  0.957752566228657     
           5           6  0.975673461245762     
           1           7  0.980854073846227     
           5           8  0.995276847828029     
           7           8   1.00349876117266     
           6           9  0.992669097477129     
           1          10  0.978154140917518     
           8          11   1.93754641785099     
           2          12  0.997908655503390     
          12          13   1.89702738131575     
           2          14  0.959581430704856     
          10          15  0.993050542715408     
          12          16   1.03132020499609     
           3          17  0.973743583822795     
           3          18  0.975512245140061     
           4          19  0.970115303435872     
           4          20  0.976416798581202     
           5          21  0.964778496744974     
           6          22  0.957654038405724     
           7          23  0.965246249703047     
           7          24  0.958837143398018     
           9          25  0.860623125462342     
          10          26  0.968427132672389     
          10          27  0.969893203134351     
          11          28  0.974605616111877     
          11          29  0.974484673438577     
          13          30  0.975503039280768     
          13          31  0.974692990579803     
          15          32  0.858448385251363     
          16          33  0.955593028415703     
          16          34  0.983329936166731     
          16          35  0.962215527090278     
