   -0.00767421
   -0.03299987
   -0.06039000
   -0.05790902
   -0.03616009
    0.10619932
   -0.06885146
    0.00878928
   -0.48692284
    0.08167161
   -0.11259658
    0.01197209
   -0.11484664
    0.04602502
   -0.48174686
   -0.11201068
    0.04070607
    0.04142081
    0.03890275
    0.04133019
    0.04156514
    0.04812410
    0.04950124
    0.05248482
    0.30907524
    0.04962774
    0.02178098
    0.03373730
    0.03446133
    0.03222201
    0.02472962
    0.31013139
    0.05389956
    0.04803806
    0.04571259
