$coord
 0.18699624300752 -1.22756088933207   0.19556462454857  c
-1.79483179571184  0.69899815517989   1.30256724161568  c
-0.70132056231714  3.44709678793328   1.41328624577942  c
 1.03641070091952  4.19654635383046  -0.81020393077533  c
 2.86251395627088  2.01955746241596  -1.53072582334164  c
 1.27266216869380 -0.26974313342792  -2.38131800907918  c
 2.60095121052349 -1.13736485084608   1.90467838775938  c
 4.22131418211761  0.98990127732696   0.79765892025359  c
 2.73397541632386 -2.13876491924011  -3.69981173470527  o
-0.93939236240855 -3.90553196530601  -0.01443095123904  c
 6.45073283233870  1.79032718908227   1.68233052918796  c
-4.45358988981117  0.59331688349392   0.16438878978339  c
-6.40812963031804 -0.09853777307388   1.63688100947435  c
-2.04569318104078  0.12198492298950   3.28851499300048  h
-1.74333290826485 -4.93240801357786   2.36286265870411  o
-4.92448499359728  1.36467747914655  -2.55690433214005  c
-2.26566938226849  4.80907759452371   1.59108881544194  h
 0.39690685254566  3.61401254467350   3.17406359074732  h
-0.07742672803189  4.71284849534987  -2.49521217300501  h
 2.13499147556288  5.88527067787171  -0.28219675249319  h
 4.17541605015613  2.65572110199078  -3.01570482313497  h
-0.20119883719568  0.27257363345435  -3.73348597684920  h
 3.62379907305410 -2.95373075332167   1.82273100975293  h
 2.14747241958471 -0.82230749374327   3.90995081763826  h
 4.29202622944229 -2.46272562878117  -2.75329336579131  h
 0.51814157213304 -5.20152982134719  -0.72854282231834  h
-2.50384890128122 -3.91595792007520  -1.40090646260719  h
 7.30948735687811  0.97692521450357   3.37614751698918  h
 7.50536346372435  3.29917004162680   0.74532913986128  h
-8.34485025883271 -0.13664947306313   0.92234844901051  h
-6.15878688829098 -0.60635523189835   3.62465037100533  h
-3.34569420855047 -4.12866163528538   2.81005630955047  h
-4.07038056784191  3.21297298399122  -2.98827925321845  h
-4.11975380098798 -0.00300570318148  -3.90396040109542  h
-6.96144005998774  1.49570133198646  -2.94672893836090  h
$end
