*************************************************
******************* ORCA 6.1.1 ******************
*************************************************
$Calculation_Status
   &GeometryIndex 1
   &version [&Type "String"] "6.1.1"
   &progName [&Type "String"] "LeanSCF"
   &Status [&Type "String"] "NORMAL TERMINATION"
$End
$Geometry
   &GeometryIndex 1
   &NAtoms [&Type "Integer"] 35
   &NCorelessECP [&Type "Integer"] 0
   &NGhostAtoms [&Type "Integer"] 0
   &CartesianCoordinates [&Type "Coordinates", &Dim(35,4), &Units "Bohr"] 
              C     -0.037457661421   -1.099022780797    0.556467427889
              C     -1.920674165966    1.075123765492    1.366665578858
              C     -0.683629812331    3.746932079652    1.088606796106
              C      1.057811273464    4.072684114313   -1.231797376713
              C      2.777368914133    1.731355013273   -1.599779958059
              C      1.103366337858   -0.591600017706   -2.118376586742
              C      2.383604536847   -0.892725586987    2.241865817523
              C      4.074038594228    1.013333211048    0.875605074694
              O      2.701539392811   -2.596744322029   -2.992023163255
              C     -1.437819658455   -3.648935958151    0.820179293425
              C      6.285421636894    1.908223561525    1.708582885882
              C     -4.589985247292    0.973529470128    0.241260022536
              C     -6.559141980719    0.452247691976    1.759993409943
              H     -2.202154684144    0.780238998060    3.410825511738
              O      0.044426844791   -5.851676209276    0.170400571653
              C     -5.044357009962    1.573620411535   -2.526412353614
              H     -2.173574437182    5.200812841017    1.080578363224
              H      0.445781146278    4.102805064819    2.800387641714
              H     -0.053040849568    4.364450036727   -2.970555805965
              H      2.227573314971    5.776503845697   -0.976877529289
              H      4.129549063385    2.069054330623   -3.145176690332
              H     -0.360705643603   -0.185757765184   -3.545673859854
              H      3.368272417714   -2.724194966429    2.369863650834
              H      1.940480483653   -0.317263612391    4.192869170666
              H      1.978673240036   -4.196129413119   -2.373884508812
              H     -3.060516474628   -3.701252089054   -0.475390682279
              H     -2.189957297146   -3.836333612367    2.759342485272
              H      7.082019504656    1.333482115692    3.525719869897
              H      7.396424807625    3.247657776912    0.596540975024
              H     -8.498290487504    0.423251081466    1.051641210678
              H     -6.309426750305    0.022346575806    3.763840820164
              H      1.231785739590   -6.194700775249    1.547213121537
              H     -4.177355254399    3.384572151650   -3.072874331311
              H     -4.243697855609    0.119433327076   -3.781491154218
              H     -7.079389792004    1.694932759257   -2.928910844591
$End
$SCF_Energy
   &GeometryIndex 1
   &Method [&Type "String"] "SCF"
   &totalEnergy [&Type "ArrayOfDoubles", &Dim (1,1)] "Total energy of each state"
                                                         0

0                                     -6.5777205263978522e+02
   &Mult [&Type "ArrayOfIntegers", &Dim (1,1)] "Multiplicity of each state"
                                                         0

0                                                        1
$End
$DFT_Energy
   &GeometryIndex 1
   &nAlphaEl [&Type "Integer"] 56
   &nBetaEl [&Type "Integer"] 56
   &nTotalEl [&Type "Integer"] 113
   &finalEn [&Type "Double"]      -6.5777205263978522e+02  "No Van der Waals correction"
   &eExchange [&Type "Double"]      -9.1092353268049706e+01
   &eCorr [&Type "Double"]      -4.0414654729649060e+00
   &eXC [&Type "Double"]      -9.5133818741014608e+01
   &eCNL [&Type "Double"]       0.0000000000000000e+00
$End
$Solvation_Details
   &GeometryIndex 1
   &Solvent [&Type "String"] "CHLOROFORM"
   &Epsilon [&Type "Double"]       4.8029999999999999e+00
   &Refrac [&Type "Double"]       1.4459000000000000e+00
   &RSolv [&Type "Double"]       1.3000000000000000e+00
   &SurfaceType [&Type "String"] "GAUSSIAN VDW"
   &CPCMDielEnergy [&Type "Double"]      -1.3654110000000001e-02
   &NPoints [&Type "Integer"] 2594
   &SurfaceArea [&Type "Double"]       9.1359643806500003e+02
$End
$SCF_Timings
   &GeometryIndex 1
   &TOTAL [&Type "Double"]       1.4769052000000000e+01
   &PREP [&Type "Double"]       5.3612099999999996e-01
   &FOCK [&Type "Double"]       1.0933881999999999e+01
   &DENS [&Type "Double"]       1.9966200000000001e-01
   &ETOT [&Type "Double"]       1.0695300000000008e-01
   &TRAFO [&Type "Double"]       4.1672199999999915e-01
   &DIIS [&Type "Double"]       1.6271180000000003e+00
   &SOSCF [&Type "Double"]       7.1039999999999992e-01
   &XC [&Type "Double"]       3.7185369999999982e+00
   &FOCKSTART [&Type "Double"]       7.8322000000002334e-02
   &SOLV [&Type "Double"]       4.4848879999999980e+00
   &SOLV_INIT [&Type "Double"]       2.7310699999999999e-01
   &INT_PREP [&Type "Double"]       2.0000000002795559e-06
   &INT_BF [&Type "Double"]       1.0476040000000211e+00
   &INT_DENS [&Type "Double"]       8.6250299999998981e-01
   &INT_DENSIO [&Type "Double"]       1.9903722574000007e+04
   &INT_FUNC [&Type "Double"]       3.3960500000001659e-01
   &INT_POT [&Type "Double"]       7.8424500000001596e-01
   &INT_POTIO [&Type "Double"]       1.4254000000001432e-02
   &INT_SUM [&Type "Double"]       1.4759999999975904e-03
   &SPLITRIJ [&Type "Double"]       3.1270749999999978e+00
$End
$Single_Point_Data
   &GeometryIndex 1
   &FinalEnergy [&Type "Double"]      -6.5777205263978522e+02  "Final single point energy"
   &Converged [&Type "Boolean"] true
$End
$Calculation_Info
   &GeometryIndex 1
   &Mult [&Type "Integer"] 1
   &Charge [&Type "Integer"] 0
   &NumOfAtoms [&Type "Integer"] 35
   &NumOfElectrons [&Type "Integer"] 114
   &NumOfBasisFuncts [&Type "Integer"] 605
   &NumOfAuxCBasisFuncts [&Type "Integer"] 0
   &NumOfAuxJBasisFuncts [&Type "Integer"] 955
   &NumOfAuxJKBasisFuncts [&Type "Integer"] 0
   &NumOfCABSBasisFuncts [&Type "Integer"] 0
$End
$SCF_Dipole_Moment
   &GeometryIndex 1
   &dipoleMagnitude [&Type "Double", &Units "a.u."]       1.2762475688167765e+00
   &dipoleElecContrib [&Type "ArrayOfDoubles", &Dim (3,1)] "Electronic contribution"
                                                         0

0                                      4.6177256042103458e+00
1                                     -5.3276430774539127e+00
2                                     -9.8500740755806526e-01
   &dipoleNucContrib [&Type "ArrayOfDoubles", &Dim (3,1)] "Nuclear contribution"
                                                         0

0                                     -5.3187952713476161e+00
1                                      5.5670706743406946e+00
2                                      2.0242300038192274e+00
   &dipoleTotal [&Type "ArrayOfDoubles", &Dim (3,1)] "Total"
                                                         0

0                                     -7.0106966713727026e-01
1                                      2.3942759688678183e-01
2                                      1.0392225962611621e+00
   &doAtomicDipole [&Type "Boolean"] false
   &Method [&Type "String"] "SCF"
   &Level [&Type "String"] "Relaxed density"
   &Mult [&Type "Integer"] 1
   &State [&Type "Integer"] -1
   &Irrep [&Type "Integer"] 0
$End
$SCF_Spin_Spin_Coupling
   &GeometryIndex 1
   &numOfNucPairs [&Type "Integer"] 187 "Number of nuclei pairs to calculate"
   &numOfNucPairsDSO [&Type "Integer"] 0 "number of nuclear pairs to calculate DSO"
   &numOfNucPairsPSO [&Type "Integer"] 0 "number of nuclear pairs to calculate PSO"
   &numOfNucPairsFC [&Type "Integer"] 187 "number of nuclear pairs to calculate FC"
   &numOfNucPairsSD [&Type "Integer"] 0 "number of nuclear pairs to calculate SD"
   &numOfNucPairsSD_FC [&Type "Integer"] 0 "number of nuclear pairs to calculate SD/FC"
   &pairsInfo [&Type "ArrayOfIntegers", &Dim (187,4)] "Pairs Info: Col1->Index of A. Col2->Atom. Num. of A.  Col3->Index of B. Col4->Atom. Num. of B."
                                                         0                           1                           2                           3

0                                                       13                           1                          16                           1
1                                                       13                           1                          17                           1
2                                                       13                           1                          18                           1
3                                                       13                           1                          19                           1
4                                                       13                           1                          20                           1
5                                                       13                           1                          21                           1
6                                                       13                           1                          22                           1
7                                                       13                           1                          23                           1
8                                                       13                           1                          24                           1
9                                                       13                           1                          25                           1
10                                                      13                           1                          26                           1
11                                                      13                           1                          27                           1
12                                                      13                           1                          28                           1
13                                                      13                           1                          29                           1
14                                                      13                           1                          30                           1
15                                                      13                           1                          31                           1
16                                                      13                           1                          32                           1
17                                                      13                           1                          33                           1
18                                                      13                           1                          34                           1
19                                                      16                           1                          17                           1
20                                                      16                           1                          18                           1
21                                                      16                           1                          19                           1
22                                                      16                           1                          20                           1
23                                                      16                           1                          21                           1
24                                                      16                           1                          22                           1
25                                                      16                           1                          23                           1
26                                                      16                           1                          24                           1
27                                                      16                           1                          25                           1
28                                                      16                           1                          26                           1
29                                                      16                           1                          27                           1
30                                                      16                           1                          28                           1
31                                                      16                           1                          29                           1
32                                                      16                           1                          30                           1
33                                                      16                           1                          31                           1
34                                                      16                           1                          32                           1
35                                                      16                           1                          33                           1
36                                                      16                           1                          34                           1
37                                                      17                           1                          18                           1
38                                                      17                           1                          19                           1
39                                                      17                           1                          20                           1
40                                                      17                           1                          21                           1
41                                                      17                           1                          22                           1
42                                                      17                           1                          23                           1
43                                                      17                           1                          24                           1
44                                                      17                           1                          25                           1
45                                                      17                           1                          26                           1
46                                                      17                           1                          27                           1
47                                                      17                           1                          28                           1
48                                                      17                           1                          29                           1
49                                                      17                           1                          30                           1
50                                                      17                           1                          31                           1
51                                                      17                           1                          32                           1
52                                                      17                           1                          33                           1
53                                                      17                           1                          34                           1
54                                                      18                           1                          19                           1
55                                                      18                           1                          20                           1
56                                                      18                           1                          21                           1
57                                                      18                           1                          22                           1
58                                                      18                           1                          23                           1
59                                                      18                           1                          24                           1
60                                                      18                           1                          25                           1
61                                                      18                           1                          26                           1
62                                                      18                           1                          27                           1
63                                                      18                           1                          28                           1
64                                                      18                           1                          29                           1
65                                                      18                           1                          30                           1
66                                                      18                           1                          31                           1
67                                                      18                           1                          32                           1
68                                                      18                           1                          33                           1
69                                                      18                           1                          34                           1
70                                                      19                           1                          20                           1
71                                                      19                           1                          21                           1
72                                                      19                           1                          22                           1
73                                                      19                           1                          23                           1
74                                                      19                           1                          24                           1
75                                                      19                           1                          25                           1
76                                                      19                           1                          26                           1
77                                                      19                           1                          27                           1
78                                                      19                           1                          28                           1
79                                                      19                           1                          29                           1
80                                                      19                           1                          30                           1
81                                                      19                           1                          31                           1
82                                                      19                           1                          32                           1
83                                                      19                           1                          33                           1
84                                                      19                           1                          34                           1
85                                                      20                           1                          21                           1
86                                                      20                           1                          22                           1
87                                                      20                           1                          23                           1
88                                                      20                           1                          24                           1
89                                                      20                           1                          25                           1
90                                                      20                           1                          26                           1
91                                                      20                           1                          27                           1
92                                                      20                           1                          28                           1
93                                                      20                           1                          29                           1
94                                                      20                           1                          30                           1
95                                                      20                           1                          31                           1
96                                                      20                           1                          32                           1
97                                                      20                           1                          33                           1
98                                                      20                           1                          34                           1
99                                                      21                           1                          22                           1
100                                                     21                           1                          23                           1
101                                                     21                           1                          24                           1
102                                                     21                           1                          25                           1
103                                                     21                           1                          26                           1
104                                                     21                           1                          27                           1
105                                                     21                           1                          28                           1
106                                                     21                           1                          29                           1
107                                                     21                           1                          30                           1
108                                                     21                           1                          31                           1
109                                                     21                           1                          32                           1
110                                                     21                           1                          33                           1
111                                                     21                           1                          34                           1
112                                                     22                           1                          23                           1
113                                                     22                           1                          24                           1
114                                                     22                           1                          25                           1
115                                                     22                           1                          26                           1
116                                                     22                           1                          27                           1
117                                                     22                           1                          28                           1
118                                                     22                           1                          29                           1
119                                                     22                           1                          30                           1
120                                                     22                           1                          31                           1
121                                                     22                           1                          32                           1
122                                                     22                           1                          33                           1
123                                                     22                           1                          34                           1
124                                                     23                           1                          24                           1
125                                                     23                           1                          25                           1
126                                                     23                           1                          26                           1
127                                                     23                           1                          27                           1
128                                                     23                           1                          28                           1
129                                                     23                           1                          29                           1
130                                                     23                           1                          30                           1
131                                                     23                           1                          31                           1
132                                                     23                           1                          32                           1
133                                                     23                           1                          33                           1
134                                                     23                           1                          34                           1
135                                                     24                           1                          25                           1
136                                                     24                           1                          26                           1
137                                                     24                           1                          27                           1
138                                                     24                           1                          28                           1
139                                                     24                           1                          29                           1
140                                                     24                           1                          30                           1
141                                                     24                           1                          31                           1
142                                                     24                           1                          32                           1
143                                                     24                           1                          33                           1
144                                                     24                           1                          34                           1
145                                                     25                           1                          26                           1
146                                                     25                           1                          27                           1
147                                                     25                           1                          28                           1
148                                                     25                           1                          29                           1
149                                                     25                           1                          30                           1
150                                                     25                           1                          31                           1
151                                                     25                           1                          32                           1
152                                                     25                           1                          33                           1
153                                                     25                           1                          34                           1
154                                                     26                           1                          27                           1
155                                                     26                           1                          28                           1
156                                                     26                           1                          29                           1
157                                                     26                           1                          30                           1
158                                                     26                           1                          31                           1
159                                                     26                           1                          32                           1
160                                                     26                           1                          33                           1
161                                                     26                           1                          34                           1
162                                                     27                           1                          28                           1
163                                                     27                           1                          30                           1
164                                                     27                           1                          31                           1
165                                                     27                           1                          32                           1
166                                                     27                           1                          33                           1
167                                                     28                           1                          30                           1
168                                                     28                           1                          31                           1
169                                                     28                           1                          32                           1
170                                                     28                           1                          33                           1
171                                                     28                           1                          34                           1
172                                                     29                           1                          30                           1
173                                                     29                           1                          31                           1
174                                                     29                           1                          32                           1
175                                                     29                           1                          33                           1
176                                                     29                           1                          34                           1
177                                                     30                           1                          31                           1
178                                                     30                           1                          32                           1
179                                                     30                           1                          33                           1
180                                                     30                           1                          34                           1
181                                                     31                           1                          32                           1
182                                                     31                           1                          33                           1
183                                                     31                           1                          34                           1
184                                                     32                           1                          33                           1
185                                                     32                           1                          34                           1
186                                                     33                           1                          34                           1
   &pairsDistances [&Type "ArrayOfDoubles", &Dim (187,1)] "The distances of each pair"
                                                         0

0                                      2.6444220225166051e+00
1                                      2.2713752820672384e+00
2                                      4.0365950516307167e+00
3                                      4.2280262353020808e+00
4                                      4.8710950923949632e+00
5                                      3.8421679246752021e+00
6                                      3.5258580256154199e+00
7                                      2.3052656481460581e+00
8                                      4.6043415056436654e+00
9                                      3.1716757508018669e+00
10                                     2.4671988046990196e+00
11                                     4.9220640537238767e+00
12                                     5.4518372709262675e+00
13                                     3.5629983999576784e+00
14                                     2.2180483079795676e+00
15                                     4.2305982906022912e+00
16                                     3.8423634026931901e+00
17                                     3.9717907032587143e+00
18                                     4.2603315305541889e+00
19                                     1.7570268148602239e+00
20                                     2.4598404798371072e+00
21                                     2.5888962050147786e+00
22                                     4.3442284903753539e+00
23                                     3.8779644577846235e+00
24                                     5.1626673771105862e+00
25                                     3.9973364595046341e+00
26                                     5.7355827680738249e+00
27                                     4.8051640826899726e+00
28                                     4.8640722421134406e+00
29                                     5.4636357221026692e+00
30                                     5.1749632997401624e+00
31                                     4.1944752270399341e+00
32                                     3.7835868660851983e+00
33                                     6.2985861900109219e+00
34                                     2.6227677986960947e+00
35                                     3.8794698538410013e+00
36                                     3.8318504394222992e+00
37                                     3.0683641128034065e+00
38                                     2.3809318721134063e+00
39                                     3.8545038041372401e+00
40                                     4.0755127715810211e+00
41                                     3.9363897124130038e+00
42                                     2.5767255982511572e+00
43                                     5.2384578364969796e+00
44                                     4.8479146815578948e+00
45                                     4.4267413045376856e+00
46                                     3.8245609029566210e+00
47                                     3.8850280705505096e+00
48                                     5.2008630392570083e+00
49                                     4.2072489193394071e+00
50                                     5.5051441130713732e+00
51                                     3.9735695957016186e+00
52                                     4.7678717344907868e+00
53                                     5.1645881286651427e+00
54                                     1.7685803738476005e+00
55                                     2.5264203640058334e+00
56                                     2.4324779997147736e+00
57                                     5.0334281367628328e+00
58                                     4.6497554182356442e+00
59                                     4.6665929281171099e+00
60                                     4.7427478705503177e+00
61                                     5.4134336678404829e+00
62                                     5.3522148147854933e+00
63                                     4.4104926082641196e+00
64                                     5.3714317403343372e+00
65                                     5.3796355121396742e+00
66                                     6.1155277375913917e+00
67                                     2.2438985056585135e+00
68                                     3.1856023650343070e+00
69                                     3.9775556991381986e+00
70                                     2.4856808717618373e+00
71                                     3.6984325724705274e+00
72                                     4.8719880570814054e+00
73                                     4.2315222938685615e+00
74                                     5.3304457501665139e+00
75                                     5.7493889761130186e+00
76                                     5.9371834089105926e+00
77                                     4.2194864205462501e+00
78                                     3.1568307522576249e+00
79                                     6.4337233048756524e+00
80                                     5.9978240514192924e+00
81                                     6.4955799961164891e+00
82                                     3.7841776222801080e+00
83                                     4.7844659686550992e+00
84                                     5.4761332371916174e+00
85                                     2.6673346552982249e+00
86                                     3.8875783432833031e+00
87                                     4.2444317763270734e+00
88                                     3.5290084031153395e+00
89                                     5.0790326991069152e+00
90                                     5.5418047223140077e+00
91                                     3.8799556231797174e+00
92                                     2.7015019591388287e+00
93                                     7.0954017225188259e+00
94                                     6.7123318487318508e+00
95                                     5.2574016071872789e+00
96                                     4.4507696091033742e+00
97                                     4.5618998624700460e+00
98                                     5.9359213088629685e+00
99                                     3.9366845445486609e+00
100                                    4.2728495397184600e+00
101                                    2.5339171194281409e+00
102                                    2.8533555822071319e+00
103                                    3.9750366331073392e+00
104                                    5.4919023521099577e+00
105                                    4.9955942556963029e+00
106                                    4.9564016673272029e+00
107                                    4.9883084007513068e+00
108                                    4.2525874551065721e+00
109                                    2.7769256260527024e+00
110                                    2.0649020798935154e+00
111                                    3.7064362764075707e+00
112                                    1.7674247413473900e+00
113                                    2.7292785074963879e+00
114                                    3.7560191372914131e+00
115                                    3.0066610148952315e+00
116                                    2.9743649682807702e+00
117                                    3.9256857094066882e+00
118                                    6.5339874214887042e+00
119                                    5.3743286247923772e+00
120                                    2.2001136542674744e+00
121                                    5.8897430275625560e+00
122                                    5.3931304694674154e+00
123                                    6.6254877173957931e+00
124                                    4.0359715500136053e+00
125                                    4.0389083790786140e+00
126                                    2.9699699533133681e+00
127                                    2.8793014370290386e+00
128                                    3.9390683682124421e+00
129                                    5.7819388283886060e+00
130                                    4.3752546238016254e+00
131                                    3.4313382747525529e+00
132                                    5.3945595054840059e+00
133                                    5.3450876815496997e+00
134                                    6.1740886392154097e+00
135                                    2.8616020397973192e+00
136                                    3.5044539557764254e+00
137                                    5.0598329292565491e+00
138                                    5.1192371016033889e+00
139                                    6.3244906124398694e+00
140                                    5.8964640672184467e+00
141                                    2.3622375183326558e+00
142                                    5.1808667462480740e+00
143                                    4.0758099869746172e+00
144                                    5.7254228617436844e+00
145                                    1.7740952170450153e+00
146                                    6.3551620551782229e+00
147                                    6.6681369262699501e+00
148                                    3.7009406653945343e+00
149                                    3.4454145992566985e+00
150                                    2.8365118011206305e+00
151                                    4.0371454419453325e+00
152                                    2.7460093735346125e+00
153                                    3.7898072287857749e+00
154                                    5.6322924090618480e+00
155                                    6.4106791994043055e+00
156                                    4.1281036704240233e+00
157                                    3.0338268989141834e+00
158                                    2.2907615411656752e+00
159                                    5.0231708169145328e+00
160                                    4.1884784554459547e+00
161                                    4.9317976880618088e+00
162                                    1.8591380472038681e+00
163                                    7.1214475902418171e+00
164                                    5.1527096890631912e+00
165                                    6.9907881518497774e+00
166                                    7.1613362368515148e+00
167                                    7.6371251360253405e+00
168                                    5.9884693029385936e+00
169                                    6.4254347328040753e+00
170                                    6.7859711302238903e+00
171                                    7.9268727598168356e+00
172                                    1.8564902807625447e+00
173                                    6.2325587987442397e+00
174                                    3.5281293460344347e+00
175                                    3.4111631449997422e+00
176                                    2.3352997386997685e+00
177                                    5.3032692488843827e+00
178                                    4.1865564376103030e+00
179                                    4.1400701083955083e+00
180                                    3.6732412898787810e+00
181                                    6.3140062990989856e+00
182                                    5.2451125364334512e+00
183                                    6.5103345601140825e+00
184                                    1.7684078345656837e+00
185                                    1.7786504205534546e+00
186                                    1.7749332789859400e+00
   &pairsTotalSSCIso [&Type "ArrayOfDoubles", &Dim (187,1)] "The Spin-Spin coupling constant for each pair"
                                                         0

0                                      5.9787410651244577e-01
1                                      8.3901113223030794e+00
2                                     -5.7207107266698598e-01
3                                      7.0216759520104466e-01
4                                      2.0142510208811976e-01
5                                     -3.9198936587308963e-01
6                                     -2.2875710258809018e-01
7                                     -4.7854097380621169e-01
8                                      1.0722069705872142e-01
9                                     -2.1226487709838870e-01
10                                    -2.3438722338880325e-01
11                                     8.8752378512789807e-03
12                                     3.0769812807455377e-02
13                                     6.5974590575704273e-01
14                                    -5.9719496245602255e-01
15                                     3.6692186087146653e-02
16                                    -2.9728752817948767e-01
17                                    -5.3748730965559199e-01
18                                     1.3918407654183362e+00
19                                    -1.5374889390235854e+01
20                                     5.9237030568124336e+00
21                                     1.1745230714661927e+00
22                                     4.9213543584328773e-01
23                                     6.5366139866187112e-02
24                                    -1.0163533874804995e-01
25                                    -4.4797060785982959e-02
26                                     3.9454433074865972e-02
27                                    -2.7080180045278020e-02
28                                     1.1452704457128282e-02
29                                    -5.9763329002468172e-03
30                                     1.4169108848442588e-02
31                                     1.6442777210636131e-01
32                                     5.0922677779553699e-02
33                                    -5.1264449408959439e-02
34                                    -5.2170566122588559e-02
35                                     1.5219887509346769e-01
36                                     8.3351744488556367e-02
37                                     1.3800659936104354e+01
38                                     6.5350642384712332e+00
39                                    -5.3829319084049865e-01
40                                    -7.4712227121385153e-03
41                                     3.2626081488344594e-01
42                                    -7.4513802704994386e-02
43                                    -2.2480114207023773e-03
44                                     1.3292949716343153e-01
45                                     8.1231462952546851e-02
46                                    -4.2881217756210580e-02
47                                    -2.4885132651842917e-02
48                                     3.8494439384481232e-03
49                                    -1.8136367873161247e-01
50                                     1.8211018689183959e-02
51                                    -9.6766024482482407e-02
52                                     2.2042060737258806e-01
53                                    -5.7048953248940177e-03
54                                    -1.3596225977252875e+01
55                                     2.1912805507724959e+00
56                                    -2.6440691679929312e-01
57                                    -3.8775435968635474e-01
58                                    -1.9677001791022851e-02
59                                     1.3604008660308722e-01
60                                     2.1209832615963573e-04
61                                     2.7060935356135248e-02
62                                     9.1086162311830546e-02
63                                    -5.6356246944102045e-02
64                                    -5.6082235132737530e-02
65                                    -5.3338494084683975e-02
66                                    -2.2818130814295972e-03
67                                    -5.0742635696102933e-01
68                                     4.4813060709274356e-02
69                                     1.7476046546950214e-01
70                                     4.9454242539623658e+00
71                                    -9.7144865655096196e-02
72                                     1.4173749420348009e-01
73                                     6.6509288149715351e-02
74                                     6.7402606616129968e-01
75                                    -7.3640677817328418e-03
76                                    -1.8612045485381215e-02
77                                     1.0951986819804621e-01
78                                     7.2640923377439687e-02
79                                    -5.2307725717123027e-02
80                                    -7.3800257446549611e-02
81                                    -1.6172112483553787e-03
82                                    -1.0147606958055730e-01
83                                    -3.4623245945467188e-02
84                                     1.5831452178734390e-01
85                                     9.4187774389544887e-01
86                                     2.3758367657676727e-01
87                                    -1.3495086352333623e+00
88                                     1.4086190028660089e-01
89                                    -3.2097035726937465e-02
90                                     8.2114596598754952e-01
91                                    -1.2037597224417556e+00
92                                    -1.0914738135490580e+00
93                                    -1.1601620353853762e-02
94                                    -7.9807155150901747e-03
95                                     3.5328522586994286e-03
96                                     8.1767938423732249e-03
97                                     9.0156753973310959e-03
98                                     1.2988574382894868e-02
99                                    -6.4022207625407523e-01
100                                    1.0684121253223871e+00
101                                   -4.6897984287366434e-01
102                                   -2.2231338457761798e-01
103                                   -5.0915075494523321e-01
104                                    8.3646282411370909e-01
105                                    2.4917677852522419e-01
106                                   -1.4873046837799272e-02
107                                   -1.4669339667268674e-02
108                                   -5.9695456581863775e-03
109                                    4.0587295188573382e-02
110                                   -7.6031736609192901e-01
111                                    2.3969780567203294e-02
112                                   -1.8081675643465715e+01
113                                   -5.3909112392014069e-02
114                                   -1.8412632082982916e-01
115                                   -2.6356603451110466e-01
116                                   -2.6431817539631242e+00
117                                   -3.0978475200840156e+00
118                                    1.0623741719303118e-01
119                                   -3.9221849845486656e-02
120                                   -2.1745967842670347e-01
121                                   -8.5748839101879200e-03
122                                   -8.4876401522379852e-02
123                                    1.0687019493239705e-02
124                                    3.8892371595589015e-03
125                                   -5.4606112924446570e-01
126                                   -2.2017189694331143e-01
127                                   -1.9611905132242660e+00
128                                   -2.2907677277271823e+00
129                                    2.0936840788794243e-02
130                                    2.8205760727485992e-03
131                                    1.7798181328948118e-02
132                                   -1.5861206191858816e-02
133                                   -1.6894376546668852e-02
134                                    1.3956305946150461e-02
135                                    6.3050815233482660e-02
136                                    5.3073960539509371e-02
137                                    2.7129198104818932e-03
138                                   -1.0683415197296816e-02
139                                   -1.0412658444898561e-03
140                                   -6.0540941928157084e-04
141                                    8.3506638064781979e-02
142                                    1.3574585520300651e-03
143                                    1.1899337039447048e-03
144                                   -1.0894890265747373e-02
145                                   -1.3366812982603665e+01
146                                    3.8629031454116530e-02
147                                    2.8877281835017554e-01
148                                   -2.0927205095242311e-02
149                                   -4.0051120674023839e-03
150                                    1.4407705163849835e+01
151                                   -2.3504520702431397e-03
152                                   -4.0758255315388549e-02
153                                   -2.0153436650957389e-02
154                                   -1.1233168869572175e-02
155                                   -1.0877417831676658e-02
156                                    4.3000026497075440e-02
157                                    4.7526375128011514e-02
158                                    3.9899395278045207e+00
159                                    8.9535072226551299e-02
160                                    7.2084517374042395e-02
161                                   -6.9447909504085185e-03
162                                    3.3614170904790980e-01
163                                   -3.4478297972403944e-05
164                                    6.4645267356854951e-03
165                                   -7.9593286489851713e-04
166                                   -4.6571401313192998e-03
167                                   -1.2143513435079719e-03
168                                    1.8251300346070226e-02
169                                    9.1504454164837682e-04
170                                   -2.4152989443223865e-03
171                                    1.0897728462299508e-02
172                                    1.7526328184625630e+00
173                                   -2.6148301888980936e-02
174                                   -1.8232415477996264e+00
175                                   -2.5354713931055928e+00
176                                   -4.7777088251301547e-01
177                                   -3.0045124858314610e-02
178                                   -1.0077747924675251e+00
179                                   -2.2180126583081781e+00
180                                    6.0965821551008781e-01
181                                   -1.2009192643510429e-02
182                                   -1.6979121254312616e-02
183                                   -3.2817989773325667e-03
184                                   -1.7726607725086204e+01
185                                   -1.3022514098303009e+01
186                                   -1.4241503947576010e+01
   &Method [&Type "String"] "SCF"
   &Level [&Type "String"] "Relaxed density"
   &Mult [&Type "Integer"] 1
   &State [&Type "Integer"] -1
   &Irrep [&Type "Integer"] 0
$End
$Calculation_Timings
   &GeometryIndex 1
   &GTOINT [&Type "Double"]       1.7177780000000000e+00
   &SCF [&Type "Double"]       1.6929528000000001e+01
   &PROPINT [&Type "Double"]       1.1424909999999997e+00
   &RESPONSE [&Type "Double"]       8.3433860000000024e+00
   &PROP [&Type "Double"]       6.5321700000000149e-01
   &SUM [&Type "Double"]       2.8786400000000004e+01
$End
