    0.01454726
   -0.06552057
   -0.05854554
   -0.06412874
   -0.01912977
    0.11422139
   -0.03069673
   -0.06034384
   -0.06241770
   -0.03489877
   -0.33580242
    0.14056150
    0.02859985
    0.02688438
    0.01296751
   -0.10568228
   -0.11297307
   -0.11165137
   -0.10682358
    0.03330154
    0.03080498
    0.03461045
    0.03099445
    0.03207826
    0.03283007
    0.03204760
    0.03015828
    0.02703965
    0.03771193
    0.03023919
    0.03437469
    0.05564736
    0.03187243
    0.04925804
    0.04557981
    0.03658101
    0.04723742
    0.04015104
    0.03326873
    0.03304663
    0.03399236
    0.03800657
