           1           2  0.987426866289123     
           2           3   1.00517804375440     
           3           4   1.00774429845527     
           4           5  0.996744965597068     
           5           6  0.981327123595431     
           1           7  0.976322271189068     
           6           7  0.974022057679538     
           1           8  0.983599313299372     
           8           9   1.00706209746197     
           7          10  0.981281363450414     
           9          10  0.995716701292320     
           6          11  0.971070219905365     
          10          12  0.959622632085510     
          11          12  0.957201002939675     
           7          13  0.968326348443340     
          10          14  0.973919984219262     
           6          15  0.954876200717067     
           5          16   1.00629031261444     
          12          17  0.995557654159946     
          12          18  0.991071257381931     
           1          19  0.998894789647899     
           2          20  0.976425649682216     
           2          21  0.972536457538694     
           3          22  0.973760140913862     
           3          23  0.978136593333006     
           4          24  0.974755067238397     
           4          25  0.976196441364246     
           5          26  0.966451530515425     
           8          27  0.978293158255895     
           8          28  0.974199224138652     
           9          29  0.973562298315277     
           9          30  0.979461538229954     
          16          31  0.986943370859124     
          16          32  0.983654453608100     
          16          33  0.986723154790495     
          17          34  0.984173590492061     
          17          35  0.984977558362685     
          17          36  0.986065132926526     
          18          37  0.983231116472328     
          18          38  0.982103740916769     
          18          39  0.983619226946877     
          19          40  0.985064383487743     
          19          41  0.982961692375792     
          19          42  0.984429155926588     
