$coord
-1.59371836824229  3.05502489620279   0.88910204958430  c
-3.48208425938638  2.43984360846777  -1.25138325224091  c
-2.76439609435912  0.33341572226176  -3.08734629772034  c
-3.64725526663618 -2.25257833059510  -2.17101703103469  c
-3.04766282935364 -2.72290905248102   0.61624415909203  c
-0.34979416019378 -1.92834161642753   1.30083647919841  c
 0.14728995793548  0.89967480515122   1.87188419215151  c
 0.34755451499345  5.04883084461873   0.00839025077134  c
 2.54595072488895  3.54953921545829  -1.08724913601541  c
 2.82089429155500  1.34835636477353   0.76777442094604  c
 1.36513915326277 -2.63894082500626  -0.62247517496632  o
 3.64348324800092 -1.25624761534669  -0.28659039531953  c
 0.20550447998755  1.09771137813084   3.92720456719739  h
 4.13168816459758  1.91432940189809   2.25891480943884  h
 0.15773308566013 -2.96838914531330   3.04010902919105  h
-3.43954438343160 -5.51799152103120   1.23095557776432  c
 5.01201611430309 -1.17545994452868  -2.82826981268725  c
 5.35468411425421 -2.58948369765404   1.64908665340125  c
-3.14450721279773  4.13293903781482   3.08877613197008  c
-5.31024312449536  1.95933813133646  -0.42189691146625  h
-3.77266509771332  4.18598299120892  -2.31532625422159  h
-3.63105888302935  0.70954670501514  -4.92437897372917  h
-0.73311238953169  0.27415640635075  -3.36005152026249  h
-2.72277497943598 -3.70945936468931  -3.29839438699576  h
-5.68760015343311 -2.43325749170059  -2.43938611106403  h
-4.32535127599697 -1.61106544728294   1.80217404183476  h
 1.00719528685897  6.12366039440200   1.64268424314683  h
-0.44927519969914  6.37972489012818  -1.34498034448396  h
 2.07293963360805  2.90231528329697  -2.97877086978901  h
 4.27072296412503  4.66914961997640  -1.20942752389069  h
-5.31897382397909 -6.11868723296016   0.65395648134932  h
-2.04922015373077 -6.65094466434763   0.22930978328859  h
-3.23742769181410 -5.86263651239257   3.24815105042740  h
 3.72841647130261 -0.63275124523230  -4.33397411785031  h
 6.57567071320834  0.15242516547127  -2.75340155966887  h
 5.73745241325851 -3.04606685416240  -3.26716873504624  h
 7.18543866446130 -1.66163859983067   1.72520923934746  h
 4.51523789785806 -2.54911119224521   3.52407333611149  h
 5.62067283195009 -4.55054283394241   1.09563372082091  h
-1.92224859553588  4.79188864386173   4.60605384142288  h
-4.27641790872816  5.72346421393559   2.44149834450391  h
-4.41054629439717  2.70660584643578   3.85828849094795  h
$end