$coord
 0.18669852141764 -1.07772017067388  -0.37348432418275  c
 0.98831654189686  1.61223167872215  -1.27640390908900  c
-0.13519467497366  3.69991934501687   0.39639676836123  c
-2.92838088650489  3.28125091290602   0.99465853798500  c
-3.49228849209165  0.49518456013672   1.64119745784290  c
-1.06199492470294 -0.97112895989860   2.25718018806533  c
-2.07489866921861 -2.01669576444687  -1.94954182114874  c
-4.35553825887889 -0.86210554064184  -0.71171917234143  c
 0.50967646992681 -0.00295544246514   4.17202416352122  o
 2.37331670162038 -2.98859431020781  -0.53292187421099  c
-6.70724470675172 -0.98825959216548  -1.53499637573499  c
 3.81784559626452  1.95043912585201  -1.49978036317011  c
 4.93731924092497  1.88686169636028  -3.73760312730740  c
 0.20915006744124  1.85082904394153  -3.17846184451222  h
 1.64566448033052 -5.47321757456816   0.08681716025116  o
 5.30447473266281  2.42889616650845   0.86877288728651  c
 0.90944995720936  3.78719292911836   2.16307670836909  h
 0.09855195830140  5.51138462143404  -0.56488421548148  h
-3.45971451658319  4.49777407966320   2.57486840670035  h
-4.09272254082498  3.82455993642951  -0.62043692449323  h
-4.89478152001387  0.38024054464711   3.15452508732655  h
-1.63495236634356 -2.90933735950334   2.78866143145431  h
-1.91923120406889 -1.51584693600917  -3.94064438273857  h
-2.17132433470673 -4.07820948329880  -1.83767359287593  h
-0.52026078532638  0.36771714253082   5.62454446485244  h
 3.93920023551418 -2.38441026967591   0.67317824807491  h
 3.04150649469993 -3.07781299602427  -2.48389947997909  h
-7.18453598802254 -1.95796475284369  -3.25877949225481  h
-8.24702668124066 -0.12510192231480  -0.52228908941499  h
 6.94842579888230  2.12842440677662  -3.93837622119306  h
 3.89870502905419  1.59176466033660  -5.46302135959290  h
 1.31995255070722 -5.54579808564378   1.87578364465700  h
 4.46129272632685  1.47430214485657   2.47906654566440  h
 7.24566931717525  1.79424693515780   0.63984959059613  h
 5.34693738231386  4.44904776363884   1.27386300658434  h
$end