$coord
-0.06338554089883  1.00714378173757   4.75002546599625  c
 2.73150394267441  1.69212119274554   4.43231306322162  c
-4.12047982487800 -6.51571685559359  -0.37036796758338  c
-6.09748505495691 -5.70694679650374   1.17312392457074  c
-6.08367316790477 -3.27335545627205   2.13611581441576  c
-4.11274410673580 -1.58991201113117   1.56433034972332  c
-2.12390655446795 -2.37249115016338  -0.03531353719299  c
-2.17506832884416 -4.84932918060589  -0.95114712182783  c
-4.21538971515587  0.85879410410238   2.54550795461859  n
-1.80876199426336  2.18557594306150   2.74075326851448  c
-0.62868849731822  2.18335881382509   0.06185798035336  c
 0.01751233683083 -0.57213744535168  -0.74876398720723  c
 1.93959654126588  3.49443691959812   0.18255841779799  c
 3.53160023695396  1.51740079524217   1.62608254137096  c
 2.61093690098898 -1.08635595148172   0.62397540523625  c
 6.29982705611397  1.98247600047943   1.35230070703812  c
 7.88512788750185  0.35171972469524   0.28449236339095  c
 7.06022659190266 -2.15356238497095  -0.71547476572988  c
 4.29413671087696 -2.31121186314246  -1.36122529801474  n
 3.63948905840626 -0.89199632057976  -3.73264531094802  c
 0.77134025142274 -0.69784161299345  -3.61652558509399  c
 3.64456900979753 -4.79818717333542  -1.64554549240908  o
 2.50189164389228 -2.49978186114573   2.12257578904155  h
-2.53567896324053  3.46710522053803  -1.66792952966192  c
-3.89418369577616  2.43973923603317  -3.19888786455754  o
-2.57032190382380  5.97713788658549  -1.23665681750981  o
-4.41050705485329  7.39831807400352  -2.68151205729413  c
-0.73616205329899  1.57847725943281   6.62456860139343  h
-0.28233477882915 -1.05132710869147   4.65683437137304  h
 3.10704642132307  3.62192522928510   5.09131825265195  h
 3.89534863028761  0.40867167736800   5.57033318595061  h
-4.08878624921849 -8.42947890061373  -1.11063197739751  h
-7.64135272034879 -6.97677361230434   1.64490300418144  h
-7.60960146402215 -2.63202835316266   3.35592676184394  h
-0.58778964579127 -5.47791894906454  -2.08939317090843  h
-5.30756588553082  1.00463903251112   4.10807792518836  h
-2.19931239185287  4.16030921555260   3.23666373068665  h
 1.87369293660754  5.30077197349542   1.18720932461387  h
 2.68007097662392  3.85769569820816  -1.71451220727069  h
 6.99526166920264  3.78220083256068   2.07097609012670  h
 9.89077654398208  0.77988352227738   0.13954420867394  h
 8.07367550840176 -2.67788903529423  -2.44202559976905  h
 7.37658252448676 -3.66598366315116   0.66497206130965  h
 4.57647336344918  0.95385562142904  -3.68440395959268  h
 4.35309398271049 -1.99420837453756  -5.32373230431669  h
-0.09561399772420 -2.34534320083643  -4.49802420995557  h
 0.12116737741540  0.96268062634178  -4.64911430859145  h
-6.31469744289151  6.69755668356074  -2.29496465372328  h
-4.20932468940464  9.34898108324425  -2.05276270974098  h
-4.00853100969279  7.23867772169689  -4.70139742153012  h
$end
