   -0.06975856
   -0.06368372
   -0.04936490
   -0.03723135
   -0.06629152
    0.06644983
   -0.02180196
   -0.04422669
   -0.21624080
    0.05212688
   -0.01176723
    0.01651570
   -0.06378051
    0.01311743
    0.00485537
   -0.04664852
   -0.05262040
   -0.02804464
    0.30242144
   -0.02575227
   -0.05824874
   -0.72702102
    0.06717659
    0.36266737
   -0.46037307
   -0.25379412
    0.02767613
    0.04809019
    0.04345432
    0.05320260
    0.04628496
    0.02539483
    0.02902068
    0.02732973
    0.06223998
    0.16713168
    0.04264104
    0.05972016
    0.04790543
    0.05571638
    0.05917502
    0.07079968
    0.08301176
    0.05646034
    0.06961005
    0.06803922
    0.04080077
    0.07118915
    0.06872534
    0.08769998
