           1           2   1.00609893646040     
           3           4   1.42227765327509     
           4           5   1.46083716347939     
           5           6   1.35217246158215     
           4           7  0.101006609254862     
           6           7   1.33018386011943     
           3           8   1.43689611256098     
           5           8  0.103721921422025     
           7           8   1.42403937049941     
           6           9   1.12707801872262     
           1          10  0.974297296258886     
           9          10   1.00367619028441     
          10          11  0.943290264176048     
           7          12  0.990788529925494     
          11          12  0.956501639981636     
          11          13  0.983577180211919     
           2          14  0.969987474234467     
          13          14  0.966035121930564     
          12          15  0.957632925467084     
          14          15  0.966936914003883     
          14          16   1.00868272669656     
          16          17   1.91977966729518     
          17          18   1.02486994430652     
          15          19  0.916022240158651     
          18          19  0.934182215162592     
          19          20  0.937691815825543     
          12          21  0.968811612877314     
          20          21   1.00851351152679     
          19          22   1.03121154139306     
          15          23  0.962674126636436     
          11          24  0.945914645191165     
          24          25   1.71007378825746     
          24          26   1.16249657117095     
          25          26  0.173613479141157     
          26          27  0.944909995442382     
           1          28  0.974804093859668     
           1          29  0.972059199990680     
           2          30  0.974569292127393     
           2          31  0.974991162248400     
           3          32  0.971419537960775     
           4          33  0.971030408219185     
           5          34  0.967357261587004     
           8          35  0.952216309755562     
           9          36  0.940620232316151     
          10          37  0.964495218491231     
          13          38  0.972042022708048     
          13          39  0.969299719063237     
          16          40  0.962487023064469     
          17          41  0.961926807361909     
          18          42  0.963731402819102     
          18          43  0.949086443714098     
          20          44  0.967890216608527     
          20          45  0.972885411034261     
          21          46  0.971526226769048     
          21          47  0.972057015575411     
          27          48  0.975945277782357     
          27          49  0.975591721781460     
          27          50  0.978938377864644     
