    0.00154496
   -0.03452995
   -0.06146155
   -0.05729891
   -0.03405352
    0.11524864
   -0.07268325
    0.01647095
   -0.48952983
    0.08083018
   -0.11335653
    0.01619060
   -0.11012479
    0.04447055
   -0.48105123
   -0.11031726
    0.04200412
    0.04136022
    0.03698268
    0.04129129
    0.03377030
    0.02867565
    0.05512263
    0.04941287
    0.30480868
    0.04583160
    0.02795113
    0.03423519
    0.03438827
    0.03035805
    0.02428617
    0.31472837
    0.04260958
    0.04774493
    0.05408923
