           1           2  0.961385517251160     
           2           3  0.981598761862384     
           3           4   1.00846995825892     
           4           5  0.977974039860008     
           1           6  0.968866215909880     
           5           6  0.977098089120009     
           1           7  0.981377819652486     
           5           8  0.994756719906633     
           7           8   1.00867693367237     
           6           9  0.969362339511943     
           1          10  0.975059706392612     
           8          11   1.93535208127013     
           2          12  0.999055926890384     
          12          13   1.92672673017977     
           2          14  0.961142519597985     
          10          15  0.996279172756632     
          12          16   1.02597347233107     
           3          17  0.975763369264777     
           3          18  0.977453691063925     
           4          19  0.970183752739014     
           4          20  0.975775293104912     
           5          21  0.961428612179960     
           6          22  0.954846606219678     
           7          23  0.955433734960388     
           7          24  0.965378099850467     
           9          25  0.888698950333324     
          10          26  0.971309939979580     
          10          27  0.968604971372514     
          11          28  0.975169609394857     
          11          29  0.974909228528400     
          13          30  0.975786089780057     
          13          31  0.975158588821342     
          15          32  0.880082699442535     
          16          33  0.981743365915250     
          16          34  0.971736773538966     
          16          35  0.960991552655042     
