$coord
-0.20802124672116  0.66298562962641   4.87417640667916  c
 2.65636726120581  0.95828280333152   4.73563121119129  c
-4.33593409152092 -6.11456551597005  -0.18927334318344  c
-6.41753298540625 -5.12969495807105   1.05138329180044  c
-6.34620774701927 -2.67842075078301   1.93091725682269  c
-4.23596685137272 -1.15452609311438   1.52364317291585  c
-2.18503150775527 -2.08524181417958   0.12104813360896  c
-2.25925132411938 -4.59413538731558  -0.64597145721222  c
-4.17209794220861  1.26065749535087   2.52005729784085  n
-1.68109784560387  2.28047836295157   2.94535776744167  c
-0.33299368084445  2.33828803159030   0.36221853442501  c
 0.01450948008566 -0.39324621526412  -0.61069995076098  c
 2.34580523380497  3.33355849029575   0.74593674754100  c
 3.62601679760655  1.05528760184695   2.00393702925597  c
 2.61119637058916 -1.21559718583790   0.47291660932100  c
 6.44937191319883  1.19620377528833   1.98876081184133  c
 7.72444776812029  0.58742244721088  -0.07015022841403  c
 6.32134476532861 -0.24650296001002  -2.35976640664279  c
 4.28727228942366 -2.11123811961870  -1.68227956353765  n
 2.55688233037641 -2.30867568154189  -3.92566350083331  c
 0.41976546026757 -0.45191339588721  -3.50475972283805  c
 5.32118146099831 -4.30779884079621  -1.13629955594399  o
 2.47778906056797 -2.89429864253001   1.66673413936947  h
-1.85153463044917  4.03014826639983  -1.39068811233998  c
-1.31791505385691  6.20109733513517  -1.82372981874654  o
-3.85640057574704  2.86603839965019  -2.36545040349555  o
-5.44143836155423  4.34737971952204  -3.94447448191732  c
-0.86146791340998  1.13614217104849   6.77455380941490  h
-0.69287749265652 -1.31295413028146   4.53350804253749  h
 3.23106602518877  2.70617666695597   5.67257670998223  h
 3.54414470348302 -0.61370401077707   5.73479455144655  h
-4.32519734570980 -8.05768724734262  -0.80673516468989  h
-8.06704378708048 -6.28429227345132   1.38263393877759  h
-7.92441969182807 -1.90796468412097   2.97504732640833  h
-0.64761094882771 -5.41238559021410  -1.58072503148976  h
-5.45567002544327  1.58632082556459   3.89309924928858  h
-1.87146052594767  4.22492185305808   3.63210897681419  h
 2.38248896849457  5.00842788778518   1.93947825852241  h
 3.21215197768600  3.83562962042551  -1.05123457186615  h
 7.37855620531422  1.78522593254517   3.70435739119997  h
 9.75923125026740  0.61971834857512  -0.14972890971567  h
 5.48024211327664  1.36745235945404  -3.33821766580498  h
 7.56911246088753 -1.26624429225064  -3.64568535454766  h
 3.62193324382451 -1.96956897913345  -5.65477002573732  h
 1.91801635564564 -4.26515283895606  -3.95425159003097  h
-1.29340928804061 -1.02918648407108  -4.48794878145466  h
 0.95156608324544  1.42165560370125  -4.18974524714107  h
-4.41822140193791  4.94052667534539  -5.63600170125217  h
-7.03066571345628  3.14713544162535  -4.44502125010606  h
-6.08613440726650  6.02893593955154  -2.93846657234394  h
$end