    0.01159451
   -0.03595692
   -0.06269592
   -0.05828170
   -0.03421983
    0.11024195
   -0.06826286
    0.01636828
   -0.48904656
    0.08562119
   -0.11364458
    0.01382462
   -0.11402423
    0.05765299
   -0.47471948
   -0.11618504
    0.04101284
    0.04198606
    0.03670446
    0.04168097
    0.03423748
    0.02071997
    0.05735175
    0.05463473
    0.30866524
    0.03563866
    0.02390240
    0.03378563
    0.03290737
    0.02824867
    0.02864498
    0.30590560
    0.04774065
    0.03976827
    0.05819785
