$coord
 0.18484932796766 -1.20363999700813   0.19064947466856  c
-1.82125727563356  0.75481455958815   1.22952631002905  c
-0.64961464418996  3.45624107464692   1.43761296961555  c
 1.08579333875742  4.22775927612898  -0.78017230573479  c
 2.85975322731940  2.02568272056667  -1.54839634261072  c
 1.23171790949965 -0.24867437430776  -2.38112711682414  c
 2.60665355338583 -1.11294625130741   1.88990983731830  c
 4.24300523645264  0.97913724954100   0.75310979753011  c
 2.74243724404635 -2.21900836200698  -3.48403200824476  o
-0.90757101444295 -3.88386162918872  -0.00325646445847  c
 6.48953988143599  1.75914411916262   1.60876948564462  c
-4.38782560986269  0.69337591365648  -0.12327859134675  c
-4.91156938049340  1.88198225208371  -2.30563671727920  c
-2.20598391157713  0.14500598829567   3.18242146698507  h
-1.64771954216771 -4.70567691240599   2.48013841479932  o
-6.45581437239838 -0.73313053045410   1.26478169035937  c
-2.17603293421702  4.85015976455767   1.66911492661973  h
 0.47181651744668  3.53502296713758   3.19037015785085  h
-0.02799897697836  4.81038245828671  -2.44211296871142  h
 2.22454112465359  5.88023112813053  -0.22368584798556  h
 4.15955846018808  2.66031721906969  -3.04931597544227  h
-0.28503806802813  0.30367506860002  -3.69913169832617  h
 3.61162755233890 -2.93434790130247   1.80063150291829  h
 2.16015622649552 -0.77148046596540   3.89253262543219  h
 3.64310015533315 -1.48908957867804  -4.92580405933876  h
 0.54607065971362 -5.15313841547233  -0.78883305820191  h
-2.53441824743792 -3.90059591497996  -1.31765307606231  h
 7.35623089671319  0.94745755401377   3.29890869216314  h
 7.55076369570543  3.25344369331218   0.65640487209918  h
-6.80126751917436  1.79281046535911  -3.13383350803526  h
-3.53361671111270  3.00396507616733  -3.34550034940272  h
-2.20214646536012 -6.46355486102385   2.34717910841518  h
-6.88741012431850  0.21446582638642   3.07416365624703  h
-8.21106109315208 -0.82818601798981   0.15527191941657  h
-5.85622017053618 -2.66497652926405   1.74703402954717  h
$end
