           1           2  0.958110496570252     
           2           3  0.986122553824712     
           3           4   1.00843987244908     
           4           5  0.979011761024276     
           1           6  0.968431207050377     
           5           6  0.975288421502745     
           1           7  0.981594773456448     
           5           8  0.993929867308824     
           7           8   1.00911926977146     
           6           9  0.974880972054234     
           1          10  0.986615536573872     
           8          11   1.93522423198161     
           2          12  0.997168351731503     
          12          13   1.92610208883524     
           2          14  0.961342841133351     
          10          15  0.984854037610239     
          12          16   1.02502217526729     
           3          17  0.976314786946743     
           3          18  0.976950321807357     
           4          19  0.970048529109358     
           4          20  0.975800638265950     
           5          21  0.962095059735425     
           6          22  0.956095292924392     
           7          23  0.956791543293773     
           7          24  0.964217298514743     
           9          25  0.886754063370917     
          10          26  0.969030370339214     
          10          27  0.967185534457771     
          11          28  0.975193086831919     
          11          29  0.975006721359400     
          13          30  0.974532445081161     
          13          31  0.967467159616898     
          15          32  0.893285914725070     
          16          33  0.966475151926577     
          16          34  0.984220550156525     
          16          35  0.970455565430719     
