*************************************************
******************* ORCA 6.1.1 ******************
*************************************************
$Calculation_Status
   &GeometryIndex 1
   &version [&Type "String"] "6.1.1"
   &progName [&Type "String"] "LeanSCF"
   &Status [&Type "String"] "NORMAL TERMINATION"
$End
$Geometry
   &GeometryIndex 1
   &NAtoms [&Type "Integer"] 35
   &NCorelessECP [&Type "Integer"] 0
   &NGhostAtoms [&Type "Integer"] 0
   &CartesianCoordinates [&Type "Coordinates", &Dim(35,4), &Units "Bohr"] 
              C     -0.023507366162   -1.105323940687    0.554771640946
              C     -1.929086717433    1.046725286751    1.370813278845
              C     -0.685552537430    3.721523049011    1.177779804429
              C      1.093961137442    4.100245810417   -1.105553691134
              C      2.816465444511    1.765957298127   -1.504639963913
              C      1.148009916284   -0.544292576631   -2.097363381287
              C      2.370999424429   -0.930603713796    2.282341262731
              C      4.085783683023    0.988525317786    0.967386572344
              O      2.747327172443   -2.528850312732   -3.015158933858
              C     -1.404245840230   -3.657411444869    0.756183457495
              C      6.300565361292    1.848321655882    1.829017303503
              C     -4.573161763664    0.952569716711    0.186001725615
              C     -6.562074234557    0.318730050075    1.635183837338
              H     -2.251003400594    0.704865365986    3.401292741957
              O      0.344263260856   -5.710801668893    0.317024984010
              C     -4.986751844770    1.685515244440   -2.556221142149
              H     -2.172977283345    5.178019128229    1.181256909019
              H      0.416791707278    4.033204701609    2.915516339331
              H      0.011372841282    4.435769654443   -2.854456540282
              H      2.261419489597    5.795699518981   -0.790747713312
              H      4.185656634411    2.138794567204   -3.026792623298
              H     -0.303132180268   -0.102251499973   -3.527360771067
              H      3.316710083071   -2.778476896281    2.402619786828
              H      1.893907194755   -0.370250236456    4.230306266575
              H      2.109622028104   -4.135205419995   -2.326931016655
              H     -2.960653414256   -3.730085298725   -0.630249979910
              H     -2.253956411373   -3.839903267240    2.657296078600
              H      7.082333646870    1.233896777788    3.639799181994
              H      7.428524832784    3.200137355764    0.749109331775
              H     -8.487174452445    0.302278193942    0.888491711142
              H     -6.347507006945   -0.184839286095    3.626050651849
              H     -0.634168897368   -7.268092392255    0.121019898241
              H     -4.133296828914    3.531211774035   -2.997818811389
              H     -4.147644322118    0.304789398278   -3.867590322673
              H     -7.016155978311    1.804339999010   -2.987941311909
$End
$SCF_Energy
   &GeometryIndex 1
   &Method [&Type "String"] "SCF"
   &totalEnergy [&Type "ArrayOfDoubles", &Dim (1,1)] "Total energy of each state"
                                                         0

0                                     -6.5777123209277397e+02
   &Mult [&Type "ArrayOfIntegers", &Dim (1,1)] "Multiplicity of each state"
                                                         0

0                                                        1
$End
$DFT_Energy
   &GeometryIndex 1
   &nAlphaEl [&Type "Integer"] 56
   &nBetaEl [&Type "Integer"] 56
   &nTotalEl [&Type "Integer"] 113
   &finalEn [&Type "Double"]      -6.5777123209277397e+02  "No Van der Waals correction"
   &eExchange [&Type "Double"]      -9.1094854866436862e+01
   &eCorr [&Type "Double"]      -4.0417503152945464e+00
   &eXC [&Type "Double"]      -9.5136605181731412e+01
   &eCNL [&Type "Double"]       0.0000000000000000e+00
$End
$Solvation_Details
   &GeometryIndex 1
   &Solvent [&Type "String"] "CHLOROFORM"
   &Epsilon [&Type "Double"]       4.8029999999999999e+00
   &Refrac [&Type "Double"]       1.4459000000000000e+00
   &RSolv [&Type "Double"]       1.3000000000000000e+00
   &SurfaceType [&Type "String"] "GAUSSIAN VDW"
   &CPCMDielEnergy [&Type "Double"]      -1.3705416000000000e-02
   &NPoints [&Type "Integer"] 2593
   &SurfaceArea [&Type "Double"]       9.1360736664199999e+02
$End
$SCF_Timings
   &GeometryIndex 1
   &TOTAL [&Type "Double"]       1.5320398000000001e+01
   &PREP [&Type "Double"]       5.2802300000000002e-01
   &FOCK [&Type "Double"]       1.1152284000000000e+01
   &DENS [&Type "Double"]       4.3593500000000240e-01
   &ETOT [&Type "Double"]       1.0594799999999949e-01
   &POP [&Type "Double"]       1.0000000010279564e-06
   &TRAFO [&Type "Double"]       3.6710899999999969e-01
   &DIIS [&Type "Double"]       1.5599369999999995e+00
   &SOSCF [&Type "Double"]       7.7547100000000024e-01
   &XC [&Type "Double"]       3.6787499999999977e+00
   &FOCKSTART [&Type "Double"]       3.2428999999999930e-02
   &SOLV [&Type "Double"]       4.5407759999999993e+00
   &SOLV_INIT [&Type "Double"]       2.7363700000000002e-01
   &INT_PREP [&Type "Double"]       2.0000000002795559e-06
   &INT_BF [&Type "Double"]       1.1012720000000371e+00
   &INT_DENS [&Type "Double"]       9.2347899999998440e-01
   &INT_DENSIO [&Type "Double"]       2.0813570924000007e+04
   &INT_FUNC [&Type "Double"]       3.3685199999998361e-01
   &INT_POT [&Type "Double"]       8.7576699999996332e-01
   &INT_POTIO [&Type "Double"]       1.2839000000025469e-02
   &INT_SUM [&Type "Double"]       1.6260000000021257e-03
   &SPLITRIJ [&Type "Double"]       3.2915809999999963e+00
$End
$Single_Point_Data
   &GeometryIndex 1
   &FinalEnergy [&Type "Double"]      -6.5777123209277397e+02  "Final single point energy"
   &Converged [&Type "Boolean"] true
$End
$Calculation_Info
   &GeometryIndex 1
   &Mult [&Type "Integer"] 1
   &Charge [&Type "Integer"] 0
   &NumOfAtoms [&Type "Integer"] 35
   &NumOfElectrons [&Type "Integer"] 114
   &NumOfBasisFuncts [&Type "Integer"] 605
   &NumOfAuxCBasisFuncts [&Type "Integer"] 0
   &NumOfAuxJBasisFuncts [&Type "Integer"] 955
   &NumOfAuxJKBasisFuncts [&Type "Integer"] 0
   &NumOfCABSBasisFuncts [&Type "Integer"] 0
$End
$SCF_Dipole_Moment
   &GeometryIndex 1
   &dipoleMagnitude [&Type "Double", &Units "a.u."]       1.6438468030579749e+00
   &dipoleElecContrib [&Type "ArrayOfDoubles", &Dim (3,1)] "Electronic contribution"
                                                         0

0                                      4.8247455737154716e+00
1                                     -5.3124304717977555e+00
2                                     -8.4212897085015970e-01
   &dipoleNucContrib [&Type "ArrayOfDoubles", &Dim (3,1)] "Nuclear contribution"
                                                         0

0                                     -6.3711399858940529e+00
1                                      4.9828513405735873e+00
2                                      1.2918780455221452e+00
   &dipoleTotal [&Type "ArrayOfDoubles", &Dim (3,1)] "Total"
                                                         0

0                                     -1.5463944121785813e+00
1                                     -3.2957913122416826e-01
2                                      4.4974907467198555e-01
   &doAtomicDipole [&Type "Boolean"] false
   &Method [&Type "String"] "SCF"
   &Level [&Type "String"] "Relaxed density"
   &Mult [&Type "Integer"] 1
   &State [&Type "Integer"] -1
   &Irrep [&Type "Integer"] 0
$End
$SCF_Spin_Spin_Coupling
   &GeometryIndex 1
   &numOfNucPairs [&Type "Integer"] 187 "Number of nuclei pairs to calculate"
   &numOfNucPairsDSO [&Type "Integer"] 0 "number of nuclear pairs to calculate DSO"
   &numOfNucPairsPSO [&Type "Integer"] 0 "number of nuclear pairs to calculate PSO"
   &numOfNucPairsFC [&Type "Integer"] 187 "number of nuclear pairs to calculate FC"
   &numOfNucPairsSD [&Type "Integer"] 0 "number of nuclear pairs to calculate SD"
   &numOfNucPairsSD_FC [&Type "Integer"] 0 "number of nuclear pairs to calculate SD/FC"
   &pairsInfo [&Type "ArrayOfIntegers", &Dim (187,4)] "Pairs Info: Col1->Index of A. Col2->Atom. Num. of A.  Col3->Index of B. Col4->Atom. Num. of B."
                                                         0                           1                           2                           3

0                                                       13                           1                          16                           1
1                                                       13                           1                          17                           1
2                                                       13                           1                          18                           1
3                                                       13                           1                          19                           1
4                                                       13                           1                          20                           1
5                                                       13                           1                          21                           1
6                                                       13                           1                          22                           1
7                                                       13                           1                          23                           1
8                                                       13                           1                          24                           1
9                                                       13                           1                          25                           1
10                                                      13                           1                          26                           1
11                                                      13                           1                          27                           1
12                                                      13                           1                          28                           1
13                                                      13                           1                          29                           1
14                                                      13                           1                          30                           1
15                                                      13                           1                          31                           1
16                                                      13                           1                          32                           1
17                                                      13                           1                          33                           1
18                                                      13                           1                          34                           1
19                                                      16                           1                          17                           1
20                                                      16                           1                          18                           1
21                                                      16                           1                          19                           1
22                                                      16                           1                          20                           1
23                                                      16                           1                          21                           1
24                                                      16                           1                          22                           1
25                                                      16                           1                          23                           1
26                                                      16                           1                          24                           1
27                                                      16                           1                          25                           1
28                                                      16                           1                          26                           1
29                                                      16                           1                          27                           1
30                                                      16                           1                          28                           1
31                                                      16                           1                          29                           1
32                                                      16                           1                          30                           1
33                                                      16                           1                          31                           1
34                                                      16                           1                          32                           1
35                                                      16                           1                          33                           1
36                                                      16                           1                          34                           1
37                                                      17                           1                          18                           1
38                                                      17                           1                          19                           1
39                                                      17                           1                          20                           1
40                                                      17                           1                          21                           1
41                                                      17                           1                          22                           1
42                                                      17                           1                          23                           1
43                                                      17                           1                          24                           1
44                                                      17                           1                          25                           1
45                                                      17                           1                          26                           1
46                                                      17                           1                          27                           1
47                                                      17                           1                          28                           1
48                                                      17                           1                          29                           1
49                                                      17                           1                          30                           1
50                                                      17                           1                          31                           1
51                                                      17                           1                          32                           1
52                                                      17                           1                          33                           1
53                                                      17                           1                          34                           1
54                                                      18                           1                          19                           1
55                                                      18                           1                          20                           1
56                                                      18                           1                          21                           1
57                                                      18                           1                          22                           1
58                                                      18                           1                          23                           1
59                                                      18                           1                          24                           1
60                                                      18                           1                          25                           1
61                                                      18                           1                          26                           1
62                                                      18                           1                          27                           1
63                                                      18                           1                          28                           1
64                                                      18                           1                          29                           1
65                                                      18                           1                          30                           1
66                                                      18                           1                          31                           1
67                                                      18                           1                          32                           1
68                                                      18                           1                          33                           1
69                                                      18                           1                          34                           1
70                                                      19                           1                          20                           1
71                                                      19                           1                          21                           1
72                                                      19                           1                          22                           1
73                                                      19                           1                          23                           1
74                                                      19                           1                          24                           1
75                                                      19                           1                          25                           1
76                                                      19                           1                          26                           1
77                                                      19                           1                          27                           1
78                                                      19                           1                          28                           1
79                                                      19                           1                          29                           1
80                                                      19                           1                          30                           1
81                                                      19                           1                          31                           1
82                                                      19                           1                          32                           1
83                                                      19                           1                          33                           1
84                                                      19                           1                          34                           1
85                                                      20                           1                          21                           1
86                                                      20                           1                          22                           1
87                                                      20                           1                          23                           1
88                                                      20                           1                          24                           1
89                                                      20                           1                          25                           1
90                                                      20                           1                          26                           1
91                                                      20                           1                          27                           1
92                                                      20                           1                          28                           1
93                                                      20                           1                          29                           1
94                                                      20                           1                          30                           1
95                                                      20                           1                          31                           1
96                                                      20                           1                          32                           1
97                                                      20                           1                          33                           1
98                                                      20                           1                          34                           1
99                                                      21                           1                          22                           1
100                                                     21                           1                          23                           1
101                                                     21                           1                          24                           1
102                                                     21                           1                          25                           1
103                                                     21                           1                          26                           1
104                                                     21                           1                          27                           1
105                                                     21                           1                          28                           1
106                                                     21                           1                          29                           1
107                                                     21                           1                          30                           1
108                                                     21                           1                          31                           1
109                                                     21                           1                          32                           1
110                                                     21                           1                          33                           1
111                                                     21                           1                          34                           1
112                                                     22                           1                          23                           1
113                                                     22                           1                          24                           1
114                                                     22                           1                          25                           1
115                                                     22                           1                          26                           1
116                                                     22                           1                          27                           1
117                                                     22                           1                          28                           1
118                                                     22                           1                          29                           1
119                                                     22                           1                          30                           1
120                                                     22                           1                          31                           1
121                                                     22                           1                          32                           1
122                                                     22                           1                          33                           1
123                                                     22                           1                          34                           1
124                                                     23                           1                          24                           1
125                                                     23                           1                          25                           1
126                                                     23                           1                          26                           1
127                                                     23                           1                          27                           1
128                                                     23                           1                          28                           1
129                                                     23                           1                          29                           1
130                                                     23                           1                          30                           1
131                                                     23                           1                          31                           1
132                                                     23                           1                          32                           1
133                                                     23                           1                          33                           1
134                                                     23                           1                          34                           1
135                                                     24                           1                          25                           1
136                                                     24                           1                          26                           1
137                                                     24                           1                          27                           1
138                                                     24                           1                          28                           1
139                                                     24                           1                          29                           1
140                                                     24                           1                          30                           1
141                                                     24                           1                          31                           1
142                                                     24                           1                          32                           1
143                                                     24                           1                          33                           1
144                                                     24                           1                          34                           1
145                                                     25                           1                          26                           1
146                                                     25                           1                          27                           1
147                                                     25                           1                          28                           1
148                                                     25                           1                          29                           1
149                                                     25                           1                          30                           1
150                                                     25                           1                          31                           1
151                                                     25                           1                          32                           1
152                                                     25                           1                          33                           1
153                                                     25                           1                          34                           1
154                                                     26                           1                          27                           1
155                                                     26                           1                          28                           1
156                                                     26                           1                          29                           1
157                                                     26                           1                          30                           1
158                                                     26                           1                          31                           1
159                                                     26                           1                          32                           1
160                                                     26                           1                          33                           1
161                                                     26                           1                          34                           1
162                                                     27                           1                          28                           1
163                                                     27                           1                          30                           1
164                                                     27                           1                          31                           1
165                                                     27                           1                          32                           1
166                                                     27                           1                          33                           1
167                                                     28                           1                          30                           1
168                                                     28                           1                          31                           1
169                                                     28                           1                          32                           1
170                                                     28                           1                          33                           1
171                                                     28                           1                          34                           1
172                                                     29                           1                          30                           1
173                                                     29                           1                          31                           1
174                                                     29                           1                          32                           1
175                                                     29                           1                          33                           1
176                                                     29                           1                          34                           1
177                                                     30                           1                          31                           1
178                                                     30                           1                          32                           1
179                                                     30                           1                          33                           1
180                                                     30                           1                          34                           1
181                                                     31                           1                          32                           1
182                                                     31                           1                          33                           1
183                                                     31                           1                          34                           1
184                                                     32                           1                          33                           1
185                                                     32                           1                          34                           1
186                                                     33                           1                          34                           1
   &pairsDistances [&Type "ArrayOfDoubles", &Dim (187,1)] "The distances of each pair"
                                                         0

0                                      2.6429078364511365e+00
1                                      2.2718257462739895e+00
2                                      4.0360783875180344e+00
3                                      4.2285118611995252e+00
4                                      4.8732315786369247e+00
5                                      3.8324955383835082e+00
6                                      3.5153642402145620e+00
7                                      2.3080511989780077e+00
8                                      4.5905592655039626e+00
9                                      3.1937818356023953e+00
10                                     2.4370010443390289e+00
11                                     4.9485267525769139e+00
12                                     5.4726678460755487e+00
13                                     3.5642383050230970e+00
14                                     2.2215003084481437e+00
15                                     4.6417740132477006e+00
16                                     3.8335187696976467e+00
17                                     3.9809452564503753e+00
18                                     4.2577505890274487e+00
19                                     1.7570882186447980e+00
20                                     2.4599229726801566e+00
21                                     2.5888723878285105e+00
22                                     4.3436647228446450e+00
23                                     3.8723573737140353e+00
24                                     5.1559955328946945e+00
25                                     3.9818446810564678e+00
26                                     5.7333167521596362e+00
27                                     4.8284720762671798e+00
28                                     4.8357698529264175e+00
29                                     5.4805315539313844e+00
30                                     5.1926175394511151e+00
31                                     4.2244003756725395e+00
32                                     3.8219625672135473e+00
33                                     6.6600210481366968e+00
34                                     2.5934813050414038e+00
35                                     3.8574999096293126e+00
36                                     3.8240259517433848e+00
37                                     3.0682701230441776e+00
38                                     2.3810288862039921e+00
39                                     3.8562522695274848e+00
40                                     4.0691956655128223e+00
41                                     3.9270367075088397e+00
42                                     2.5543947936545321e+00
43                                     5.2137210346714760e+00
44                                     4.8571511243901968e+00
45                                     4.4015776330659238e+00
46                                     3.8448342243519327e+00
47                                     3.9084572199003458e+00
48                                     5.2200925657116777e+00
49                                     4.2351533818034692e+00
50                                     6.1855597117184926e+00
51                                     3.9572703532734024e+00
52                                     4.7551126914381063e+00
53                                     5.1596097044508493e+00
54                                     1.7686724655924646e+00
55                                     2.5229291054771394e+00
56                                     2.4333723269161025e+00
57                                     5.0371293876517811e+00
58                                     4.6385522191198572e+00
59                                     4.6778351283043129e+00
60                                     4.7467290565819020e+00
61                                     5.3965152302878447e+00
62                                     5.3555722834329558e+00
63                                     4.4124183549835951e+00
64                                     5.3789169822318597e+00
65                                     5.3909200130542487e+00
66                                     6.3995570641108523e+00
67                                     2.2461727074526445e+00
68                                     3.1479978540092528e+00
69                                     3.9715939858533722e+00
70                                     2.4863186716400993e+00
71                                     3.6986345926560933e+00
72                                     4.8738265273597969e+00
73                                     4.2123630846380298e+00
74                                     5.3183171516798762e+00
75                                     5.7492219393685149e+00
76                                     5.9192785756042570e+00
77                                     4.2228541272356797e+00
78                                     3.1665444288362306e+00
79                                     6.4492308252232835e+00
80                                     6.0193428884681373e+00
81                                     7.0972589724000423e+00
82                                     3.7750577924443869e+00
83                                     4.7535654118637991e+00
84                                     5.4695531259542500e+00
85                                     2.6681281177284260e+00
86                                     3.9034897959451329e+00
87                                     4.2404533699729994e+00
88                                     3.5166523751552088e+00
89                                     5.0551497107910475e+00
90                                     5.5379932891297559e+00
91                                     3.8761290989299422e+00
92                                     2.6930949705441791e+00
93                                     7.0858960590244671e+00
94                                     6.7063088015808887e+00
95                                     5.8360584760017531e+00
96                                     4.4634663004803121e+00
97                                     4.5371945325304575e+00
98                                     5.9304211223108219e+00
99                                     3.9397984070247754e+00
100                                    4.2689943594022495e+00
101                                    2.5667621319154112e+00
102                                    2.8308185321167048e+00
103                                    3.9609094767813993e+00
104                                    5.4916913227104525e+00
105                                    4.9914761523748616e+00
106                                    4.9256690437835191e+00
107                                    4.9560089331061388e+00
108                                    4.2587931373296550e+00
109                                    2.8077641658167498e+00
110                                    2.0537061378166337e+00
111                                    3.7038909204406636e+00
112                                    1.7681458150020923e+00
113                                    2.6809197777970240e+00
114                                    3.7234357662762010e+00
115                                    3.0039284400292323e+00
116                                    2.9845630286522749e+00
117                                    3.9381930198915867e+00
118                                    6.5051211150582686e+00
119                                    5.3344850462071260e+00
120                                    3.3872215228192037e+00
121                                    5.9040505590728953e+00
122                                    5.4105271391808865e+00
123                                    6.6269485433378863e+00
124                                    4.0028602888687681e+00
125                                    4.0467443449084932e+00
126                                    2.9802415527196398e+00
127                                    2.8907684977057087e+00
128                                    3.9422243045073659e+00
129                                    5.7820177878577228e+00
130                                    4.3739756718794114e+00
131                                    4.4544536127374847e+00
132                                    5.3912325261750373e+00
133                                    5.3583458883121411e+00
134                                    6.1762295422278273e+00
135                                    2.8374234153207230e+00
136                                    3.5089891868219598e+00
137                                    4.9966488114083747e+00
138                                    5.0635375443353681e+00
139                                    6.3130264262512030e+00
140                                    5.8585059086230382e+00
141                                    2.5563056851173562e+00
142                                    5.2438785720493879e+00
143                                    4.1411478213650179e+00
144                                    5.7725195439572063e+00
145                                    1.7803836465426057e+00
146                                    6.3443034760380197e+00
147                                    6.6488256077608963e+00
148                                    3.7083569251051118e+00
149                                    3.4358087604014629e+00
150                                    2.2757346182868989e+00
151                                    4.0889653323034558e+00
152                                    2.8086069104253584e+00
153                                    3.8392042727660272e+00
154                                    5.6469697562316403e+00
155                                    6.4149241980157417e+00
156                                    4.0694843218394752e+00
157                                    2.9489529182164240e+00
158                                    2.4139350405377260e+00
159                                    5.0159072054916525e+00
160                                    4.2114884455573334e+00
161                                    4.9189215301790794e+00
162                                    1.8590649939626880e+00
163                                    7.1463147691228182e+00
164                                    6.3547559727905449e+00
165                                    7.0028760538671087e+00
166                                    7.1651559898411366e+00
167                                    7.6596259755501785e+00
168                                    7.0000636537941423e+00
169                                    6.4339070472486695e+00
170                                    6.7706698248427850e+00
171                                    7.9299389941112173e+00
172                                    1.8566270526975901e+00
173                                    5.7864316691323072e+00
174                                    3.5294839234080704e+00
175                                    3.4070072700982443e+00
176                                    2.3335945706294590e+00
177                                    5.1604939047440990e+00
178                                    4.1864375470107777e+00
179                                    4.1409185756204838e+00
180                                    3.6719261160382755e+00
181                                    6.2298345495343481e+00
182                                    4.8960206176165704e+00
183                                    6.0959842838297398e+00
184                                    1.7683159090746388e+00
185                                    1.7783079069729213e+00
186                                    1.7749769096929353e+00
   &pairsTotalSSCIso [&Type "ArrayOfDoubles", &Dim (187,1)] "The Spin-Spin coupling constant for each pair"
                                                         0

0                                      6.0754951086463715e-01
1                                      8.2884462584842140e+00
2                                     -5.7672416271666116e-01
3                                      7.2389010051970892e-01
4                                      2.0073952363693673e-01
5                                     -3.7246714514369522e-01
6                                     -2.5027403163330975e-01
7                                     -4.8173568560727303e-01
8                                      1.3238875066465272e-01
9                                     -2.0434121771601649e-01
10                                    -2.4314214232518597e-01
11                                     8.9357842948528353e-03
12                                     3.2163161140935134e-02
13                                     6.1723510487084732e-01
14                                    -6.1126886833618621e-01
15                                    -9.7041034744215007e-03
16                                    -3.1061683578340438e-01
17                                    -5.7767745517436730e-01
18                                     1.3743717952297700e+00
19                                    -1.5342210492595097e+01
20                                     5.9344021953623036e+00
21                                     1.1826406284492574e+00
22                                     4.9196195784322139e-01
23                                     6.8476914453604792e-02
24                                    -8.3498619396247836e-02
25                                    -4.9802376812976321e-02
26                                     3.2473273845417788e-02
27                                    -2.5722090895319922e-02
28                                     6.3073574468462762e-02
29                                    -5.9540099419138071e-03
30                                     1.5353954519317835e-02
31                                     1.7261595579193140e-01
32                                     5.7782546023025072e-02
33                                     3.1399841568037440e-01
34                                    -7.1008677574434145e-02
35                                     1.5500684382340296e-01
36                                     7.4016659866348283e-02
37                                     1.3797242183625281e+01
38                                     6.5334145975438886e+00
39                                    -5.3660258322085297e-01
40                                    -7.8113322904825970e-03
41                                     3.5357376468144519e-01
42                                    -8.3484699363786066e-02
43                                    -4.4843312357820860e-03
44                                     1.5416119344544832e-01
45                                     9.0569745942068861e-02
46                                    -3.7710891099876992e-02
47                                    -1.9406404599165795e-02
48                                     3.0652764188717128e-02
49                                    -1.7331908083216044e-01
50                                    -3.6366155619560636e-02
51                                    -9.1318466535587131e-02
52                                     2.1759632589990785e-01
53                                    -1.3232693936890510e-02
54                                    -1.3601578368476973e+01
55                                     2.2453190088196644e+00
56                                    -2.7395639379504877e-01
57                                    -4.0425654839232866e-01
58                                    -3.2839264540448623e-02
59                                     1.6599182643263488e-01
60                                     1.6709275455167663e-03
61                                     2.5260415781490037e-02
62                                     9.8206394512861034e-02
63                                    -5.7783408201697119e-02
64                                    -5.7317501795680223e-02
65                                    -5.3519000022351770e-02
66                                     1.8116096165324545e-03
67                                    -5.0459823838714857e-01
68                                     5.7721551048896938e-02
69                                     1.8121113394606586e-01
70                                     4.8678495775645843e+00
71                                    -1.1608222791920969e-01
72                                     1.4445862987290198e-01
73                                     6.7029599010852980e-02
74                                     6.6515716694575044e-01
75                                    -8.1051181324705741e-03
76                                    -1.4482592533048139e-02
77                                     1.1340604003232053e-01
78                                     7.4975742616042784e-02
79                                    -3.8363185396804333e-02
80                                    -7.1700770008343379e-02
81                                    -3.5150859036114810e-03
82                                    -9.2261470118418371e-02
83                                    -2.2401163259970137e-02
84                                     1.6168128978538754e-01
85                                     9.3703938708528245e-01
86                                     3.6029574002870485e-01
87                                    -1.3577760160405872e+00
88                                     1.1278888368924780e-01
89                                    -1.5074428245475936e-02
90                                     7.0545659023961105e-01
91                                    -1.1705385943449862e+00
92                                    -1.0651178649405326e+00
93                                    -1.0818663908391774e-02
94                                    -7.6086081959129319e-03
95                                     4.0634781431905208e-03
96                                     8.8055510440832978e-03
97                                     9.4028299268435304e-03
98                                     1.4154307116451700e-02
99                                    -6.4647327769407137e-01
100                                    1.0968036013677946e+00
101                                   -2.0222668192109650e-01
102                                   -2.3268534052889278e-01
103                                   -5.0145026270614923e-01
104                                    8.4481703425361943e-01
105                                    2.5004067110827416e-01
106                                   -1.3732743288803629e-02
107                                   -1.3615888950533447e-02
108                                    1.1854690980300373e-02
109                                    4.7222542307059232e-02
110                                   -7.6628254448177935e-01
111                                    1.7155245424582348e-02
112                                   -1.8628811427492955e+01
113                                   -5.0656466349807847e-02
114                                   -1.9092342068247981e-01
115                                   -2.7403638154164228e-01
116                                   -2.7086996290583167e+00
117                                   -3.1725654482754244e+00
118                                    8.9209749638803931e-02
119                                   -3.7313297473844417e-02
120                                   -8.9975156858645600e-02
121                                   -7.6615451372064689e-03
122                                   -8.4072021314829451e-02
123                                    7.6302885268261927e-03
124                                    1.6725064453295276e-03
125                                   -5.4597870261910075e-01
126                                   -2.1866552662954247e-01
127                                   -2.0138918976657836e+00
128                                   -2.3551383586969146e+00
129                                    1.8491246720199046e-02
130                                    3.5779963441277011e-03
131                                    7.2091579080204027e-02
132                                   -1.4917292086808667e-02
133                                   -1.6216087893776911e-02
134                                    1.1921354001599400e-02
135                                    5.4347001494565457e-02
136                                    5.7517461193101006e-02
137                                   -4.7028876248623210e-03
138                                   -1.7108539081764788e-02
139                                    2.9221111784850061e-04
140                                   -1.7173390933975309e-05
141                                   -3.5250783591098550e-01
142                                    2.7717542521589937e-03
143                                    3.2639528468804222e-03
144                                   -6.1473706691746472e-03
145                                   -9.9879927241452116e+00
146                                    3.0665488642693674e-02
147                                    2.6560151300970991e-01
148                                   -3.0538217090020442e-02
149                                   -1.8369245853389136e-02
150                                    2.5867299680393008e+00
151                                   -3.1287520537909320e-05
152                                   -2.7891259330802609e-02
153                                   -1.9183539232152089e-02
154                                   -1.1411594739897796e-02
155                                   -9.3838267006055784e-03
156                                    3.9276041199272006e-02
157                                    3.3008526136312707e-02
158                                    1.0538818438375572e-01
159                                    1.0490554066280405e-01
160                                    8.6442354694570581e-02
161                                   -7.8352282688302077e-03
162                                    4.0745357527859732e-01
163                                   -8.2692479786509351e-05
164                                   -2.8779382687183386e-02
165                                   -9.8391055196986169e-04
166                                   -4.7918813109410797e-03
167                                   -1.4647234924323135e-03
168                                   -3.9632228184791458e-02
169                                    9.0752398636593850e-04
170                                   -2.6193249679947964e-03
171                                    1.1564623889699036e-02
172                                    1.7857309252307421e+00
173                                   -2.1963299439784246e-02
174                                   -1.8156741033542096e+00
175                                   -2.5311914243893647e+00
176                                   -4.8939276365401263e-01
177                                   -1.6065842962128752e-02
178                                   -8.6981325074108862e-01
179                                   -2.3289393993063658e+00
180                                    5.9236640014674935e-01
181                                   -1.1531429998341712e-02
182                                   -1.3444034160660869e-02
183                                   -4.1438106002862136e-04
184                                   -1.7720747437403709e+01
185                                   -1.3039073638423348e+01
186                                   -1.4258191516397400e+01
   &Method [&Type "String"] "SCF"
   &Level [&Type "String"] "Relaxed density"
   &Mult [&Type "Integer"] 1
   &State [&Type "Integer"] -1
   &Irrep [&Type "Integer"] 0
$End
$Calculation_Timings
   &GeometryIndex 1
   &GTOINT [&Type "Double"]       1.6496240000000000e+00
   &SCF [&Type "Double"]       1.7442499000000002e+01
   &PROPINT [&Type "Double"]       1.2134549999999997e+00
   &RESPONSE [&Type "Double"]       8.9347239999999992e+00
   &PROP [&Type "Double"]       6.3967000000000240e-01
   &SUM [&Type "Double"]       2.9879972000000002e+01
$End
