$coord
-1.82684116796341 -2.69164888903019   0.11453228498495  c
-3.99661914904133 -1.46617737849606   1.60777587459367  c
-5.71186296982263  0.38987024807585   0.18558054167839  c
-4.45673707114860  2.33953394767797  -1.55788244103751  c
-2.06383330267989  3.66601113877102  -0.58633136110899  c
 0.00381875345206  1.79209159593116   0.18382993000933  c
-0.12175524040127 -0.74775973288608  -1.19721854498961  c
 0.01516913283139 -4.04698860290774   1.91947326494645  c
 2.56833869561241 -4.08020244421763   0.56220802578274  c
 2.62706637468357 -1.69584848516772  -1.09209914627331  c
 2.44037009920543  2.73459219411173  -0.38329385224884  o
 4.16359296408550  0.66003014955572  -0.20418400173204  c
-0.67928125333455 -0.42990157344827  -3.15345474607114  h
 3.29821944748942 -2.19453544480810  -2.97860741754985  h
-0.09195202461269  1.47015724527327   2.23289863900971  h
-2.64906283629472  5.47701283135455   1.58186915747968  c
 6.35616581133826  1.21916373285078  -2.00089938748382  c
 5.17867889459995  0.47793544714404   2.50402330954937  c
-2.88245127708496 -4.55452603230677  -1.82602020025875  c
-5.19286078348080 -2.98147745081919   2.34638622122053  h
-3.21250135384255 -0.49596223856221   3.24842619322845  h
-7.05164059252552 -0.67707116023829  -0.96818942495901  h
-6.82364075056853  1.38628966045455   1.61213344112055  h
-5.86032550546457  3.80172726080332  -1.95980049913135  h
-4.02729270824364  1.43937025507131  -3.36103674995396  h
-1.29406547937500  4.77396249963494  -2.15751500438665  h
-0.62899226192786 -5.94461262667965   2.39261729279110  h
 0.17068531954662 -2.98191173350439   3.67871194138399  h
 4.13631146271146 -4.18396071534665   1.88550435502828  h
 2.68253451580559 -5.73941163765271  -0.65648250093793  h
-3.46260844638425  4.46767507505975   3.17701287999799  h
-0.92176847937653  6.40004100613474   2.20220212983950  h
-3.98213818114345  6.92039076808190   0.97697171094241  h
 5.64136067636074  1.53030588689693  -3.90116118206644  h
 7.67944464720008 -0.35150622504036  -2.01967549197143  h
 7.33360350776725  2.91982890560180  -1.39383484686752  h
 3.70639489863276 -0.06715958016220   3.82598839401377  h
 6.72010759930029 -0.87378971066150   2.61388825767590  h
 5.88759613184270  2.32694474510901   3.05465156606684  h
-3.96564622641821 -6.03278117316888  -0.89265862885879  h
-4.11831520737775 -3.59070737455649  -3.15449958377173  h
-1.35868573287516 -5.43463493365256  -2.88587466449370  h
$end