   -0.07017150
   -0.06609391
   -0.05313704
   -0.03631302
   -0.06587275
    0.07188981
   -0.02389322
   -0.04623253
   -0.20103055
    0.05213461
   -0.00826702
    0.01446919
   -0.06998492
    0.02337926
    0.00644470
   -0.03849344
   -0.03887252
   -0.02064418
    0.28833236
   -0.02183111
   -0.05297095
   -0.72535730
    0.05151052
    0.36216467
   -0.46138341
   -0.26525177
    0.02744931
    0.04898836
    0.05062513
    0.05235337
    0.04016660
    0.02745437
    0.03091304
    0.02845518
    0.03117980
    0.17012429
    0.03996275
    0.08538471
    0.05120386
    0.05289723
    0.05557055
    0.05854771
    0.07545911
    0.07065681
    0.05311178
    0.05997125
    0.05478572
    0.08836123
    0.06995126
    0.07190256
