$coord
-0.96426721700583 -0.85896117870782  -5.06880847171220  c
 1.33010210514285  0.88821605429211  -4.63434022637461  c
-4.57294394979101  6.32407596932787   0.86382726945819  c
-6.67287264721038  5.43118453306363  -0.45430719627603  c
-6.66986863190491  2.99154416075376  -1.40005353190598  c
-4.58382400047719  1.38947039547182  -1.03239011209666  c
-2.47543391420375  2.23952501828425   0.34412034459560  c
-2.52407432243824  4.72472024065484   1.24427794873278  c
-4.62814046700988 -1.05195425707487  -1.97646032646142  n
-2.20322597901448 -2.11584840821711  -2.70089999781368  c
-0.37108070992012 -2.15616644152228  -0.39905910379304  c
-0.23752359407080  0.51551235384637   0.95405790695726  c
 2.27465479025652 -2.63868363861386  -1.56828781062005  c
 3.03302202081633  0.07126124307981  -2.37199855756090  c
 2.24443339138724  1.58386551286693  -0.08906668605480  c
 5.78231340497199  0.60391378400630  -2.88374123426873  c
 7.23896737579104  1.95531695651638  -1.32490855705646  c
 6.40375088026799  2.91999256575474   1.22858171545126  c
 4.20206375694771  1.34157960008851   2.06242278612655  n
 2.61346755741266  2.20283718721042   4.25589175948488  c
 0.26230604921228  0.53960971300932   3.89647086848318  c
 5.04568308019813 -1.03249520663444   2.59814891486464  o
 2.13181499622917  3.61107539212475  -0.49024776052324  h
-1.32796887517178 -4.20782522844073   1.34477944314159  c
-2.99308907322188 -3.93701684333055   2.90060760143494  o
-0.20010182557305 -6.44133944976813   0.88351968062797  o
-1.12292358441255 -8.55525809395636   2.35401424405225  c
-0.37811724101633 -2.38998366726260  -6.33006207641181  h
-2.43530592314509  0.18857840814082  -6.08253941556816  h
 2.46858634057016  0.89368994357614  -6.36577513282483  h
 0.70915084251941  2.84398822539154  -4.34630619295337  h
-4.52917826351696  8.24108971296950   1.59297885139323  h
-8.30057157968601  6.64348141291952  -0.76672832922750  h
-8.28536167361884  2.28419240197270  -2.45682788360494  h
-0.91516176339172  5.45111404056950   2.28909135563432  h
-5.99411271063390 -1.34155646630114  -3.28190815099766  h
-2.56204371549147 -4.09769308902238  -3.19833303609735  h
 3.58935471386756 -3.33801436648133  -0.15658794619223  h
 2.17287205738651 -3.95185749926367  -3.16259866920272  h
 6.56830563298596 -0.08726873578550  -4.65633158577120  h
 9.19124751809345  2.35127419260645  -1.83030935082116  h
 5.86151202432804  4.92538463865003   1.17047692555957  h
 7.89181227173632  2.66798714291532   2.64078378675914  h
 3.65615503079631  1.82556325366692   5.99491017783194  h
 2.22207325492270  4.22891002845017   4.08462709354046  h
-1.36768337109064  1.27924952210405   4.92136428434268  h
 0.68327768000563 -1.34693208213323   4.60490672978003  h
-0.00332562626537 -10.17333256270442   1.74579008318433  h
-0.84901318651187 -8.19657228853570   4.36965715141731  h
-3.12893768310093 -8.87004244061253   1.97215915425404  h
$end
