           1           2   1.00845895591519     
           3           4   1.41390565481852     
           4           5   1.47112462304756     
           5           6   1.33573479150141     
           6           7   1.32353938137458     
           3           8   1.43887677181907     
           5           8  0.101233014276562     
           7           8   1.42247596559064     
           6           9   1.15535851915502     
           1          10  0.967554661445916     
           9          10   1.00599413640258     
          10          11  0.939594968798463     
           7          12  0.990336089994194     
          11          12  0.954135957587947     
          11          13  0.976628992083237     
           2          14  0.965562885324198     
          13          14  0.966214028002296     
          12          15  0.964214022423495     
          14          15  0.979407449951765     
          14          16   1.00392430058480     
          16          17   1.92989012179814     
          17          18   1.01468056382624     
          15          19  0.900908078544575     
          18          19  0.943428161487662     
          19          20  0.942470008097682     
          12          21  0.965747509873342     
          20          21   1.00449398940506     
          19          22   1.01959855690535     
          15          23  0.958354082038156     
          11          24  0.953683367485804     
          24          25   1.70980793924699     
          24          26   1.15482580562841     
          25          26  0.170243415899856     
          26          27  0.941400574734193     
           1          28  0.978464175069564     
           1          29  0.973036262475889     
           2          30  0.974394148114305     
           2          31  0.975991870029076     
           3          32  0.971602202282735     
           4          33  0.970932178931254     
           5          34  0.967158398592868     
           8          35  0.960479815426709     
           9          36  0.938870588974865     
          10          37  0.962864942552134     
          13          38  0.951898103069718     
          13          39  0.973123435426903     
          16          40  0.963301122797475     
          17          41  0.964440586830626     
          18          42  0.955244012679319     
          18          43  0.964326968988366     
          20          44  0.972571938316528     
          20          45  0.964009265712011     
          21          46  0.974283233796361     
          21          47  0.973013352429445     
          27          48  0.979105849118009     
          27          49  0.976348375653442     
          27          50  0.976755396424294     
