    0.00024034
   -0.03115551
   -0.05779941
   -0.05663278
   -0.03592155
    0.12144708
   -0.07506206
    0.00999427
   -0.47422627
    0.07782892
   -0.11265671
    0.01422451
   -0.11671414
    0.04169055
   -0.47587272
   -0.11740498
    0.03931649
    0.03808610
    0.05005138
    0.03451861
    0.02974068
    0.00779850
    0.05208456
    0.05880894
    0.30868937
    0.03179573
    0.04836024
    0.03597966
    0.03624918
    0.03019515
    0.02216385
    0.30627235
    0.04947495
    0.07102596
    0.03740876
