           1           2  0.957973437316623     
           2           3  0.987818148500624     
           3           4   1.00987432844812     
           4           5  0.980456967802234     
           1           6  0.968339295301688     
           5           6  0.968795087125641     
           1           7  0.980327149104722     
           5           8  0.993684976413103     
           7           8   1.00739307489340     
           6           9  0.981124164566102     
           1          10  0.976558177642922     
           8          11   1.93515265822747     
           2          12  0.996347304792625     
          12          13   1.92283765412223     
           2          14  0.959936161695234     
          10          15  0.992287321869887     
          12          16   1.03007324243554     
           3          17  0.973670935707163     
           3          18  0.975701742035556     
           4          19  0.970497923777289     
           4          20  0.976499439835053     
           5          21  0.965219396097150     
           6          22  0.954661590446709     
           7          23  0.964494063465360     
           7          24  0.955289853141399     
           9          25  0.887205462207828     
          10          26  0.969294803626396     
          10          27  0.970651294987658     
          11          28  0.974733181658904     
          11          29  0.974697479669060     
          13          30  0.975516770174249     
          13          31  0.975686655993493     
          15          32  0.889195464459234     
          16          33  0.966326856795265     
          16          34  0.957258595547943     
          16          35  0.983857405854094     
