$coord
-0.81653643242970  0.05374198560437  -4.77624394541068  c
 2.06801990337499  0.18869947483923  -4.92138318389802  c
-4.90720187699564  6.04411328299337   1.20083834309709  c
-7.08756795592431  4.93116145347584   0.22040345353028  c
-6.94574155184966  2.55103389956598  -0.85756753952777  c
-4.65512824903571  1.21967983031120  -0.91134334517301  c
-2.48920911735199  2.22334584330803   0.26559123419685  c
-2.66232369524743  4.68408449130402   1.22817119566467  c
-4.51071003874211 -1.01591799302705  -2.32384271402296  n
-1.95987131620465 -1.85491703913756  -2.87088309236093  c
-0.29503291800206 -2.09180122901506  -0.44082108514586  c
-0.13391774504859  0.60602854738308   0.79032377073630  c
 2.38854150233365 -2.79584869578023  -1.35700079271991  c
 3.35928257040663 -0.21804815138637  -2.34217248307956  c
 2.37641590736986  1.58684095279913  -0.33516772680087  c
 6.15739307079618  0.21483205392154  -2.68799504907164  c
 7.50800140076542  1.82271655814764  -1.29025940549221  c
 6.49684338141829  3.09140228149956   1.05514792330702  c
 4.28417143205425  1.55225420356290   1.91749173747239  n
 2.63763278916935  2.50705476739932   4.01214086461119  c
 0.36885492001666  0.73152677265252   3.72735563887595  c
 5.14388902759659 -0.76699779501606   2.63641976017259  o
 2.27376584121872  3.55545571374586  -0.97369263793875  h
-1.52508263961336 -4.01135370589191   1.26652543534690  c
-3.27810002536587 -3.56737190743889   2.68520395441830  o
-0.53495613180507 -6.33463263361161   0.96236856317660  o
-1.68408787167993 -8.31696438195332   2.45853784293534  c
-1.60565132735209 -0.37497252634695  -6.64176013658185  h
-1.52376132159890  1.93185784943731  -4.27484405920660  h
 2.81117893873355 -1.27792831950665  -6.18612999534748  h
 2.62318475736464  2.01838272509629  -5.72433187988326  h
-4.95972729807074  7.94695930203640   1.96732046267725  h
-8.87223370886258  5.94660442846430   0.23228869905090  h
-8.59287745047783  1.70424070514701  -1.74818003261939  h
-1.01456075825596  5.56689165858853   2.07125870608044  h
-5.74191532757699 -2.38375689928373  -1.80676842397348  h
-2.06497064890517 -3.73672579949090  -3.73353208111030  h
 3.55337072246600 -3.47302866572327   0.19224497336638  h
 2.30936285822443 -4.21237933420788  -2.86615565512811  h
 7.04601155200586 -0.72442352110658  -4.29002156371078  h
 9.48331330492090  2.17371589304670  -1.73270730941986  h
 5.91863050014863  5.05949011713456   0.72282228462805  h
 7.89206930573874  3.04684686996081   2.58033012949607  h
 3.66388983300455  2.29286009711354   5.78852994863366  h
 2.17463708359115  4.49900536179571   3.68994181654659  h
-1.28799638421031  1.42237853471049   4.74014631132550  h
 0.88295884637246 -1.11840823086937   4.47560811228054  h
-3.67835221103018 -8.52643587742690   1.96068042082673  h
-0.63473193604008 -10.02754493392761   1.99541874181762  h
-1.51393378313821 -7.88036120300751   4.47032652034337  h
$end
