    0.00024872
   -0.02812771
   -0.05696041
   -0.05637786
   -0.03619153
    0.11757061
   -0.07291695
    0.00984591
   -0.47156880
    0.08082690
   -0.11202878
    0.01712527
   -0.11849903
    0.04400641
   -0.48245434
   -0.11869172
    0.03784176
    0.03752869
    0.05051686
    0.03501870
    0.03228174
    0.00719064
    0.05492411
    0.05067279
    0.31086183
    0.04088306
    0.02916050
    0.03670512
    0.03729546
    0.02912919
    0.02091669
    0.31200468
    0.05055947
    0.07430653
    0.03639550
