$coord
 0.02389079805002 -1.47307004201652  -0.06266497553837  c
 1.16623398319169  0.91340429662723  -1.45539391119777  c
-0.75611487820812  3.16376168347885  -1.52432589634718  c
-2.46885837297267  3.41718104876200   0.82410353706134  c
-3.51862595076237  0.81391600248098   1.66355898624290  c
-1.29389185271530 -0.89116077029389   2.49752978154032  c
-2.36142011716355 -2.32241426372457  -1.59265295001595  c
-4.52655676277725 -0.68783252448221  -0.57863788236801  c
 0.35521063310321  0.14040982017826   4.35849842824555  o
 1.97686835625449 -3.61023765814862   0.24306110756389  c
-6.88619062874970 -0.61153373157076  -1.48138020326298  c
 3.85116414731678  1.74273829373934  -0.74040374983492  c
 5.76244425696232  1.24169436936541  -2.34632061205643  c
 1.35032043636931  0.28189931273844  -3.43128906713643  h
 2.95171001189238 -4.55693494849643  -2.09942698279758  o
 4.35553181819943  3.27265900755852   1.62646755747897  c
 0.26599749997906  4.94620628009043  -1.85743281120874  h
-1.97809039326682  2.89879869181765  -3.18819279045825  h
-1.42964776938016  4.26089865681882   2.41787474051574  h
-4.05101094109097  4.69825440906232   0.38394584900566  h
-4.94635905243659  1.06076990019596   3.16036280320635  h
-2.07737123532675 -2.70157131750052   3.21025389170091  h
-2.11151205335503 -2.13515818753063  -3.64804172694174  h
-2.76012945706523 -4.33639140467827  -1.22099849560681  h
-0.62190079927156  0.38490320853561   5.91070078968658  h
 1.04769282091647 -5.23153521269070   1.16745292295599  h
 3.52055139017950 -2.98446710064394   1.50107708324988  h
-7.46227492663895 -1.73456144662236  -3.11699586618043  h
-8.33749558583348  0.57815271191811  -0.61880284355466  h
 7.69727076419506  1.84496470685348  -1.95282816612615  h
 5.46452882306580  0.27630032592152  -4.14997200807892  h
 4.24798654180181 -3.37449221142632  -2.67889796946626  h
 3.22237563532987  5.02377192388068   1.62760870154601  h
 3.83192739086934  2.23115529555363   3.33835404737000  h
 6.35855751540044  3.81603843558866   1.74045799183435  h
$end
