           1           2  0.960649689661408     
           2           3  0.982384001614491     
           3           4   1.01023678610398     
           4           5  0.980060682986111     
           1           6  0.966267241152916     
           5           6  0.968894724811985     
           1           7  0.979764341633626     
           5           8  0.994071358433034     
           7           8   1.00583093366900     
           6           9  0.982695515960597     
           1          10  0.977352376314577     
           8          11   1.93623549522899     
           2          12  0.997857978580816     
          12          13   1.91554672728464     
           2          14  0.958775693362030     
          10          15  0.996680591334286     
          12          16   1.03142155657138     
           3          17  0.975005373976981     
           3          18  0.976331722328097     
           4          19  0.970571587960984     
           4          20  0.976404263648509     
           5          21  0.964810204288153     
           6          22  0.958845436930404     
           7          23  0.964973009875959     
           7          24  0.957539674906553     
           9          25  0.885231118121543     
          10          26  0.970170504983451     
          10          27  0.967998202584642     
          11          28  0.974648685173331     
          11          29  0.974613946408080     
          13          30  0.975307510891003     
          13          31  0.969234580454712     
          15          32  0.874519791173376     
          16          33  0.964088474730939     
          16          34  0.956673261116426     
          16          35  0.983956633189505     
