    0.00047673
   -0.03784703
   -0.06248112
   -0.05853451
   -0.03341310
    0.11343615
   -0.07072622
    0.01522138
   -0.48574709
    0.08471786
   -0.11359239
    0.00949746
   -0.11178232
    0.04824849
   -0.48867092
   -0.11758160
    0.04271855
    0.04371330
    0.03728725
    0.04228942
    0.03310509
    0.02279272
    0.06571520
    0.05021949
    0.30740859
    0.02115906
    0.04309422
    0.03379544
    0.03251517
    0.03172037
    0.03248711
    0.32384012
    0.04800065
    0.05111416
    0.04580231
