           1           2  0.956923160381176     
           2           3  0.985535394843622     
           3           4   1.00863095320345     
           4           5  0.979049641588646     
           1           6  0.970129569071802     
           5           6  0.976071804579861     
           1           7  0.982868121481095     
           5           8  0.993811289354365     
           7           8   1.01013979613177     
           6           9  0.968179450796128     
           1          10  0.977502649800188     
           8          11   1.93465773937864     
           2          12  0.996921628373629     
          12          13   1.92795429771193     
           2          14  0.962859758191207     
          10          15   1.00007810868395     
          12          16   1.02452418472290     
           3          17  0.975998719696010     
           3          18  0.976785731242454     
           4          19  0.969707614873931     
           4          20  0.975599527545855     
           5          21  0.962033478094146     
           6          22  0.956162178826644     
           7          23  0.952621544412528     
           7          24  0.963465620578156     
           9          25  0.883646154162772     
          10          26  0.966937596478552     
          10          27  0.969748122989426     
          11          28  0.975215242709307     
          11          29  0.975038293974093     
          13          30  0.974109178730985     
          13          31  0.966725338107331     
          15          32  0.859559985786783     
          16          33  0.970355477186896     
          16          34  0.968479408005897     
          16          35  0.984070286916235     
