    0.00082282
   -0.03403895
   -0.06134398
   -0.06013747
   -0.03648741
    0.10878828
   -0.06857990
    0.00911118
   -0.48577081
    0.08578297
   -0.11321340
    0.01065468
   -0.11172089
    0.05495946
   -0.47472616
   -0.11112542
    0.04008980
    0.04010831
    0.04390058
    0.03985025
    0.04064926
    0.04078004
    0.04851159
    0.05644590
    0.31039694
    0.02713676
    0.02268708
    0.03321039
    0.03420447
    0.02846811
    0.03305181
    0.30569459
    0.05354072
    0.04476912
    0.04352928
