           1           2  0.956160168675188     
           2           3  0.989374380165468     
           3           4   1.00863073791667     
           4           5  0.978390915865242     
           1           6  0.959204214887729     
           5           6  0.972468201000516     
           1           7  0.981412212213790     
           5           8  0.994563164279762     
           7           8   1.00701837453733     
           6           9  0.985508901118871     
           1          10  0.987952446939856     
           8          11   1.93424637233804     
           2          12  0.997757432856407     
          12          13   1.92538065127400     
           2          14  0.958518801809035     
          10          15  0.987434695650426     
          12          16   1.02675046141619     
           3          17  0.973930797058300     
           3          18  0.975796661119275     
           4          19  0.972051761335568     
           4          20  0.976157508779267     
           5          21  0.963419671186649     
           6          22  0.954788865344854     
           7          23  0.957218037182636     
           7          24  0.962167821197035     
           9          25  0.882971790649887     
          10          26  0.966410241758792     
          10          27  0.967115544750563     
          11          28  0.975130039627286     
          11          29  0.974882531299528     
          13          30  0.975561176419248     
          13          31  0.975029142370893     
          15          32  0.893108013173952     
          16          33  0.967517466312608     
          16          34  0.961960621619750     
          16          35  0.982982413670185     
