$coord
-0.12790818053994 -1.49327520170324  -0.61796892403201  c
 0.97959137212971  0.97770597914626  -1.75469295762823  c
-0.87821573799748  3.19620829827222  -1.41684897569703  c
-2.23773919496782  3.22484722148059   1.12730899360670  c
-3.34741834735708  0.61004736691376   1.69873856106132  c
-1.15828833241694 -1.24434760893480   2.09647804332949  c
-2.63822539907263 -2.04438182519286  -2.00004984579734  c
-4.58618931704798 -0.48765431465439  -0.61695146203791  c
 0.63830142944428 -0.54417171751483   3.93373085542441  o
 1.72827609042735 -3.70840332998348  -0.82566495191054  c
-6.95939235353164 -0.14848790256956  -1.30644335009190  c
 3.67311069544929  1.63463383807628  -1.03099396005590  c
 5.54262302657827  1.01925149519780  -2.57891342140779  c
 1.07465084650940  0.59382083272660  -3.79094253635766  h
 3.85475133805803 -3.49180223891443   0.73802403982122  o
 4.19476898766957  3.11597885803188   1.32369884166614  c
 0.12903308102318  4.97345556995507  -1.69673833679116  h
-2.31231778263986  3.07607573923871  -2.89636428666200  h
-0.93792117705068  3.73889853135387   2.64215586179487  h
-3.75091237619037  4.62639108041013   1.07156913594606  h
-4.62596222766397  0.70847894455870   3.32000592178865  h
-1.94478526408383 -3.10517101467679   2.62722741582117  h
-2.55820144670630 -1.59162839048494  -4.00680387391483  h
-3.11244714471861 -4.04987963500276  -1.83936779754295  h
-0.21708111911047 -0.33993983012277   5.52685480294400  h
 2.42889664290841 -3.87716431477142  -2.76373713589876  h
 0.69989778382759 -5.46503733435237  -0.36065779827963  h
-7.70909006821157 -0.97760608595560  -3.00687391674595  h
-8.24614554919151  0.97502096253680  -0.20122123374357  h
 7.47916544608744  1.46894535351552  -2.14856714419062  h
 5.23632145721405 -0.00392287150343  -4.31134479055022  h
 3.34411638108800 -2.61394442751731   2.25724577157744  h
 3.43102414369132  2.15997042267338   2.96857696897237  h
 6.22032410963500  3.34477955307070   1.57572360257968  h
 3.34387367751458  4.98769663617646   1.20933339965594  h
$end