    0.00033563
   -0.03070471
   -0.06346874
   -0.05540082
   -0.03791685
    0.11199110
   -0.07221411
    0.00959743
   -0.49519564
    0.08501391
   -0.11291111
    0.01593697
   -0.12071085
    0.05746776
   -0.47444276
   -0.11861671
    0.04008311
    0.04075452
    0.03929169
    0.03702581
    0.03754628
    0.02581420
    0.05860014
    0.05054293
    0.32147182
    0.02081078
    0.03207024
    0.03597062
    0.03601368
    0.03235410
    0.03680437
    0.30642949
    0.05996987
    0.04800866
    0.04167721
