$coord
 0.02566295567189 -1.42994214705871  -0.07843682600664  c
 1.17213629705381  0.89899398652802  -1.45825465636165  c
-0.81852615431339  3.01344539852915  -1.70521385370603  c
-2.47229250224809  3.41739092394086   0.63073628941316  c
-3.41103108543660  0.88186061453620   1.65909332147620  c
-1.13691611329646 -0.72558009067295   2.50242730261073  c
-2.35452371677622 -2.28893291278817  -1.51562205500976  c
-4.46195893320970 -0.68324795552368  -0.47067874443165  c
 0.48347800498829  0.32173435357210   4.29833618537751  o
 1.91743596595046 -3.59044667474323   0.23676571188953  c
-6.81889251529056 -0.64606438449444  -1.28746693142246  c
 3.68411541217288  1.83452367510473  -0.44808699017817  c
 3.98092565462670  3.78702741499902   1.09884118679974  c
 1.58658915968242  0.22866599479368  -3.37549581705988  h
 2.75807946519860 -4.44353200230001  -2.15232112217747  o
 5.98621677091732  0.56999495900079  -1.53672184195233  c
 0.13704684392621  4.77414388953244  -2.19989822733687  h
-2.06958148974968  2.53811994492253  -3.27508926849985  h
-1.46300664728132  4.41086857188109   2.12955608797514  h
-4.09175149182733  4.58386796424738   0.10409527430377  h
-4.76669549961593  1.18947214771977   3.18270351394685  h
-1.85704656452567 -2.45426506435461   3.39775003183434  h
-2.15170435071903 -2.10381598725773  -3.55575681635580  h
-2.73346684916491 -4.27959075454643  -1.11816484925878  h
 1.46101735961214  1.64147738939893   3.49900088168134  h
 0.97132242382323 -5.13522105470000   1.25365877162406  h
 3.51292022939979 -2.95185603443175   1.40214017996082  h
-7.43082072586110 -1.79963511522774  -2.84878657338874  h
-8.23177962970988  0.53811534597165  -0.42665618009918  h
 5.84381797637249  4.38765362828129   1.66259170531184  h
 2.45785690327298  4.92477421807413   1.82019851323617  h
 3.74057562228316 -5.95513018504720  -1.91912699682245  h
 5.56143005189857 -1.31096280983388  -2.23095656369113  h
 6.65983572636832  1.68082577719824  -3.13791742674934  h
 7.50590219913485  0.47369876488563  -0.15592749751171  h
$end