           1           2  0.957101916933860     
           2           3  0.988911103354499     
           3           4   1.00866119217383     
           4           5  0.980701535334710     
           1           6  0.958464219118488     
           5           6  0.963396221734825     
           1           7  0.981944945288624     
           5           8  0.995410999545002     
           7           8   1.00533322147284     
           6           9  0.999626344654201     
           1          10  0.987537210066310     
           8          11   1.93609029146180     
           2          12  0.998815551704932     
          12          13   1.91067119293642     
           2          14  0.955530908779803     
          10          15  0.984065708236660     
          12          16   1.02178962320117     
           3          17  0.975256402714475     
           3          18  0.976276105520574     
           4          19  0.967161239376253     
           4          20  0.975747352547721     
           5          21  0.965187648168432     
           6          22  0.961195036557548     
           7          23  0.963608291284635     
           7          24  0.958632430194198     
           9          25  0.847867707807432     
          10          26  0.969360335294992     
          10          27  0.966662042726876     
          11          28  0.974765350773921     
          11          29  0.974759983993528     
          13          30  0.974691282518076     
          13          31  0.962830895595764     
          15          32  0.892592271459114     
          16          33  0.974709300308317     
          16          34  0.964870238170281     
          16          35  0.980648166365515     
