    0.01526175
   -0.06313830
   -0.05590339
   -0.06257356
   -0.02164173
    0.11247649
   -0.03164719
   -0.06154280
   -0.06142289
   -0.03587185
   -0.34015373
    0.14054643
    0.03262030
    0.02673678
    0.01695515
   -0.10458399
   -0.11292538
   -0.11157166
   -0.10568466
    0.03142154
    0.02845488
    0.03033313
    0.03143027
    0.03374538
    0.03086607
    0.04391632
    0.03090041
    0.02645766
    0.03693102
    0.02993530
    0.03453892
    0.04244943
    0.03399929
    0.03679989
    0.04976378
    0.04603880
    0.03983450
    0.03378055
    0.04680853
    0.03595332
    0.03684801
    0.03285723
