$coord
 1.82690995040389  2.69161667543585   0.11467216893783  c
 3.99741048640726  1.46625928168299   1.60690108181979  c
 5.71198012736220 -0.38959524246891   0.18366433463177  c
 4.45621173049825 -2.33996246273007  -1.55851248687712  c
 2.06369523286410 -3.66591616737205  -0.58533295813670  c
-0.00403691874277 -1.79195016826101   0.18420610739563  c
 0.12165353949860  0.74774031954062  -1.19693536064800  c
-0.01469873936966  4.04630564322484   1.92053568390302  c
-2.56804553597350  4.07961301067115   0.56357554820323  c
-2.62709499609752  1.69589823674332  -1.09167137785201  c
-2.44040077853113 -2.73465777630102  -0.38332690318083  o
-4.16382324327656 -0.66025926675419  -0.20471601217074  c
 0.67906865725571  0.42975168736399  -3.15317294878851  h
-3.29802748778679  2.19538848759018  -2.97802980253953  h
 0.09139406407688 -1.46994792012138   2.23329942648832  h
 2.65008770828290 -5.47527782844534   1.58379889817790  c
-6.35556715460549 -1.21920533762807  -2.00252128102476  c
-5.18003540955472 -0.47874255786496   2.50307731624145  c
 2.88167867106234  4.55496732474207  -1.82590664963943  c
 5.19389689574895  2.98157980254354   2.34512812849360  h
 3.21408989806375  0.49576950596159   3.24774518242010  h
 7.05067988240847  0.67757294242892  -0.97115110219756  h
 6.82502777326187 -1.38545137227612   1.60959705921873  h
 5.85950643334419 -3.80248275044259  -1.96015473585247  h
 4.02606305854052 -1.44059516382953  -3.36189684765058  h
 1.29345525222710 -4.77490275932483  -2.15555901029029  h
 0.62950244395112  5.94384597915247   2.39411411499740  h
-0.16969528371470  2.98068492897293   3.67950759960870  h
-4.13583903836106  4.18279349255711   1.88707477620901  h
-2.68246943250399  5.73931350304118  -0.65439326697678  h
 3.46404308828623 -4.46445920849239   3.17771128365663  h
 0.92326685871716 -6.39816054325777   2.20552249882851  h
 3.98333305648436 -6.91863011497513   0.97936955040793  h
-7.67910294578824  0.35126372139997  -2.02130847007891  h
-7.33289985085895 -2.92029009250683  -1.39635968386552  h
-5.63989378760524 -1.52959526105663  -3.90262727052293  h
-3.70817078671155  0.06544161029942   3.82587667964133  h
-6.72130321409104  0.87324083611788   2.61277537396110  h
-5.88943524467745 -2.32780722726205   3.05278494052046  h
 4.11689303369977  3.59144996341344  -3.15516604312200  h
 1.35738004475014  5.43507169301282  -2.88501931189939  h
 3.96526308841470  6.03305676893729  -0.89265877833612  h
$end