           1           2  0.987075483639481     
           2           3   1.00421819133931     
           3           4   1.00508254656793     
           4           5  0.994877409637673     
           5           6  0.979772138138378     
           1           7  0.975639826256054     
           6           7  0.975017613290199     
           1           8  0.981445382627664     
           8           9   1.00704366476338     
           7          10  0.981801559613320     
           9          10  0.996198395678339     
           6          11  0.969945400847133     
          10          12  0.957899790636673     
          11          12  0.956540575929639     
           7          13  0.964853792285100     
          10          14  0.974062511716763     
           6          15  0.951618214023808     
           5          16   1.00987546661036     
          12          17  0.996437605521402     
          12          18  0.991506810684031     
           1          19   1.00070634551281     
           2          20  0.974948673723022     
           2          21  0.970596808741318     
           3          22  0.978267770696579     
           3          23  0.978418876292191     
           4          24  0.975343331221839     
           4          25  0.973394957874501     
           5          26  0.965524661445509     
           8          27  0.978651241510095     
           8          28  0.974736414191867     
           9          29  0.974149880194175     
           9          30  0.980029616862027     
          16          31  0.985569162236381     
          16          32  0.986413660986371     
          16          33  0.986518701806276     
          17          34  0.985964728267453     
          17          35  0.984038870603773     
          17          36  0.984862503505832     
          18          37  0.981615053560493     
          18          38  0.983686293199356     
          18          39  0.983460629196103     
          19          40  0.984127367538174     
          19          41  0.985157771547781     
          19          42  0.985233071184167     
