   -0.00788591
   -0.03235302
   -0.06180056
   -0.06164564
   -0.02771036
    0.11400775
   -0.06765852
    0.01796584
   -0.48400307
    0.07893219
   -0.11288713
    0.00798654
   -0.11069465
    0.05063773
   -0.47854008
   -0.11058643
    0.04110525
    0.04016348
    0.04427586
    0.04100978
    0.04553535
    0.01799569
    0.05019365
    0.04731606
    0.30398474
    0.02534651
    0.04453470
    0.03352888
    0.03435543
    0.02879183
    0.03820018
    0.31009185
    0.04362939
    0.04333378
    0.05284290
