$coord
 0.17633465542073 -1.24862846505317   0.17294502003238  c
-1.79254077211488  0.57708038922038   1.36312082541633  c
-0.63920132174954  3.22305978358469   1.71297083854444  c
 0.91438205698118  4.15892373334355  -0.53792552884050  c
 2.69442645894507  2.07243020029429  -1.46109995973006  c
 1.11267061605792 -0.17194347935883  -2.36904717308733  c
 2.62588383830940 -1.22169944049832   1.75436304338310  c
 4.11562482564684  0.98601784577867   0.75050121129964  c
 2.70593200770499 -1.83189598654982  -3.72165555997109  o
-0.87929018770645 -3.93931036497332  -0.06044001547139  c
 6.27842251085125  1.83163082509318   1.65860748876304  c
-4.34628518372511  0.57474692988936   0.05197708658915  c
-6.07612901929203 -1.10373652459541   0.73822076068883  c
-2.16341300875469 -0.17960798799265   3.25714633065493  h
-1.63120444473996 -4.98176362009660   2.26714991766371  o
-4.97267480428401  2.51714414933612  -1.91897224639415  c
-2.13970923231255  4.56920228242375   2.14878629780809  h
 0.60741483517975  3.16983652636176   3.35614026622837  h
-0.30000303641005  4.75103531219118  -2.09258507371844  h
 2.02623207761049  5.79441999971567   0.05085398588108  h
 3.94711341736624  2.76548682216894  -2.94350573133686  h
-0.45513462625320  0.41552682081981  -3.58595109943872  h
 3.69601227030104 -2.95787192747440   1.41715961983794  h
 2.27567959261756 -1.06188254080054   3.78034109852760  h
 1.70377276764899 -3.16192645405404  -4.45028631678660  h
 0.55851283849846 -5.15764489922833  -0.94148462529066  h
-2.57238385412800 -3.94846073351218  -1.24359706225215  h
 7.17532470397305  0.97526138124235   3.27290733005518  h
 7.24662739490380  3.40981570354366   0.81633030899622  h
-7.91488343667904 -1.16562128085417  -0.13489013067971  h
-5.71574304866691 -2.50479502210949   2.16766790381555  h
-0.19166343590569 -4.98750282246352   3.38287052372017  h
-3.77452978232200  2.34206865263682  -3.58117892246457  h
-6.92524727181672  2.29052931827005  -2.51940627906481  h
-4.74913369534202  4.42175282839075  -1.17645616127681  h
$end