           1           2  0.955953369553260     
           2           3  0.991317391351539     
           3           4   1.00843129528880     
           4           5  0.978549225397810     
           1           6  0.960368236608521     
           5           6  0.977918648037086     
           1           7  0.981283520102253     
           5           8  0.995205935262008     
           7           8   1.00519403990860     
           6           9  0.976592847336607     
           1          10  0.980487739212786     
           8          11   1.93755747540565     
           2          12  0.995863864299712     
          12          13   1.92795681344289     
           2          14  0.958658893599195     
          10          15  0.992487661744074     
          12          16   1.02603158995178     
           3          17  0.973255846640335     
           3          18  0.975576656642830     
           4          19  0.972117726284326     
           4          20  0.976202377326772     
           5          21  0.962846054028772     
           6          22  0.956304120008210     
           7          23  0.958426618419998     
           7          24  0.964524364596074     
           9          25  0.890508703483293     
          10          26  0.965037946783220     
          10          27  0.968585179888284     
          11          28  0.975162251545133     
          11          29  0.974929444370970     
          13          30  0.975322765643599     
          13          31  0.974249610221951     
          15          32  0.886631297378775     
          16          33  0.962667207292593     
          16          34  0.982936910009581     
          16          35  0.967330214673084     
