$coord
-0.11941618086688 -1.48588542315429  -0.67723877705589  c
 1.01378337253179  0.98406475959287  -1.80627629067736  c
-0.89594419476175  3.16860751935450  -1.55981912232184  c
-2.28589046449762  3.27169781349420   0.96947671716711  c
-3.28456227394854  0.64961911372705   1.68250038842891  c
-1.03156203648463 -1.13367631580437   2.06508945220145  c
-2.65306581423347 -2.02980143993736  -2.01115340899229  c
-4.58790878697535 -0.52640848109711  -0.55278470142286  c
 0.74845198132878 -0.23505396319413   3.80841561761203  o
 1.70425846430187 -3.74170199391818  -0.91000853190615  c
-6.99812277084128 -0.27880977114112  -1.14544803532365  c
 3.66451438062644  1.65655803656039  -0.93059756027003  c
 5.65093197478001  0.69047784226645  -2.11328879674183  c
 1.20752649663608  0.58906573717588  -3.83496093856834  h
 3.56959919307252 -3.82619792779142   1.00084748458731  o
 4.05850966461840  3.58420304853753   1.11405517643812  c
 0.06602531684190  4.95820773399898  -1.90529195318796  h
-2.31214065029533  2.95430383768911  -3.04633415989127  h
-1.05275861236475  3.92731050108659   2.47988248291811  h
-3.86617508794391  4.58891788976594   0.81230774007776  h
-4.48428475310856  0.77374307026864   3.35401529773516  h
-1.75942841930245 -2.97729914881484   2.74187483010265  h
-2.61885101164007 -1.53346840403912  -4.01022402025429  h
-3.11445862022915 -4.04092903470385  -1.88714104077841  h
 2.39343549299184 -0.80674080363265   3.24748498773064  h
 2.72632403363207 -3.64385840871457  -2.69962311413837  h
 0.61187391949484 -5.50517006337355  -0.89859604648874  h
-7.79101913757778 -1.15101485479471  -2.80500906949610  h
-8.27438526095287  0.80864358039570   0.00607159479890  h
 7.55199937756231  1.14212269068575  -1.54587244406135  h
 5.48715953059204 -0.59926276624516  -3.67792642702015  h
 2.85925727939852 -4.60830014545116   2.48380158347305  h
 2.90188123796136  3.21745410643120   2.76597748256542  h
 6.03302268583690  3.60641578061100   1.68215250307729  h
 3.58315331398963  5.46163744266444   0.41129764682124  h
$end