   -0.00944729
   -0.03415124
   -0.06252814
   -0.05528657
   -0.03756231
    0.11651370
   -0.07462887
    0.00915519
   -0.49627132
    0.07933082
   -0.11305327
    0.01222644
   -0.11751607
    0.04794316
   -0.47767361
   -0.11906820
    0.04063437
    0.04203579
    0.03854909
    0.03703512
    0.03535957
    0.02671610
    0.05250138
    0.06043300
    0.32005198
    0.03048941
    0.04891641
    0.03549453
    0.03510467
    0.03490851
    0.03958085
    0.30617415
    0.04655216
    0.04923678
    0.05224368
