$coord
 0.19011886777858 -1.30273553312872  -0.46824546715754  c
 1.18466261667971  1.24239200021869  -1.70914081093051  c
-0.93022571513658  3.30467309165000  -1.65897526665192  c
-2.48144886267717  3.42247854714607   0.81449967994135  c
-3.26608829717091  0.74739110382028   1.69859273290498  c
-0.88175231960181 -0.87088264545799   2.24254697516343  c
-2.28262429539819 -2.10877143148505  -1.86021368357131  c
-4.42473386112920 -0.73344961500823  -0.48081031533646  c
 0.81574175948226  0.04072186255502   4.12145771188299  o
 2.22013575062698 -3.40169437092946  -0.53545997380524  c
-6.88108067114265 -0.83792037577533  -1.06861464475875  c
 3.76832839306436  2.22707688248356  -0.80298702353667  c
 4.07320412697851  4.06596179267689   0.93033791397775  c
 1.48268036641123  0.75794083944872  -3.71920550314063  h
 1.32995911817065 -5.81401733105002   0.31875399835298  o
 6.06567792144578  1.23025699959444  -2.20806045912181  c
-0.09182450107709  5.16172215588745  -2.07482793518520  h
-2.24494341430336  2.91152276866730  -3.22355326149176  h
-1.41792940562442  4.35138138187964   2.34602559116947  h
-4.18320682290895  4.58091309551250   0.49825061797150  h
-4.53373170415136  0.87381670523138   3.34404660842240  h
-1.54392401996930 -2.71427358383749   2.96811879670699  h
-2.22837582772621 -1.66973819659175  -3.89528814958818  h
-2.52737800348552 -4.16881043074927  -1.68808761408159  h
 2.03742561537798  1.19535009493303   3.35041584119980  h
 3.88162699524252 -2.81357271712806   0.58077364334623  h
 2.84900446424928 -3.69994804090043  -2.49853508958889  h
-7.56964877972756 -1.93469252806223  -2.67875823803756  h
-8.30203434889250  0.17167945705176   0.03953818671201  h
 5.95518877955319  4.75091236397792   1.42868721016069  h
 2.50147119125598  5.02552676721724   1.85884278641434  h
 1.25436328467076 -5.78100648896153   2.16335582237259  h
 7.83345506409285  1.95918405784961  -1.39476356535928  h
 6.17303946999328 -0.84319815664023  -2.23502524493642  h
 5.97538296966221  1.84076516563770  -4.20193983843889  h
$end
