           1           2  0.957928868929749     
           2           3  0.987341079743633     
           3           4   1.00884363901011     
           4           5  0.981226050101834     
           1           6  0.960596423449799     
           5           6  0.963121485641271     
           1           7  0.982801046889913     
           5           8  0.994660554119556     
           7           8   1.00655180802627     
           6           9  0.997526898839330     
           1          10  0.975778751647917     
           8          11   1.93545425738578     
           2          12  0.996643533347275     
          12          13   1.91415455522317     
           2          14  0.958784357041989     
          10          15  0.992234458641807     
          12          16   1.02455124881800     
           3          17  0.975414345819175     
           3          18  0.976234845032711     
           4          19  0.967013024963324     
           4          20  0.975534076304034     
           5          21  0.965493264785417     
           6          22  0.956207918524117     
           7          23  0.963915875415626     
           7          24  0.954796758689603     
           9          25  0.850784114195089     
          10          26  0.968570865261211     
          10          27  0.969180413722515     
          11          28  0.974801441229507     
          11          29  0.974830285710071     
          13          30  0.973711879453394     
          13          31  0.961219049858155     
          15          32  0.886957874447291     
          16          33  0.983518548190903     
          16          34  0.971374382058795     
          16          35  0.965271780013408     
