   -0.00012431
   -0.02752679
   -0.05924586
   -0.05742410
   -0.02837927
    0.11702122
   -0.07123766
    0.00984065
   -0.46859962
    0.08437020
   -0.11275456
    0.01412089
   -0.11614659
    0.05081904
   -0.47372238
   -0.11711366
    0.03948388
    0.03689575
    0.05495920
    0.03543950
    0.04029706
    0.00469586
    0.05908020
    0.04972391
    0.30688195
    0.01827592
    0.02335696
    0.03646423
    0.03724151
    0.02416568
    0.02946767
    0.30648810
    0.06874559
    0.03679304
    0.04764676
