$coord
 0.06251039544601 -1.46908464976357  -0.05055799051914  c
 1.22612077469946  0.78252176444959  -1.53714735026119  c
-0.75975471031900  2.87703350711643  -1.88470121065352  c
-2.35231136753594  3.40487718588397   0.46537328655593  c
-3.34902848642358  0.92862056942668   1.58893184767994  c
-1.10969713351129 -0.66596326938155   2.49500188193734  c
-2.32924631115426 -2.37886714000053  -1.44325050890423  c
-4.42140998067104 -0.70920891571432  -0.47424292267284  c
 0.43787120614402  0.63366486772067   4.21081975465034  o
 1.95620155219713 -3.63036647377096   0.26920507294642  c
-6.77616270409674 -0.67487901632769  -1.29693776670967  c
 3.75617920976483  1.71909370614847  -0.56115973328485  c
 5.85841807770758  0.57961997817641  -1.31497157279122  c
 1.63002994178052 -0.00150943442744  -3.41216607441172  h
 2.60399013584755 -4.60206418964380  -2.12545947448482  o
 3.89958225674019  3.98678727364100   1.13054535689951  c
 0.17121914544522  4.60750411003711  -2.50787963548113  h
-2.03954183048342  2.30780787376268  -3.40025843407320  h
-1.25834679758206  4.37749349705948   1.90982620721784  h
-3.94588854413487  4.60685889347617  -0.05812439213143  h
-4.69376697185273  1.32373562253956   3.10086540031159  h
-1.84934536931577 -2.38490063848766   3.42453288720722  h
-2.12030092542987 -2.29518609685067  -3.48843642881512  h
-2.71857833045862 -4.34685628239282  -0.95149375435594  h
 1.89231037072090 -0.39451257970024   4.57687391419123  h
 1.08448989115270 -5.12114651738088   1.43463270109232  h
 3.65424921710376 -2.94531567530400   1.25455545120593  h
-7.39922295282240 -1.88127478173058  -2.81319925647432  h
-8.17434155417084  0.56210409689297  -0.48798922665821  h
 7.69724464049169  1.18719264082552  -0.68302263478500  h
 5.82833152450956 -1.00203067990898  -2.59550554824727  h
 3.82975058966365 -5.92810017730766  -1.91255106227759  h
 2.74102109076753  3.73712262267706   2.80540039454908  h
 5.84513520940133  4.31265470863819   1.70880318722551  h
 3.24022514958467  5.66644846591840   0.14113105854548  h
$end