           1           2  0.956563125564326     
           2           3  0.991079501294806     
           3           4   1.00937955244452     
           4           5  0.978781939102049     
           1           6  0.958979211623712     
           5           6  0.975286497841833     
           1           7  0.980136496918341     
           5           8  0.994839523404877     
           7           8   1.00588486372625     
           6           9  0.985597734846913     
           1          10  0.987469268315870     
           8          11   1.93599179013344     
           2          12  0.996743308857060     
          12          13   1.92192267593631     
           2          14  0.957639972954929     
          10          15  0.987784026897708     
          12          16   1.02892526409208     
           3          17  0.973130582677933     
           3          18  0.975629776922698     
           4          19  0.969801515743501     
           4          20  0.976477325195650     
           5          21  0.964967637357896     
           6          22  0.958597641770605     
           7          23  0.963520300990752     
           7          24  0.958918605612222     
           9          25  0.887633464627446     
          10          26  0.968077544470511     
          10          27  0.964963051853423     
          11          28  0.974726115360003     
          11          29  0.974640595019125     
          13          30  0.975804400666180     
          13          31  0.974736714554544     
          15          32  0.892529449528640     
          16          33  0.959610458691001     
          16          34  0.983669917809444     
          16          35  0.964841397661551     
