    0.00051953
   -0.03472150
   -0.06123330
   -0.05705292
   -0.03420442
    0.11568676
   -0.07239309
    0.01626319
   -0.48820632
    0.08196709
   -0.11343246
    0.01614256
   -0.11124719
    0.04409904
   -0.47968820
   -0.11092106
    0.04174782
    0.04127922
    0.03645247
    0.04118661
    0.03320816
    0.02897138
    0.05535522
    0.04856987
    0.30546227
    0.04472112
    0.02536744
    0.03412692
    0.03427362
    0.03042767
    0.02435918
    0.31686896
    0.04228986
    0.04675347
    0.05700101
