$coord
 0.20334843230259 -1.07178942831249   0.82131471600925  c
-1.71849653039406  1.05239729616265   1.41677973084056  c
-0.63367497303113  3.70039665374239   0.83077711555904  c
 1.09044147700428  3.86321349442023  -1.48284395733235  c
 2.89462577245267  1.60070452340064  -1.56344773474370  c
 1.28892705080103 -0.78056002993217  -1.86240818808540  c
 2.58897355248044 -0.64529328155998   2.43900886636041  c
 4.13286870145254  1.24045313226716   0.97573417408935  c
 2.71643867482499 -2.96832286827171  -2.47312745090251  o
-0.97476835056239 -3.70347115575645   1.25572997929873  c
 6.21372568659335  2.37649310428117   1.75165437344966  c
-4.34330290299158  0.66224812451068   0.34855894562516  c
-6.25778474399395  0.26853106414028   1.91496452146337  c
-1.97235965448799  0.98061344014227   3.47327023318504  h
-2.14955077592968 -4.70652136974423  -0.90033043769360  o
-4.79889777582209  0.75311992157676  -2.44384193314490  c
-2.19812117291910  5.03012836272714   0.62579312283822  h
 0.47016993850696  4.30398430218930   2.46608025834621  h
-0.00327463667191  3.90989234188746  -3.23217166879587  h
 2.17652902973982  5.61495368184503  -1.38107332867695  h
 4.26768120180507  1.83619277532710  -3.09287421566733  h
-0.17603663559520 -0.51777258312597  -3.30052103394372  h
 3.65054158540603 -2.40982680279337   2.59080272327707  h
 2.15479940067012 -0.00311094160294   4.34683598314376  h
 3.90199075633976 -2.54165787600167  -3.78468484624321  h
-2.44425997476790 -3.58789080050540   2.70060816298304  h
 0.49851701203458 -5.00668838883957   1.91935283534609  h
 6.98520007828742  2.04906428911995   3.60575155567290  h
 7.22961773307690  3.68156115667444   0.56543538264083  h
-8.15926423236045  0.01072687255903   1.23755260373144  h
-6.01626931131274  0.16859248754693   3.93425727850987  h
-0.82893861329480 -4.97257834075729  -2.13281480805081  h
-6.80155233280541  1.01953849829797  -2.82170622580186  h
-3.75705455150416  2.28096910762984  -3.33777637280277  h
-4.23449698459782 -1.03692996870605  -3.28850950118713  h
$end