           1           2  0.962831068776739     
           2           3  0.980534931451501     
           3           4   1.00853127118220     
           4           5  0.978290242369474     
           1           6  0.968334745255654     
           5           6  0.977507687711726     
           1           7  0.981784511730555     
           5           8  0.994375996314375     
           7           8   1.00884491198675     
           6           9  0.970454329726205     
           1          10  0.972920395053609     
           8          11   1.93529276288872     
           2          12  0.998985488920904     
          12          13   1.92604526464541     
           2          14  0.961133454185877     
          10          15  0.999882971793342     
          12          16   1.02654048704675     
           3          17  0.975896672261134     
           3          18  0.977372621708135     
           4          19  0.970382265862332     
           4          20  0.975715581644536     
           5          21  0.961125788802929     
           6          22  0.954445937867464     
           7          23  0.954953243171761     
           7          24  0.965730897299782     
           9          25  0.887517261726050     
          10          26  0.971088793018346     
          10          27  0.968048917543922     
          11          28  0.975147438251010     
          11          29  0.974874575608104     
          13          30  0.975751064142085     
          13          31  0.975185533970001     
          15          32  0.876483885941848     
          16          33  0.981844081570585     
          16          34  0.971465209799897     
          16          35  0.960100602394574     
