   -0.01005638
   -0.02946236
   -0.06296927
   -0.05535300
   -0.03821717
    0.11407465
   -0.07265881
    0.00941377
   -0.49116935
    0.08062938
   -0.11255232
    0.01589757
   -0.12027585
    0.05211827
   -0.47529903
   -0.12044321
    0.03963034
    0.03927338
    0.03946507
    0.03656093
    0.03751104
    0.02553698
    0.05220431
    0.04539738
    0.32198885
    0.01941432
    0.05305433
    0.03612697
    0.03673741
    0.03190625
    0.03647878
    0.30968872
    0.06690829
    0.04791424
    0.04052549
