           1           2  0.958580845024756     
           2           3  0.988630984067220     
           3           4   1.00869540772153     
           4           5  0.980395568917917     
           1           6  0.957430647795290     
           5           6  0.961551113716986     
           1           7  0.981848496623375     
           5           8  0.996556705067028     
           7           8   1.00276936155971     
           6           9   1.00388848882083     
           1          10  0.979480515951499     
           8          11   1.93755362998614     
           2          12  0.997037889442855     
          12          13   1.91081417071603     
           2          14  0.957048463089670     
          10          15  0.992164196102036     
          12          16   1.02513440389288     
           3          17  0.975358720713786     
           3          18  0.976354575493777     
           4          19  0.967014072558363     
           4          20  0.975711394218016     
           5          21  0.965004168093356     
           6          22  0.960450522575276     
           7          23  0.964655418881866     
           7          24  0.958974403039702     
           9          25  0.848478788755187     
          10          26  0.966713660919191     
          10          27  0.967818733541816     
          11          28  0.974682181495508     
          11          29  0.974622333832820     
          13          30  0.974335505314059     
          13          31  0.962427618510985     
          15          32  0.886625670436116     
          16          33  0.969279464123570     
          16          34  0.963375029290116     
          16          35  0.982863755339776     
