    0.00138346
   -0.03412847
   -0.06128727
   -0.06012249
   -0.03603260
    0.10792406
   -0.06854509
    0.00910543
   -0.48787317
    0.08491062
   -0.11311292
    0.01057651
   -0.11137275
    0.05479909
   -0.47631325
   -0.11119056
    0.04027352
    0.04026762
    0.04408552
    0.04015323
    0.04100246
    0.04167612
    0.04883297
    0.05649409
    0.30979281
    0.02847034
    0.02367392
    0.03340386
    0.03437199
    0.02853974
    0.03272239
    0.30530612
    0.05377333
    0.04476432
    0.04367505
