$coord
 0.16540614473253 -1.26792530440908   0.17407305410702  c
-1.86815863049634  0.57519812653254   1.35542169576546  c
-0.74329390182189  3.27658529459316   1.71451181079712  c
 0.91981186079710  4.20775802729530  -0.49889992757928  c
 2.74027242151410  2.10890841393000  -1.43957342744177  c
 1.17820521516912 -0.17294165746575  -2.37331333143839  c
 2.60340777348221 -1.18929529428766   1.85702653483583  c
 4.19960609639775  0.96353931851927   0.76741442224842  c
 2.66601175907092 -1.93026587516182  -3.81030293594193  o
-0.86354075171425 -3.96025600787594  -0.11043908310425  c
 6.48746281660015  1.68870920974861   1.56484354792172  c
-4.46780601492995  0.58251693250001   0.06537223812176  c
-6.34421139635238 -0.83852727015059   1.02217639796200  c
-2.21266547891765 -0.17916286332407   3.26274304608262  h
-1.51797905643919 -4.90270154412239   2.35022980372928  o
-4.99634510635979  2.28328515259238  -2.18748887951972  c
-2.27618282827784  4.63724095096780   2.08073895650713  h
 0.41635653567351  3.26913198045693   3.44355559069312  h
-0.24709029147568  4.84255809468068  -2.10317740958603  h
 2.03086004363794  5.85724694833395   0.11973839607138  h
 3.98384898638876  2.86510743116533  -2.92770060005496  h
-0.34228963370179  0.38093102844959  -3.66961240598402  h
 3.63513627104531 -2.99728310171527   1.73484965009561  h
 2.16851562672371 -0.90798423974938   3.87161221382359  h
 4.25158842067204 -2.25050450996698  -2.90773087037324  h
 0.60208932557194 -5.15466941437299  -0.99211072394198  h
-2.52190198733790 -3.95916518038354  -1.38041064769022  h
 7.41924538680182  0.78912758473418   3.17452500516842  h
 7.51572161760165  3.22361254214251   0.64102255508731  h
-8.23183994469453 -0.84276534283144   0.18378250491896  h
-6.05834062558792 -2.05796448820147   2.66135014509749  h
-2.16646883478012 -6.62032424906842   2.14136461008520  h
-4.62508116612827  4.28322790364923  -1.73898746161298  h
-3.82521311585721  1.81826836242585  -3.84222526768343  h
-6.98550751112418  2.12963717502703  -2.76976579726118  h
$end
