           1           2  0.956191493922038     
           2           3  0.988894256914819     
           3           4   1.00870312731184     
           4           5  0.978055961511717     
           1           6  0.959934290717069     
           5           6  0.973494616270366     
           1           7  0.981384982454028     
           5           8  0.994555259311661     
           7           8   1.00695723510669     
           6           9  0.982671452953224     
           1          10  0.988256991144788     
           8          11   1.93429357807278     
           2          12  0.997570493469090     
          12          13   1.92562151782379     
           2          14  0.958783827403465     
          10          15  0.985709279974342     
          12          16   1.02676667425077     
           3          17  0.974022387204337     
           3          18  0.975900703499624     
           4          19  0.972035161819009     
           4          20  0.976150488547321     
           5          21  0.963353115709054     
           6          22  0.954965033591832     
           7          23  0.957324910951872     
           7          24  0.962148368995309     
           9          25  0.883651254580211     
          10          26  0.967075384973530     
          10          27  0.967635342871665     
          11          28  0.975123253748514     
          11          29  0.974887593302016     
          13          30  0.975553892285954     
          13          31  0.975143926042317     
          15          32  0.893609166934872     
          16          33  0.967587321099191     
          16          34  0.961906284828394     
          16          35  0.982955099910033     
