    0.00167428
   -0.03385226
   -0.06214848
   -0.05863894
   -0.03414707
    0.11172860
   -0.06790447
    0.01584660
   -0.48765863
    0.08123230
   -0.11335223
    0.00949690
   -0.11022539
    0.04397202
   -0.48286737
   -0.11500661
    0.04159322
    0.04280837
    0.03713196
    0.04230884
    0.03432579
    0.02047390
    0.06067297
    0.05073258
    0.30866702
    0.05699035
    0.02109672
    0.03396244
    0.03298895
    0.03160445
    0.03286301
    0.31091166
    0.04662882
    0.04504570
    0.05104401
