$coord
 0.15501867043852 -1.19673134689948   0.19706202524313  c
-1.83478155675585  0.78457598156949   1.22707554289653  c
-0.63447987133762  3.47390801593897   1.44029857254357  c
 1.09762774400436  4.22832627188752  -0.78587429387372  c
 2.84698861594844  2.01062886780319  -1.56209506900448  c
 1.19663652863075 -0.25321277519090  -2.38357930059938  c
 2.58339675423256 -1.11522808613016   1.88479345769641  c
 4.23022574157557  0.96061957015145   0.73699891049016  c
 2.69039837602733 -2.23629639030118  -3.48249141586167  o
-0.94680177533736 -3.89032140960219   0.03546977873009  c
 6.48376558188116  1.72963676032096   1.58435508805729  c
-4.40231126638534  0.76298488745757  -0.12892587385730  c
-4.91224794057152  1.99821931740668  -2.28820688151782  c
-2.23263013713810  0.20628056444094   3.19339504985951  h
-1.42412608899885 -5.02379288546916   2.45671422311105  o
-6.50126391610645 -0.66300957539230   1.21589160993935  c
-2.14584019142332  4.88181862701313   1.68390670651681  h
 0.49661560303152  3.53511640761578   3.18714297737902  h
-0.01678984124666  4.82466075529957  -2.44221684190522  h
 2.25380861481574  5.86955490681259  -0.23235831649046  h
 4.14510787375157  2.63317278411335  -3.06993606755068  h
-0.31983934611360  0.30798726623952  -3.69886846764893  h
 3.57256481930467 -2.94499875750311   1.79911544279354  h
 2.14875933183387 -0.76567476127700   3.88916992803883  h
 3.60150484354306 -1.51714783908933  -4.92285878213688  h
 0.44118454677137 -5.13304407852517  -0.87588154502753  h
-2.66279366440739 -3.90023219849828  -1.15888606104901  h
 7.35285055138881  0.91332401766713   3.27137203568001  h
 7.55453462433058  3.20944729913161   0.61962248597384  h
-6.80389527072400  1.94862430159835  -3.11448597267170  h
-3.52175105181685  3.12245368358228  -3.30797810048434  h
-2.67337799967696 -4.00502418434298   3.35750787247134  h
-6.79871045157979  0.10875277936832   3.13108823133999  h
-8.30029094424243 -0.53731576136410   0.18381337891603  h
-6.05976005018697 -2.68604442336727   1.45142632438223  h
$end
