           1           2  0.958688851225974     
           2           3  0.984668620273997     
           3           4   1.00869256045119     
           4           5  0.979326668813068     
           1           6  0.968381959828744     
           5           6  0.974607126835532     
           1           7  0.981526982372788     
           5           8  0.994027687175142     
           7           8   1.00894472761898     
           6           9  0.976167391949945     
           1          10  0.979430721171385     
           8          11   1.93563301245492     
           2          12  0.996972842619722     
          12          13   1.92941724025367     
           2          14  0.958975945005295     
          10          15  0.993729155729433     
          12          16   1.02356324384653     
           3          17  0.976267754030981     
           3          18  0.976883480374744     
           4          19  0.969601233197040     
           4          20  0.975525670152969     
           5          21  0.962163582778207     
           6          22  0.956013599134211     
           7          23  0.956320237721323     
           7          24  0.964571160531228     
           9          25  0.886701002818837     
          10          26  0.967898050765446     
          10          27  0.965420667202755     
          11          28  0.975168874320749     
          11          29  0.974991846520577     
          13          30  0.974161293309098     
          13          31  0.966751614815754     
          15          32  0.877971471405728     
          16          33  0.971937691478476     
          16          34  0.983613911371182     
          16          35  0.964149874392748     
