    0.00154824
   -0.03452806
   -0.06146109
   -0.05730696
   -0.03406290
    0.11525063
   -0.07268365
    0.01648207
   -0.48951134
    0.08083115
   -0.11335350
    0.01619900
   -0.11012515
    0.04447480
   -0.48104471
   -0.11030862
    0.04199021
    0.04136475
    0.03698968
    0.04128901
    0.03377901
    0.02865461
    0.05513042
    0.04940470
    0.30480635
    0.04582402
    0.02796113
    0.03422976
    0.03438278
    0.03035074
    0.02429001
    0.31471538
    0.04260324
    0.04773404
    0.05410028
