           1           2  0.961410152301841     
           2           3  0.981578733891617     
           3           4   1.00847441998226     
           4           5  0.977970350172713     
           1           6  0.968870967154215     
           5           6  0.977075693947782     
           1           7  0.981370735759739     
           5           8  0.994759113512914     
           7           8   1.00868066676481     
           6           9  0.969374320441979     
           1          10  0.975067855933684     
           8          11   1.93534632767197     
           2          12  0.999048113059089     
          12          13   1.92672443592240     
           2          14  0.961140510089576     
          10          15  0.996264153174895     
          12          16   1.02599170761955     
           3          17  0.975766716823663     
           3          18  0.977445540394512     
           4          19  0.970191302301041     
           4          20  0.975775996471085     
           5          21  0.961439100145002     
           6          22  0.954830200715860     
           7          23  0.955427606939605     
           7          24  0.965383988187573     
           9          25  0.888721073738667     
          10          26  0.971320301260446     
          10          27  0.968606564650289     
          11          28  0.975169755348573     
          11          29  0.974908774051827     
          13          30  0.975782098520915     
          13          31  0.975160640494293     
          15          32  0.880098190201629     
          16          33  0.981754601615691     
          16          34  0.971710147016758     
          16          35  0.960976178411621     
