$coord
          2.706882584116          2.488327753743          4.056002205752     c 
          4.898115455498          2.727923552323          2.168747362261     c 
          4.219694683600          1.841331939524         -0.557861032249     c 
          3.095065895508         -0.958466220926         -0.500121804188     c 
          0.646255366121         -0.819604089548          1.206350952408     c 
          1.440400521376         -0.125700102631          3.959634617129     c 
          2.334824628338         -1.827173038562         -3.193314137887     c 
          0.928179757203         -4.361006834443         -3.139091977245     c 
         -1.596477127902         -4.176833501674         -1.698778915795     c 
         -1.291661394323         -3.152244465101          1.097672502960     c 
         -0.982895751030          1.309451199033          0.245403149020     c 
         -3.835741780922         -1.751037731463          1.747676950430     c 
         -3.514590600125          0.865171859819          0.699268683038     c 
         -5.329773478165          2.608063834428         -0.097440933698     c 
         -4.463335952674          4.783804094318         -1.324714541034     c 
         -1.926712749894          5.166049574216         -1.810058023291     c 
         -0.117831316478          3.405497230565         -1.060618424356     c 
          2.443088316766          3.672585966955         -1.649614393873     o 
         -7.877946596563          2.136464330323          0.313212487615     o 
          6.619263827785          1.960928681266         -2.186114138779     c 
          5.061802241094         -2.817163438565          0.570736613651     c 
         -3.041983372634         -6.678421876428         -1.839469527104     c 
         -0.715784861571         -5.247764093249          3.005790814960     c 
          3.374300780620          2.886307525966          5.981939917436     h 
          1.296573791747          3.954337890120          3.660377145068     h 
          6.553029418355          1.692772860663          2.849897886757     h 
          5.505779662195          4.704102024732          2.045918424185     h 
         -0.235420893361         -0.148732607278          5.175360050796     h 
          2.704999261881         -1.569961202211          4.725479222206     h 
          1.140788326589         -0.371327373160         -4.051182004129     h 
          4.015718853460         -1.958958994557         -4.394114711593     h 
          0.595654660414         -5.056488462660         -5.065396209592     h 
          2.099976034881         -5.813864290185         -2.248453550340     h 
         -2.730596355361         -2.737096311720         -2.690237834684     h 
         -4.159884509202         -1.687124550651          3.788063238382     h 
         -5.469912689362         -2.682612133772          0.892937827097     h 
         -5.827246407368          6.160267968257         -1.940023641051     h 
         -1.301825792355          6.822437911274         -2.808776079128     h 
         -8.884697739838          3.542966982005         -0.359996799572     h 
          7.359510781140          3.880221113825         -2.201171990471     h 
          8.094067148887          0.717968786315         -1.471365387482     h 
          6.208843107892          1.451729889920         -4.134424607940     h 
          5.849250663765         -2.171914717749          2.355662846687     h 
          4.243926148308         -4.671684467114          0.900852759421     h 
          6.626837124491         -3.070152890720         -0.741641654455     h 
         -4.849743943449         -6.578873140906         -0.855996640533     h 
         -3.421347323004         -7.217906760000         -3.792820024818     h 
         -1.949550516203         -8.204211882408         -0.990713136098     h 
         -2.255515989285         -6.611824194396          3.080583736145     h 
          1.000415529390         -6.266164023549          2.511860852437     h 
         -0.488183627157         -4.496171905974          4.907384518741     h 
$end
