   -0.05593792
   -0.07050826
    0.13412002
    0.00230100
    0.00862597
   -0.06606935
   -0.05671523
   -0.05790642
   -0.02307440
    0.01122505
   -0.04556181
   -0.06418104
   -0.02097496
    0.11816731
   -0.07586385
   -0.06491805
    0.13365734
   -0.43571573
   -0.40763691
   -0.45782900
   -0.11496708
   -0.12223460
   -0.10495624
   -0.10454713
    0.02611711
    0.03198536
    0.03864714
    0.06302119
    0.04039196
    0.03711202
    0.04214657
    0.01471078
    0.02768518
    0.02997684
    0.03747349
    0.04347555
    0.04759056
    0.02450513
    0.04922998
    0.33585284
    0.29315762
    0.29752269
    0.03007828
    0.04596734
    0.04572341
    0.03620086
    0.05937418
    0.03232283
    0.03718896
    0.03117746
    0.03265831
    0.03355728
    0.03701312
    0.03963722
