$coord
 3.24004803009027  1.81647253551029   4.36128515904519  c
 3.99511733871395  3.28819077374272   2.01935250602919  c
 4.95888821058175  1.50207277235845  -0.05599457327817  c
 3.20539234777776 -0.92553889816965  -0.28482958385370  c
 0.57289005797541 -0.62587868699157   1.02444820802774  c
 0.93480474749410  0.14476616274349   3.83919890905305  c
 2.71318359719642 -1.58223650228607  -3.07653993893410  c
 1.11739967647386 -3.96624055530022  -3.38385880456344  c
-1.39854685968614 -3.80403329283833  -1.96978349574095  c
-1.05703698046971 -3.14490005246620   0.86847237491222  c
-1.44320773457544  1.25364882977492  -0.02795577493080  c
-3.60306616678739 -2.21115626543805   1.91022235466291  c
-3.79507570981241  0.37535609602029   0.83015118988930  c
-6.05867778478345  1.64147453062125   0.54192398901100  c
-6.04041884806967  3.94525423715182  -0.70971468031379  c
-3.79349556882534  4.79620706735753  -1.68648810002618  c
-1.49557294917891  3.50005368419960  -1.41928325475143  c
 0.39033823194781  4.66403973495966  -2.69550938256394  o
-8.22441123889225  0.56141932288401   1.47229367892386  o
 4.97475562272781  2.94647031440728  -2.34009789599997  o
 7.76653965577319  0.94795415918397   0.46137905237997  c
 4.65967604099583 -3.14469763086179   0.90106618460815  c
-2.90520006266618 -6.22617392447506  -2.43775981805169  c
-0.32808721180601 -5.49614179533088   2.40476194409205  c
 4.83919975287246  0.68590114290910   5.00808838185715  h
 2.78974804684213  3.13639003803399   5.88056035228733  h
 5.47806584986851  4.65008579788317   2.46318875022918  h
 2.37167912354157  4.35595655448108   1.35104057069049  h
-0.74891242424863  1.16852016495021   4.43838104616464  h
 1.07173861981308 -1.53289247882191   5.02235530746878  h
 1.71396660308112 -0.03040873184925  -3.99652498134288  h
 4.50967926127906 -1.87172652549784  -4.06210112464668  h
 0.71868139203970 -4.22078967813461  -5.39504571008513  h
 2.17442687534320 -5.62949215543171  -2.77961372077543  h
-2.46765896276347 -2.24559536453857  -2.81260353184060  h
-3.59110055702127 -2.18248589416338   3.97284411801898  h
-5.19836576298721 -3.37174208492640   1.32370144174032  h
-7.76130790023993  5.01776389205820  -0.96273680806278  h
-3.71581700185162  6.53585456679243  -2.74610050300562  h
 2.04460573997530  3.86956257660339  -2.50055490602974  h
-9.63120778849696  1.65471415500176   1.09460453213133  h
 5.85567472052830  2.02128151672621  -3.63633943469269  h
 8.57872157864141 -0.25667503524581  -0.99488224999982  h
 8.75991346326282  2.75008208943360   0.40058531305913  h
 8.09633835530342  0.10119004337357   2.29585330264275  h
 5.03863763619774 -2.83422088774585   2.88928618895772  h
 3.62277368043258 -4.88306902961362   0.72454019460619  h
 6.44305359651288 -3.42996789374569  -0.07267733289441  h
-4.69671410027881 -6.20358291912004  -1.43718718846015  h
-3.30780110500937 -6.39978416778785  -4.44689265476981  h
-1.85896112486495 -7.89691404947138  -1.85981886493925  h
 0.73643942037221 -6.87547416959516   1.32048833436208  h
 0.73786896851742 -5.04270882039947   4.09785945912983  h
-2.05855609205235 -6.43318781016621   3.00558991776357  h
$end