           1           2   1.00983938581920     
           2           3  0.984217396031587     
           3           4  0.937796941720260     
           4           5  0.968153003635256     
           1           6   1.00260459496639     
           5           6  0.973093977335018     
           4           7  0.988291922209618     
           7           8   1.00492162398007     
           8           9  0.997495417152315     
           5          10  0.945986253059948     
           9          10  0.973153954055005     
           5          11  0.968386860372493     
          10          12  0.981054680931267     
          11          13   1.35789379799824     
          12          13   1.01585972399125     
          13          14   1.38154511352634     
          14          15   1.34930431542048     
          13          16  0.104192426019813     
          15          16   1.48021033895916     
          11          17   1.36770913668244     
          16          17   1.32906929050789     
          17          18   1.09171430023905     
          14          19   1.04308642062830     
           3          20  0.954304746022831     
           3          21  0.995718868869191     
           4          22  0.998333722669368     
           9          23   1.00746163680116     
          10          24   1.00197068221437     
           1          25  0.973355911082360     
           1          26  0.977815970256150     
           2          27  0.973695410200245     
           2          28  0.964172306632248     
           6          29  0.976082204988333     
           6          30  0.964868400629131     
           7          31  0.971253901736432     
           7          32  0.972753385045632     
           8          33  0.975028611128670     
           8          34  0.970765567071776     
           9          35  0.961865564027008     
          12          36  0.956939296172632     
          12          37  0.960857724387120     
          15          38  0.966100500146876     
          16          39  0.967586522864087     
          18          40  0.792665453699936     
          19          41  0.894479599923625     
          20          42  0.883027624913912     
          21          43  0.980374232420359     
          21          44  0.981719897193852     
          21          45  0.980469556996218     
          22          46  0.979771909280774     
          22          47  0.964097100695918     
          22          48  0.979857704808774     
          23          49  0.980921023645567     
          23          50  0.986046087896358     
          23          51  0.984311550460064     
          24          52  0.972291509421796     
          24          53  0.973745298281537     
          24          54  0.980843014133510     
