    0.01141462
   -0.03587859
   -0.06278109
   -0.05816275
   -0.03459054
    0.11103539
   -0.06835581
    0.01635353
   -0.48729845
    0.08620811
   -0.11378029
    0.01394906
   -0.11419468
    0.05774265
   -0.47340080
   -0.11663881
    0.04089464
    0.04180968
    0.03637173
    0.04143236
    0.03375533
    0.01945030
    0.05746092
    0.05446659
    0.30924676
    0.03505824
    0.02312554
    0.03363385
    0.03277349
    0.02807169
    0.02854180
    0.30629333
    0.04751483
    0.03947156
    0.05900581
