           1           2  0.958266221793217     
           2           3  0.986377861417941     
           3           4   1.00833470791866     
           4           5  0.979334434288063     
           1           6  0.967956003879534     
           5           6  0.974711248613408     
           1           7  0.981511292619834     
           5           8  0.993796763157951     
           7           8   1.00933631093341     
           6           9  0.977257425148505     
           1          10  0.986305059562198     
           8          11   1.93504513086316     
           2          12  0.997347634098883     
          12          13   1.92592243466300     
           2          14  0.961108389407893     
          10          15  0.986022900520662     
          12          16   1.02502387991701     
           3          17  0.976319078167624     
           3          18  0.976913969920720     
           4          19  0.969815583163623     
           4          20  0.975778000616342     
           5          21  0.962032548711568     
           6          22  0.955613895116788     
           7          23  0.956448974036492     
           7          24  0.964440920911047     
           9          25  0.886065489015083     
          10          26  0.968764498114179     
          10          27  0.966672929431496     
          11          28  0.975189831250809     
          11          29  0.974988516326333     
          13          30  0.974553219734047     
          13          31  0.967405717032631     
          15          32  0.892871472165198     
          16          33  0.966373568704262     
          16          34  0.984193160674900     
          16          35  0.969985148490454     
