    0.00135777
   -0.03333844
   -0.06111869
   -0.05865187
   -0.03000853
    0.11761799
   -0.07202794
    0.01920376
   -0.48696113
    0.08315116
   -0.11334660
    0.01798700
   -0.11356578
    0.04228862
   -0.48076805
   -0.11121931
    0.04141865
    0.04139923
    0.03847531
    0.04147396
    0.04551868
    0.02922518
    0.05282755
    0.04791166
    0.31155005
    0.02829040
    0.02723552
    0.03368659
    0.03474923
    0.02862103
    0.02235364
    0.30721030
    0.04993044
    0.05510779
    0.04241482
