$coord
 0.21809817597444 -1.11285020364122   0.82086382797519  c
-1.78795788415610  1.00158299489715   1.43917572055303  c
-0.68112082975663  3.69952906180658   0.92253299820065  c
 1.08617910396525  3.91692956183073  -1.39544184322508  c
 2.92075066222861  1.63400000590156  -1.57699843175335  c
 1.31356254685069 -0.76243306884457  -1.89758978836648  c
 2.62052120917263 -0.62704507303756   2.48139239288974  c
 4.24695841131563  1.19575994924731   0.94069236862118  c
 2.92390532130504 -2.81777544208255  -2.62300079708623  o
-0.85297425316328 -3.78056675842350   1.27142342507021  c
 6.43790651019866  2.22508768959132   1.66760686914498  c
-4.43861176614271  0.64058161172797   0.33880583233704  c
-6.37207103435591  0.14103372616759   1.91066504249420  c
-2.05483887691979  0.88001174511225   3.50287343865027  h
-2.13952922870589 -4.61930942592729  -0.97479542141351  o
-4.92714469748974  0.96484297177640  -2.46681247622464  c
-2.23768652727161  5.07247085340753   0.75959601578029  h
 0.39810707415591  4.26826384260663   2.60953847602399  h
-0.00896772294811  4.03187005906505  -3.16475422082227  h
 2.17916544860719  5.68409254423815  -1.25528732098534  h
 4.24859267288259  1.90747219094445  -3.15582678694857  h
-0.16564441017539 -0.48372595398272  -3.33080155814885  h
 3.65888946281960 -2.40641966791897   2.78481573915784  h
 2.14966014171540  0.12116983555920   4.36605508509481  h
 1.80983855801564 -4.27883797557718  -2.86757382661940  h
-2.14858731831758 -3.75836379965516   2.90972673625764  h
 0.70230261581911 -5.09624016622254   1.73356966556789  h
 7.25678925409740  1.84797300216953   3.52606205333848  h
 7.50514911235595  3.48424755459090   0.42641821697760  h
-8.30748482212226 -0.06334553280898   1.22011126387300  h
-6.09766532416845 -0.08099658688620   3.94532675443567  h
-3.00090103633782 -6.20867128023973  -0.58385707849151  h
-4.12276542594245  2.73954109023814  -3.19887994103172  h
-4.09164084811651 -0.59320034929221  -3.55975946773330  h
-6.96826954069360  0.98629238510605  -2.86190832070597  h
$end
