           1           2  0.959837802952800     
           2           3  0.982685776548866     
           3           4   1.00838501436304     
           4           5  0.978751986641811     
           1           6  0.961281017831933     
           5           6  0.979388351090407     
           1           7  0.981426046172126     
           5           8  0.995351086659346     
           7           8   1.00678461936084     
           6           9  0.979692413005615     
           1          10  0.984411060234421     
           8          11   1.93636889854084     
           2          12  0.999606999352593     
          12          13   1.92365876447713     
           2          14  0.961287684825184     
          10          15  0.982407949913753     
          12          16   1.02733015329276     
           3          17  0.975692022847719     
           3          18  0.977304150673250     
           4          19  0.970687052252980     
           4          20  0.975829859601744     
           5          21  0.962335415555748     
           6          22  0.956220006318088     
           7          23  0.956991603335576     
           7          24  0.966238425486444     
           9          25  0.883688647954710     
          10          26  0.971593847471899     
          10          27  0.967321440932993     
          11          28  0.975194795938411     
          11          29  0.974997508711308     
          13          30  0.975892206892658     
          13          31  0.975219090693974     
          15          32  0.892089292057503     
          16          33  0.970592569060505     
          16          34  0.959893841522820     
          16          35  0.982102722282282     
