    0.00154027
   -0.03369679
   -0.06154000
   -0.06069426
   -0.03389036
    0.11414212
   -0.06825676
    0.01641335
   -0.48906410
    0.07836767
   -0.11326056
    0.00865401
   -0.10947702
    0.05134950
   -0.47856639
   -0.11024399
    0.04089403
    0.03998775
    0.04343964
    0.04022227
    0.03390221
    0.01750050
    0.05313763
    0.04800027
    0.30801620
    0.03528067
    0.04585658
    0.03342432
    0.03381738
    0.02931624
    0.03747520
    0.30891749
    0.04305818
    0.04347793
    0.05249880
