           1           2  0.956628536752421     
           2           3  0.990477167520059     
           3           4   1.00867231428164     
           4           5  0.978303407746741     
           1           6  0.968769933475737     
           5           6  0.974356306700939     
           1           7  0.980275024812474     
           5           8  0.994756547519496     
           7           8   1.00646247582582     
           6           9  0.974783018476763     
           1          10  0.980030924709446     
           8          11   1.93661905827288     
           2          12  0.996379615695843     
          12          13   1.92796906223169     
           2          14  0.958941169738988     
          10          15  0.992127718616263     
          12          16   1.02585319516483     
           3          17  0.973531516185159     
           3          18  0.975704887876463     
           4          19  0.971993372223617     
           4          20  0.976263979217260     
           5          21  0.962343560075875     
           6          22  0.953941311875129     
           7          23  0.957195076019586     
           7          24  0.964676453969625     
           9          25  0.887172856241732     
          10          26  0.966400867322311     
          10          27  0.968301228671184     
          11          28  0.975142839561895     
          11          29  0.974889671939542     
          13          30  0.975350590847614     
          13          31  0.974607001761063     
          15          32  0.887699627038903     
          16          33  0.962791874378051     
          16          34  0.982976839719431     
          16          35  0.968034386291159     
