   -0.01060531
   -0.02929299
   -0.06412430
   -0.05513608
   -0.03774640
    0.11645720
   -0.07661222
    0.01036634
   -0.49130365
    0.08286691
   -0.11245762
    0.01962064
   -0.11941903
    0.04617832
   -0.48699412
   -0.11911889
    0.04096681
    0.04077093
    0.03812260
    0.03762920
    0.03792839
    0.02857789
    0.05590200
    0.04833078
    0.32406464
    0.04503384
    0.01733656
    0.03746123
    0.03816585
    0.03099927
    0.03418136
    0.31899349
    0.07106630
    0.04161038
    0.04017968
