$coord
-0.12959918363296 -1.46940301778208  -0.62138263698785  c
 1.01839078976526  1.00410774271108  -1.72296939648178  c
-0.90871000603213  3.18794072436354  -1.51819495775869  c
-2.38824332174070  3.29690569458022   0.96310474170783  c
-3.35260919655582  0.66699862160185   1.68569550334676  c
-1.09799416298435 -1.11578956877682   2.10766708204963  c
-2.63757382415019 -2.01210635403571  -2.00057583556861  c
-4.60824914854605 -0.53000654326156  -0.56850856505914  c
 0.70096924587956 -0.39688698221544   3.91299993546262  o
 1.65790807788038 -3.75079800505197  -0.76756047484686  c
-7.01274555871645 -0.30877368905044  -1.19336744131601  c
 3.63139229364577  1.75643354789068  -0.80129731505847  c
 4.06771129783657  3.47130130882664   0.97644115105748  c
 1.25905357971942  0.62169240013845  -3.74883911495032  h
 3.69794233376448 -3.64772828171497   0.92549529103855  o
 5.81514541282655  0.59724823693719  -2.19000172878325  c
 0.07567353864181  4.97484327124907  -1.82491906459332  h
-2.28014389843490  2.98106802899294  -3.04541881661829  h
-1.25056916143860  4.04455696909197   2.51227077922872  h
-3.99579527985118  4.56807520970034   0.71939741455987  h
-4.58780536906752  0.78560359482156   3.33296649276886  h
-1.82431825338379 -2.93587583095833   2.79465798522877  h
-2.57560918312098 -1.50299533797571  -3.99591813850550  h
-3.08320385308024 -4.02683306184335  -1.89703360322148  h
 1.60033041469752  1.06669982553729   3.28631979483426  h
 2.46551984456795 -3.92725065232636  -2.66326475627250  h
 0.53724638602642 -5.46735577338425  -0.39179461193633  h
-7.77344427302867 -1.19561323908666  -2.85977820545966  h
-8.31736009139050  0.76576708204599  -0.06149677677691  h
 5.97266226090560  3.98479241184667   1.47741104990167  h
 2.61964116736025  4.48954450191082   1.97903859857087  h
 3.06596932102537 -3.04843801863188   2.53779771751636  h
 6.04859624934989 -1.36861528897480  -1.64211222040304  h
 5.50410727610936  0.67256618902651  -4.22298677652917  h
 7.55734409128575  1.59285068575192  -1.75210991668762  h
$end