           1           2  0.958942137457368     
           2           3  0.987810311220002     
           3           4   1.00875663758775     
           4           5  0.980593571904754     
           1           6  0.959627913006959     
           5           6  0.965118810023085     
           1           7  0.981415982771424     
           5           8  0.995216549563812     
           7           8   1.00422481642919     
           6           9  0.992595379582266     
           1          10  0.979655239497967     
           8          11   1.93733890888567     
           2          12  0.996936994739339     
          12          13   1.91222415321128     
           2          14  0.957012043888376     
          10          15  0.998914398802888     
          12          16   1.02692801756417     
           3          17  0.975041890875812     
           3          18  0.976233012903096     
           4          19  0.966186459097991     
           4          20  0.975457725882358     
           5          21  0.965107802877795     
           6          22  0.961018971701006     
           7          23  0.964033995145357     
           7          24  0.958018694249272     
           9          25  0.849561823571794     
          10          26  0.969529200896589     
          10          27  0.963977092938508     
          11          28  0.974585334691449     
          11          29  0.974521467217578     
          13          30  0.974234376334806     
          13          31  0.962708993475424     
          15          32  0.861416016287298     
          16          33  0.957422845803240     
          16          34  0.973579427939337     
          16          35  0.983369238501814     
