$coord
 0.23174622906225 -1.07308943925994   0.80819827860865  c
-1.84825639984061  0.99697367211656   1.36826529906033  c
-0.69354609411400  3.70206098579054   1.07031568317348  c
 1.10540085670816  4.05305671581989  -1.20806000765949  c
 2.91082266216470  1.76304154105305  -1.53352844772855  c
 1.29307465768350 -0.63530148413740  -1.90533968645128  c
 2.59669763474327 -0.52719439263027   2.51024639729146  c
 4.28833335362915  1.20969300061950   0.93406396838786  c
 2.70301755150636 -2.75179909973819  -2.86920407758031  o
-0.68826378028684 -3.81330978200337   1.23571544854859  c
 6.58549073362177  2.04638526935593   1.57922096710550  c
-4.37013221517369  0.64940284403939  -0.02567077882077  c
-4.89513129992734  1.63428536749944  -2.30668437034271  c
-2.29572546698884  0.78017824537019   3.39623356794022  h
-2.31883284152740 -4.77637274602542  -0.69136148021741  o
-6.40602939601475 -0.75851993227456   1.42551244821542  c
-2.22988209650457  5.10106748278526   0.98019381995083  h
 0.37294009676450  4.13791249695978   2.80461425680505  h
 0.03906295258295  4.30929864385705  -2.97792478480887  h
 2.22680939264852  5.78697511666193  -0.93723238511616  h
 4.20563815337919  2.10052787317726  -3.12779778357000  h
-0.21897555222886 -0.34919187543135  -3.29780300840241  h
 3.60443756630811 -2.29534728212709   2.96634475218366  h
 2.07398709319386  0.32231195985260   4.33721783352345  h
 4.22477975797468 -2.98016403196366  -1.83783896769809  h
-1.75806919538314 -3.92396812562578   3.01896672014904  h
 0.97712197282449 -5.05586184065146   1.45825423788318  h
 7.44727284089403  1.57411898992338   3.39620097585394  h
 7.69177428266401  3.24819760977669   0.31540218144778  h
-6.75377207025896  1.37914887890813  -3.16918071711597  h
-3.54261808135134  2.72873766491478  -3.40797338139422  h
-1.29042666367424 -4.92914046988561  -2.22159547230466  h
-8.19130248872259 -0.82368020853038   0.36147446376744  h
-5.84336544814818 -2.71606035963102   1.84065570166760  h
-6.77756830233894  0.17354135658379   3.25442852685372  h
$end
