    0.00024000
   -0.03114941
   -0.05780073
   -0.05664539
   -0.03592257
    0.12144501
   -0.07505694
    0.00999883
   -0.47422269
    0.07782730
   -0.11265947
    0.01422246
   -0.11671441
    0.04169027
   -0.47588158
   -0.11741490
    0.03930450
    0.03808139
    0.05008250
    0.03451923
    0.02973955
    0.00783081
    0.05207476
    0.05879452
    0.30868424
    0.03178955
    0.04834936
    0.03597854
    0.03625124
    0.03019117
    0.02216420
    0.30628438
    0.04947626
    0.07104091
    0.03740711
