$coord
 0.20607117692089 -1.34638559243831  -0.46020970478712  c
 1.18466520792058  1.18259241729213  -1.72889301198119  c
-0.87955010833139  3.29047955276607  -1.60623979587526  c
-2.38981238357796  3.37105725213726   0.89002673837445  c
-3.24594663251807  0.68802180033185   1.69763020243687  c
-0.90203579157707 -0.98135885842716   2.22859880080916  c
-2.26543943606352 -2.15579733535030  -1.86423915866333  c
-4.40222063656164 -0.73658343908297  -0.52351057355325  c
 0.89359343788634 -0.02740937001670   3.99429423542356  o
 2.27198861711004 -3.40560521478201  -0.58676301704950  c
-6.84626372929489 -0.75710277121772  -1.16808165208095  c
 3.83231603582064  2.13420063948537  -1.00060797583275  c
 5.81938330122413  1.49411924309698  -2.45172951373220  c
 1.36522446959662  0.66918946934724  -3.74166500962191  h
 1.44568663418534 -5.85089885152196   0.24980833901409  o
 4.20177049077279  3.92661582467128   1.20586235642064  c
-0.01802496577295  5.14664453831900  -1.98559177551942  h
-2.22001780342091  2.97242305404299  -3.16669634644671  h
-1.25714508321882  4.20713882195882   2.42286591377491  h
-4.06339287235103  4.58589222287886   0.64118583521606  h
-4.53759100974767  0.80186465749653   3.32817964061840  h
-1.58690074336307 -2.84897183013735   2.89031658186625  h
-2.18983311581610 -1.74692291637499  -3.90413808654684  h
-2.53062946454411 -4.21149309273084  -1.66470941249510  h
 0.05118481698075  0.13439519481600   5.63347422761306  h
 3.95164248730262 -2.78835159361268   0.47915922027669  h
 2.86168967866103 -3.66030322467974  -2.56819801905628  h
-7.53036031801647 -1.81090368151396  -2.80814118261031  h
-8.26037394413746  0.28617367247693  -0.08298251798945  h
 7.72653289470327  2.16971333786340  -2.03850599464716  h
 5.61937399315157  0.27136759292119  -4.10416791662605  h
 1.40192148289506 -5.84312288011473   2.09636775836347  h
 3.09761435411474  5.67530853952522   0.94733923709400  h
 3.57152922216927  3.06974699643002   2.98386801293702  h
 6.20022827461579  4.47006279779325   1.38523562749179  h
$end
