           1           2  0.957981335005459     
           2           3  0.987804489961736     
           3           4   1.00987488816140     
           4           5  0.980459576952570     
           1           6  0.968332260097334     
           5           6  0.968790976094440     
           1           7  0.980327918019026     
           5           8  0.993687311796306     
           7           8   1.00740205050793     
           6           9  0.981123000249683     
           1          10  0.976548937485381     
           8          11   1.93513933352404     
           2          12  0.996362269335475     
          12          13   1.92281946581610     
           2          14  0.959936230555214     
          10          15  0.992295271436558     
          12          16   1.03007224074932     
           3          17  0.973676241840066     
           3          18  0.975696363951432     
           4          19  0.970481042276352     
           4          20  0.976500758295944     
           5          21  0.965219529134373     
           6          22  0.954660760462313     
           7          23  0.964491561172273     
           7          24  0.955295059349188     
           9          25  0.887203959464581     
          10          26  0.969288355686186     
          10          27  0.970660727988271     
          11          28  0.974735238410348     
          11          29  0.974699716163809     
          13          30  0.975519244916516     
          13          31  0.975689628301919     
          15          32  0.889183073466241     
          16          33  0.966326920745039     
          16          34  0.957242729808480     
          16          35  0.983857473340250     
