   -0.00838590
   -0.03256899
   -0.06180049
   -0.05849318
   -0.03600094
    0.10660215
   -0.06860321
    0.00855447
   -0.48560793
    0.08124822
   -0.11275513
    0.00876489
   -0.10986657
    0.04274154
   -0.48332450
   -0.11429081
    0.04106079
    0.04167716
    0.03889847
    0.04188094
    0.04134188
    0.04507750
    0.05144831
    0.05273946
    0.31015041
    0.05044013
    0.02306702
    0.03413605
    0.03440077
    0.03211568
    0.03460210
    0.31015716
    0.04924692
    0.04662801
    0.04471761
