$coord
 0.13412459104958 -1.19322335416096   0.23895309929457  c
-1.86372096464297  0.79740495291494   1.23545393128279  c
-0.65458833315223  3.48201242699279   1.44190398023432  c
 1.08860772896594  4.21968674784759  -0.78038467252507  c
 2.83481083756239  1.99711400864297  -1.55503101377412  c
 1.19234612501558 -0.27646288038175  -2.36275599044865  c
 2.54805517325202 -1.07938581227448   1.94498838872055  c
 4.22405117178033  0.94998651328996   0.74503004625292  c
 2.62311559454082 -2.16452661499676  -3.68762246870846  o
-0.95219164214542 -3.88909755535252   0.09838832038107  c
 6.52122644204898  1.65351964711485   1.53357149265651  c
-4.41217859646119  0.76851375105490  -0.15323944526362  c
-4.89217405511990  1.97701905617069  -2.33450539523418  c
-2.28713579224273  0.23351986868086   3.20107521151155  h
-1.42429683573410 -5.01493677141765   2.52511121985343  o
-6.53166836375849 -0.63484243598094   1.18398540123478  c
-2.16025968807515  4.89803555685967   1.67364703981894  h
 0.46885604819942  3.54659473349142   3.19375019873410  h
-0.01661113703952  4.81476900499896  -2.44245900874825  h
 2.25181013981613  5.85654080719689  -0.22808793928238  h
 4.12663950630463  2.60466150393906  -3.06993163725117  h
-0.31860717340785  0.25112550434932  -3.68331740700044  h
 3.52310513333067 -2.92215684571302   1.94991025010438  h
 2.10101929936468 -0.65958454653011   3.93297903219083  h
 4.21007552754494 -2.45804887601962  -2.77913925127512  h
 0.44547412660130 -5.12604513664865  -0.80971322374711  h
-2.66507379872440 -3.91963371410915  -1.09954075358676  h
 7.40008716798273  0.83005449223186   3.21205220372605  h
 7.61442641836052  3.09159344895587   0.53189019368529  h
-6.77273441703050  1.91506434488922  -3.18482500337421  h
-3.48971202441118  3.08785702553082  -3.35267033742827  h
-2.68156493580319 -3.99833642127038   3.41773931296696  h
-6.07592205746355 -2.64347459358602   1.50014313356001  h
-6.88390515166360  0.19834081398139   3.06389962767075  h
-8.30517754301228 -0.56080834272016   0.10373414355790  h
$end
