           1           2  0.959212862151345     
           2           3  0.984398338896423     
           3           4   1.00873645879641     
           4           5  0.978734811228271     
           1           6  0.959192412505347     
           5           6  0.972964681114749     
           1           7  0.982134657387137     
           5           8  0.994600702808118     
           7           8   1.00656339931020     
           6           9  0.984819346823770     
           1          10  0.980175602697066     
           8          11   1.93523957588234     
           2          12  0.996748683983819     
          12          13   1.93023694860285     
           2          14  0.959453922467509     
          10          15  0.992649190633340     
          12          16   1.02329953047492     
           3          17  0.976296023501097     
           3          18  0.976925597175566     
           4          19  0.969831869485527     
           4          20  0.975456667462398     
           5          21  0.963179441784853     
           6          22  0.957534844789857     
           7          23  0.957444965211022     
           7          24  0.962777966360843     
           9          25  0.883809408614642     
          10          26  0.968053136863726     
          10          27  0.965502299095743     
          11          28  0.975063367452915     
          11          29  0.974872619768348     
          13          30  0.974111842336820     
          13          31  0.966740915905737     
          15          32  0.879654304226295     
          16          33  0.965181343266595     
          16          34  0.971703514388936     
          16          35  0.983773139172432     
