    0.01111962
   -0.03531458
   -0.06169366
   -0.06033109
   -0.03414389
    0.11311733
   -0.06796325
    0.01628535
   -0.48999549
    0.08459164
   -0.11372352
    0.01022486
   -0.11116819
    0.05641212
   -0.47520280
   -0.11016544
    0.04071288
    0.04122161
    0.04261181
    0.04049489
    0.03367018
    0.01704372
    0.05782184
    0.05420171
    0.30868862
    0.03534702
    0.02202452
    0.03321224
    0.03291863
    0.02853936
    0.03427301
    0.30574932
    0.05298859
    0.04304683
    0.04338418
