$coord
 0.17174031547000 -1.22651035326755   0.13753394067717  c
-1.77978858104555  0.59790078676934   1.34664119397309  c
-0.63895706482125  3.25388645009844   1.66249146403363  c
 0.92951832501861  4.15843661939608  -0.58921934639858  c
 2.73121576583029  2.06619808932370  -1.46037386119019  c
 1.15603903222789 -0.17822283782892  -2.38485410492668  c
 2.60412774116866 -1.23400847813007   1.73870599895084  c
 4.10740360237365  0.97891473849399   0.78507322617692  c
 2.62820689677679 -2.04079458189945  -3.61078457003236  o
-0.90906757585219 -3.88917165290292  -0.14464148201524  c
 6.25747623335383  1.83018780716912   1.72108200379014  c
-4.36172286156776  0.58132926777121   0.10361669946175  c
-6.12789967560074 -0.97046248505258   0.97057915258617  c
-2.09052458891672 -0.16625870034843   3.24510884742330  h
-1.51711461947413 -4.85521347989836   2.26958004253316  o
-4.96841477181370  2.36469718077174  -2.01661022485997  c
-2.14724369717537  4.60389066134461   2.06087635863837  h
 0.59581739187295  3.22884767776880   3.31450228417676  h
-0.27527860868302  4.70851927456455  -2.16906564560240  h
 2.02255885555783  5.81525057268393  -0.02294249932764  h
 4.01671908302476  2.78719182319394  -2.91187561072224  h
-0.37252092045009  0.40782676057942  -3.65732817263538  h
 3.64469148635115 -2.97902766901857   1.38168843887716  h
 2.21578621123049 -1.13835122498436   3.75672412646606  h
 3.66327080099615 -1.22023428537756  -4.86359270090523  h
 0.51518041159563 -5.07537479590154  -1.07271081889805  h
-2.59765133925471 -3.82657064055385  -1.35161619166180  h
 7.12753751928310  0.97662328418426   3.35041855214290  h
 7.23493090594849  3.41521265969071   0.89865393068969  h
-7.99330150299649 -1.04497597430522   0.15602155409426  h
-5.76734457165281 -2.24877724079108   2.51124637438083  h
-2.14632869121850 -6.54829252116251   2.06648472921851  h
-4.61396021383583  4.31405480748043  -1.46680299009332  h
-3.84646519645634  1.96101824960700  -3.69242290522314  h
-6.95217130881741  2.19317905552012  -2.52737252121394  h
$end