           1           2  0.956047689945705     
           2           3  0.989445807491113     
           3           4   1.00865727544782     
           4           5  0.978519946783836     
           1           6  0.968436048784694     
           5           6  0.975379854620161     
           1           7  0.980733470085465     
           5           8  0.994062654577714     
           7           8   1.00932702506555     
           6           9  0.974614794195770     
           1          10  0.987623982295263     
           8          11   1.93465768461536     
           2          12  0.997410556865316     
          12          13   1.92666665032482     
           2          14  0.958446282807002     
          10          15  0.986169103924045     
          12          16   1.02614907517328     
           3          17  0.973866342019595     
           3          18  0.975758950516920     
           4          19  0.972139333255541     
           4          20  0.976273355180816     
           5          21  0.962160367582009     
           6          22  0.952818857212596     
           7          23  0.956611979544621     
           7          24  0.964020661578824     
           9          25  0.886342403756882     
          10          26  0.967779821361422     
          10          27  0.967517718740489     
          11          28  0.975230140817993     
          11          29  0.975002028735771     
          13          30  0.975506662236818     
          13          31  0.974906288237365     
          15          32  0.893379653880529     
          16          33  0.967823095502113     
          16          34  0.962389475922234     
          16          35  0.983041729529280     
