    0.00032483
   -0.03074904
   -0.06343815
   -0.05539262
   -0.03791539
    0.11199301
   -0.07222645
    0.00959208
   -0.49519973
    0.08504911
   -0.11291166
    0.01595616
   -0.12069090
    0.05748833
   -0.47441919
   -0.11861109
    0.04005814
    0.04074609
    0.03927021
    0.03702863
    0.03754231
    0.02580101
    0.05860744
    0.05052995
    0.32151840
    0.02082517
    0.03198638
    0.03598079
    0.03602598
    0.03233928
    0.03677655
    0.30641991
    0.06005140
    0.04804114
    0.04160192
