           1           2  0.957131878492770     
           2           3  0.988859635679022     
           3           4   1.00866165814408     
           4           5  0.980707328850828     
           1           6  0.958467078378325     
           5           6  0.963376063061722     
           1           7  0.981941593715261     
           5           8  0.995421361317200     
           7           8   1.00531810091956     
           6           9  0.999635771672644     
           1          10  0.987532914593045     
           8          11   1.93609905970676     
           2          12  0.998739721539729     
          12          13   1.91067278260231     
           2          14  0.955621764771636     
          10          15  0.984065483145629     
          12          16   1.02197961967720     
           3          17  0.975278542474436     
           3          18  0.976285641401540     
           4          19  0.967171077333179     
           4          20  0.975745338553197     
           5          21  0.965188005991696     
           6          22  0.961187977988404     
           7          23  0.963600894920041     
           7          24  0.958649230546692     
           9          25  0.847841865703696     
          10          26  0.969372857875010     
          10          27  0.966653754934886     
          11          28  0.974762078845475     
          11          29  0.974763462010793     
          13          30  0.974662151996783     
          13          31  0.962738586856672     
          15          32  0.892598155091928     
          16          33  0.974460657869520     
          16          34  0.964723963102935     
          16          35  0.980845915535818     
