   -0.00932369
   -0.03224637
   -0.06356943
   -0.05759035
   -0.03627150
    0.11085989
   -0.07380907
    0.00978705
   -0.48574705
    0.08476819
   -0.11320086
    0.01738979
   -0.11226165
    0.04391636
   -0.47568079
   -0.11582042
    0.04209006
    0.04048524
    0.03823436
    0.04097102
    0.04028290
    0.04565058
    0.04478458
    0.05391901
    0.30840557
    0.04552832
    0.02130297
    0.03458807
    0.03546612
    0.02812358
    0.03053952
    0.31313654
    0.04087788
    0.06294527
    0.04146829
