           1           2  0.958921108443025     
           2           3  0.986252028126023     
           3           4   1.00827962983673     
           4           5  0.977529676545130     
           1           6  0.960296325234288     
           5           6  0.972881525525807     
           1           7  0.981967891660375     
           5           8  0.995979866466341     
           7           8   1.00636189287522     
           6           9  0.981785575694986     
           1          10  0.976161996174657     
           8          11   1.93480574242594     
           2          12  0.997818521821278     
          12          13   1.92719795268894     
           2          14  0.961502589895306     
          10          15  0.998828608838539     
          12          16   1.02506856463850     
           3          17  0.976048913982703     
           3          18  0.977361963564431     
           4          19  0.968610487530658     
           4          20  0.975685787230304     
           5          21  0.963240574109841     
           6          22  0.956483300618562     
           7          23  0.957816368545824     
           7          24  0.962281192436043     
           9          25  0.886004159737132     
          10          26  0.969287267249027     
          10          27  0.965644904328801     
          11          28  0.975041944349311     
          11          29  0.974764690105467     
          13          30  0.974655981092654     
          13          31  0.966825785090121     
          15          32  0.881957104696467     
          16          33  0.983794911022812     
          16          34  0.962412627023209     
          16          35  0.974739415147258     
