   -0.06987081
   -0.06609470
   -0.05156474
   -0.03627976
   -0.06405211
    0.07009450
   -0.02305597
   -0.04547575
   -0.22068770
    0.05000734
   -0.00862198
    0.01391195
   -0.06599980
    0.02560516
    0.00518948
   -0.03488192
   -0.03802691
   -0.02004590
    0.28874988
   -0.02127098
   -0.05340779
   -0.72765943
    0.05255362
    0.36433330
   -0.45482680
   -0.26665639
    0.02677494
    0.04699848
    0.04503287
    0.05210966
    0.04432257
    0.02945115
    0.03224224
    0.02962579
    0.03325592
    0.16842120
    0.04958499
    0.07837860
    0.04987070
    0.05164188
    0.05442439
    0.05748772
    0.07378159
    0.07026615
    0.05280375
    0.05951024
    0.06151212
    0.08845031
    0.07002662
    0.07206034
