$coord
-0.85468233495903  0.02443036608276  -4.71770358583150  c
 2.02882792078120  0.14919536264621  -4.89425031301878  c
-4.90379494465050  6.06468028759864   1.08160745978228  c
-7.02468473041662  4.99677624666591  -0.05814039725062  c
-6.88187880351800  2.57833344467224  -1.04967227680534  c
-4.63783238739356  1.17466086995356  -0.89798752821537  c
-2.50587260478140  2.17894010244442   0.35350323694751  c
-2.70152834867370  4.64508994443164   1.28364705437399  c
-4.49650706017360 -1.19520473043762  -2.03122283769227  n
-1.94108786825183 -1.89880319875671  -2.79797035708085  c
-0.29797811210752 -2.10557791798941  -0.37678541325477  c
-0.13145434431877  0.58670231546117   0.86721446100957  c
 2.39506695567465 -2.80240628971633  -1.28848679642988  c
 3.33554750617604 -0.22636337493899  -2.31527486705525  c
 2.35256150643268  1.59098710818761  -0.31718126434061  c
 6.12698493400184  0.22619024097559  -2.69822336203366  c
 7.47466008973275  1.87996033871830  -1.35269121499671  c
 6.47437219216058  3.17492798472710   0.98275042288064  c
 4.30083840867211  1.61231268142058   1.90027065023074  n
 2.67788754004562  2.56721687760143   4.00993900080049  c
 0.43738622720043  0.74635246892886   3.78951936035787  c
 5.20849914100905 -0.68448783607719   2.62800964381275  o
 2.20796995854353  3.54907686501977  -0.97924100842177  h
-1.51356411138876 -4.06343167765885   1.31848525142172  c
-2.84422772815286 -3.62743483922096   3.13379631831312  o
-0.98997777866440 -6.42034204927633   0.50816507816697  o
-2.15632026818711 -8.44399447241931   1.93047817705951  c
-1.66539471976168 -0.39789763622296  -6.57783510534658  h
-1.54869075355559  1.90260049751904  -4.19458111022637  h
 2.75898514377274 -1.33561387561118  -6.14556004041006  h
 2.58639965437416  1.96710780952853  -5.72203501473039  h
-4.96272996715617  7.97592278060766   1.82507646052274  h
-8.77568206407090  6.05902996407105  -0.20806314971047  h
-8.50432960560102  1.74667683178030  -2.00000597191133  h
-1.08914764260239  5.50665854205203   2.21127888049535  h
-5.81732220958949 -1.47001048529929  -3.38586558646082  h
-2.01847443373728 -3.78645203618700  -3.64605310505296  h
 3.56572071742303 -3.43740925346677   0.27655557314484  h
 2.32594930675037 -4.24496825446833  -2.77109407184797  h
 7.00480708235619 -0.73527747654360  -4.29320242373628  h
 9.43972145675160  2.24720693000423  -1.82626093768659  h
 5.85823396975925  5.12709255294442   0.62552343424395  h
 7.89001001802799  3.17943970212908   2.48973851386545  h
 3.73830625736085  2.39095651256733   5.77066153831159  h
 2.18131541104540  4.54830336382156   3.67088676536774  h
-1.21109411164925  1.41183300118598   4.83186915874676  h
 1.00284769496472 -1.08245809552124   4.54436500108375  h
-1.53663022576295 -10.18279427808718   1.01678399343111  h
-1.52546170784097 -8.39079353182158   3.89678060564265  h
-4.21431976938076 -8.27488429063651   1.85812564139562  h
$end
