           1           2   1.00595553815537     
           3           4   1.41890072117114     
           4           5   1.46364618077085     
           5           6   1.35058620609681     
           4           7  0.100631365327692     
           6           7   1.31944047423842     
           3           8   1.43629917201221     
           5           8  0.100694037867438     
           7           8   1.42585848263449     
           6           9   1.13891746373999     
           1          10  0.978326143803219     
           9          10  0.995148710693112     
          10          11  0.941824967004329     
           7          12  0.988102830236168     
          11          12  0.960990116175403     
          11          13  0.970250060480482     
           2          14  0.969945148461886     
          13          14  0.967484328034752     
          12          15  0.964187449882507     
          14          15  0.977636313121999     
          14          16   1.00151714500315     
          16          17   1.93103961013969     
          17          18   1.01371841592182     
          15          19  0.899886906838022     
          18          19  0.945199092397253     
          19          20  0.945499012847969     
          12          21  0.965047110208440     
          20          21   1.00419821171089     
          19          22   1.01808844957685     
          15          23  0.962167872294300     
          11          24  0.953319247101323     
          24          25   1.72043247843208     
          24          26   1.15129524325240     
          25          26  0.170421224764244     
          26          27  0.941954722953066     
           1          28  0.974455534331862     
           1          29  0.969928089647396     
           2          30  0.974504811764890     
           2          31  0.975175923172730     
           3          32  0.971397417009712     
           4          33  0.970841280234158     
           5          34  0.967058837402854     
           8          35  0.959741033524466     
           9          36  0.940363111863832     
          10          37  0.964838372774309     
          13          38  0.958229673663812     
          13          39  0.973474987336024     
          16          40  0.964002344897605     
          17          41  0.964647647042208     
          18          42  0.956080918337401     
          18          43  0.964188911259927     
          20          44  0.971981036999599     
          20          45  0.962629732778436     
          21          46  0.973883553318828     
          21          47  0.972327227479439     
          27          48  0.979210481668314     
          27          49  0.976626595388197     
          27          50  0.976686330130155     
