$coord
 0.18566649440340 -1.20299670365861   0.17805003165296  c
-1.82047056703284  0.74591065459147   1.22337730015049  c
-0.65922787158812  3.45124304776447   1.43572628108088  c
 1.06220199791112  4.23065985606050  -0.79026638631921  c
 2.84725588538463  2.03823521492400  -1.56278270917248  c
 1.23422495577916 -0.24819880871916  -2.39265442923408  c
 2.61371611462068 -1.10233645549901   1.87284202326186  c
 4.23772440233143  1.00154220046936   0.73827686630249  c
 2.76122270332235 -2.21382398109540  -3.48236657909796  o
-0.90521490673564 -3.89992258333977   0.00195254297074  c
 6.47690312215104  1.79502436525121   1.59961936561664  c
-4.39222995010058  0.68649132829545  -0.12155640410982  c
-4.90906861949677  1.83269488943451  -2.32820789814081  c
-2.19971173498995  0.12503200774343   3.17454741988060  h
-1.80933864778590 -4.85997567934346   2.37810849427398  o
-6.47500606200170 -0.67989915954033   1.30464877507940  c
-2.18971357555761  4.83925325768576   1.67568127828639  h
 0.46964891128566  3.53237771277931   3.18379057402011  h
-0.06236240894892  4.80414835323286  -2.44799544507564  h
 2.19327925337239  5.89073765382537  -0.24092491355722  h
 4.14332082606826  2.68069457367951  -3.06368554168200  h
-0.28185573104795  0.28957284480777  -3.71657624179663  h
 3.63856836026049 -2.91496756689193   1.77213596409514  h
 2.17585117174515 -0.76154759285505   3.87929492603015  h
 3.65547054380846 -1.48718104592314  -4.92967862434980  h
 0.53778992024819 -5.17150053874802  -0.79940965769778  h
-2.54550272270592 -3.93233278586154  -1.27651235658757  h
 7.34748178578423  0.98603941814968   3.28901229237010  h
 7.53044370198577  3.29559826146388   0.64877650052513  h
-6.80377429327646  1.74992584181872  -3.14558090755902  h
-3.52216224530607  2.91212049230765  -3.40048268483153  h
-0.35477457240396 -5.06651374079741   3.50127863371690  h
-8.24044548394673 -0.75592734978989   0.21024272179508  h
-5.91455555131769 -2.61789857123006   1.80781894048198  h
-6.87458717849744  0.30125761957603   3.10344506384907  h
$end
