    0.00020634
   -0.03696088
   -0.06197108
   -0.05918039
   -0.03349086
    0.11297037
   -0.07066385
    0.01578925
   -0.50745304
    0.08321124
   -0.11344898
    0.00737509
   -0.11019937
    0.04633798
   -0.47551513
   -0.11678947
    0.04219596
    0.04337858
    0.03738707
    0.04150792
    0.04236076
    0.02710139
    0.06269916
    0.04965974
    0.32550195
    0.03063377
    0.03115305
    0.03256701
    0.03251635
    0.03281743
    0.03508347
    0.31139675
    0.04602323
    0.04463458
    0.05116462
