           1           2  0.956624274789373     
           2           3  0.985123259603698     
           3           4   1.00862245145163     
           4           5  0.979621674646009     
           1           6  0.970846240816364     
           5           6  0.971084809239597     
           1           7  0.981669541386644     
           5           8  0.995553002877279     
           7           8   1.00793014364598     
           6           9  0.984231690378632     
           1          10  0.985070126198372     
           8          11   1.93537333782497     
           2          12  0.996832914559833     
          12          13   1.92970211402424     
           2          14  0.963273765186906     
          10          15  0.977311289855015     
          12          16   1.02354759833974     
           3          17  0.976135395608313     
           3          18  0.976749422127916     
           4          19  0.970098160384540     
           4          20  0.975517291005183     
           5          21  0.963360135005599     
           6          22  0.955137914202324     
           7          23  0.954625975295228     
           7          24  0.964270181399428     
           9          25  0.849531656253764     
          10          26  0.971168446622102     
          10          27  0.968140202784729     
          11          28  0.975259934566835     
          11          29  0.975168002729675     
          13          30  0.973966034639234     
          13          31  0.966456539491602     
          15          32  0.886859382009472     
          16          33  0.984074965602801     
          16          34  0.971563844196660     
          16          35  0.968684567661132     
