*************************************************
******************* ORCA 6.1.1 ******************
*************************************************
$Calculation_Status
   &GeometryIndex 1
   &version [&Type "String"] "6.1.1"
   &progName [&Type "String"] "LeanSCF"
   &Status [&Type "String"] "NORMAL TERMINATION"
$End
$Geometry
   &GeometryIndex 1
   &NAtoms [&Type "Integer"] 35
   &NCorelessECP [&Type "Integer"] 0
   &NGhostAtoms [&Type "Integer"] 0
   &CartesianCoordinates [&Type "Coordinates", &Dim(35,4), &Units "Bohr"] 
              C      0.218098176924   -1.112850208708    0.820863831599
              C     -1.787957892101    1.001582999394    1.439175727062
              C     -0.681120832770    3.699529078339    0.922533002259
              C      1.086179108784    3.916929579335   -1.395441849569
              C      2.920750675308    1.634000013300   -1.576998438729
              C      1.313562552766   -0.762433072271   -1.897589796858
              C      2.620521220963   -0.627045075819    2.481392403914
              C      4.246958430277    1.195759954653    0.940692372786
              O      2.923905334416   -2.817775454635   -2.623000808858
              C     -0.852974257055   -3.780566775404    1.271423430842
              C      6.437906538992    2.225087699606    1.667606876598
              C     -4.438611786108    0.640581614596    0.338805833826
              C     -6.372071062986    0.141033726754    1.910665051029
              H     -2.054838886189    0.880011748987    3.502873454348
              O     -2.139529238300   -4.619309446552   -0.974795425822
              C     -4.927144719585    0.964842976024   -2.466812487245
              H     -2.237686537378    5.072470876104    0.759596019245
              H      0.398107075845    4.268263861658    2.609538487752
              H     -0.008967722959    4.031870077047   -3.164754234938
              H      2.179165458400    5.684092569790   -1.255287326591
              H      4.248592691894    1.907472199422   -3.155826801129
              H     -0.165644410842   -0.483725956230   -3.330801572997
              H      3.658889479235   -2.406419678752    2.784815751673
              H      2.149660151378    0.121169836105    4.366055104721
              H      1.809838566133   -4.278837994694   -2.867573839536
              H     -2.148587327963   -3.758363816517    2.909726749280
              H      0.702302618992   -5.096240189111    1.733569673280
              H      7.256789286592    1.847973010481    3.526062069064
              H      7.505149145895    3.484247570154    0.426418218814
              H     -8.307484859415   -0.063345533168    1.220111269293
              H     -6.097665351397   -0.080996587207    3.945326772117
              H     -3.000901049767   -6.208671307963   -0.583857081057
              H     -4.122765444318    2.739541102417   -3.198879955428
              H     -4.091640866499   -0.593200351936   -3.559759483693
              H     -6.968269571825    0.986292389607   -2.861908333439
$End
$SCF_Energy
   &GeometryIndex 1
   &Method [&Type "String"] "SCF"
   &totalEnergy [&Type "ArrayOfDoubles", &Dim (1,1)] "Total energy of each state"
                                                         0

0                                     -6.5776835145579753e+02
   &Mult [&Type "ArrayOfIntegers", &Dim (1,1)] "Multiplicity of each state"
                                                         0

0                                                        1
$End
$DFT_Energy
   &GeometryIndex 1
   &nAlphaEl [&Type "Integer"] 57
   &nBetaEl [&Type "Integer"] 57
   &nTotalEl [&Type "Integer"] 114
   &finalEn [&Type "Double"]      -6.5776835145579753e+02  "No Van der Waals correction"
   &eExchange [&Type "Double"]      -9.1093244841098823e+01
   &eCorr [&Type "Double"]      -4.0403491085567769e+00
   &eXC [&Type "Double"]      -9.5133593949655605e+01
   &eCNL [&Type "Double"]       0.0000000000000000e+00
$End
$Solvation_Details
   &GeometryIndex 1
   &Solvent [&Type "String"] "CHLOROFORM"
   &Epsilon [&Type "Double"]       4.8029999999999999e+00
   &Refrac [&Type "Double"]       1.4459000000000000e+00
   &RSolv [&Type "Double"]       1.3000000000000000e+00
   &SurfaceType [&Type "String"] "GAUSSIAN VDW"
   &CPCMDielEnergy [&Type "Double"]      -1.2536973999999999e-02
   &NPoints [&Type "Integer"] 2567
   &SurfaceArea [&Type "Double"]       9.1436976762999996e+02
$End
$SCF_Timings
   &GeometryIndex 1
   &TOTAL [&Type "Double"]       1.4827368999999999e+01
   &PREP [&Type "Double"]       5.2118999999999993e-01
   &FOCK [&Type "Double"]       1.0983433000000000e+01
   &DENS [&Type "Double"]       2.3558199999999907e-01
   &ETOT [&Type "Double"]       1.0753599999999719e-01
   &TRAFO [&Type "Double"]       3.6195200000000005e-01
   &DIIS [&Type "Double"]       1.6078879999999995e+00
   &SOSCF [&Type "Double"]       7.4619799999999792e-01
   &XC [&Type "Double"]       3.7307529999999987e+00
   &FOCKSTART [&Type "Double"]       6.9821000000001021e-02
   &SOLV [&Type "Double"]       4.4380190000000024e+00
   &SOLV_INIT [&Type "Double"]       2.6510099999999998e-01
   &INT_PREP [&Type "Double"]       2.0000000002795559e-06
   &INT_BF [&Type "Double"]       1.1142259999999831e+00
   &INT_DENS [&Type "Double"]       9.1374400000000033e-01
   &INT_DENSIO [&Type "Double"]       1.9874229829000004e+04
   &INT_FUNC [&Type "Double"]       3.3904599999996887e-01
   &INT_POT [&Type "Double"]       8.5947000000002838e-01
   &INT_POTIO [&Type "Double"]       1.3236000000004355e-02
   &INT_SUM [&Type "Double"]       1.2630000000002362e-03
   &SPLITRIJ [&Type "Double"]       3.1979450000000007e+00
$End
$Single_Point_Data
   &GeometryIndex 1
   &FinalEnergy [&Type "Double"]      -6.5776835145579753e+02  "Final single point energy"
   &Converged [&Type "Boolean"] true
$End
$Calculation_Info
   &GeometryIndex 1
   &Mult [&Type "Integer"] 1
   &Charge [&Type "Integer"] 0
   &NumOfAtoms [&Type "Integer"] 35
   &NumOfElectrons [&Type "Integer"] 114
   &NumOfBasisFuncts [&Type "Integer"] 605
   &NumOfAuxCBasisFuncts [&Type "Integer"] 0
   &NumOfAuxJBasisFuncts [&Type "Integer"] 955
   &NumOfAuxJKBasisFuncts [&Type "Integer"] 0
   &NumOfCABSBasisFuncts [&Type "Integer"] 0
$End
$SCF_Dipole_Moment
   &GeometryIndex 1
   &dipoleMagnitude [&Type "Double", &Units "a.u."]       1.1538170415366062e+00
   &dipoleElecContrib [&Type "ArrayOfDoubles", &Dim (3,1)] "Electronic contribution"
                                                         0

0                                      3.7526035706326253e+00
1                                     -4.5067104774036810e+00
2                                     -1.3354368328737398e+00
   &dipoleNucContrib [&Type "ArrayOfDoubles", &Dim (3,1)] "Nuclear contribution"
                                                         0

0                                     -4.6369094542258633e+00
1                                      3.9940484414538258e+00
2                                      1.8706699657031809e+00
   &dipoleTotal [&Type "ArrayOfDoubles", &Dim (3,1)] "Total"
                                                         0

0                                     -8.8430588359323803e-01
1                                     -5.1266203594985527e-01
2                                      5.3523313282944107e-01
   &doAtomicDipole [&Type "Boolean"] false
   &Method [&Type "String"] "SCF"
   &Level [&Type "String"] "Relaxed density"
   &Mult [&Type "Integer"] 1
   &State [&Type "Integer"] -1
   &Irrep [&Type "Integer"] 0
$End
$SCF_Spin_Spin_Coupling
   &GeometryIndex 1
   &numOfNucPairs [&Type "Integer"] 187 "Number of nuclei pairs to calculate"
   &numOfNucPairsDSO [&Type "Integer"] 0 "number of nuclear pairs to calculate DSO"
   &numOfNucPairsPSO [&Type "Integer"] 0 "number of nuclear pairs to calculate PSO"
   &numOfNucPairsFC [&Type "Integer"] 187 "number of nuclear pairs to calculate FC"
   &numOfNucPairsSD [&Type "Integer"] 0 "number of nuclear pairs to calculate SD"
   &numOfNucPairsSD_FC [&Type "Integer"] 0 "number of nuclear pairs to calculate SD/FC"
   &pairsInfo [&Type "ArrayOfIntegers", &Dim (187,4)] "Pairs Info: Col1->Index of A. Col2->Atom. Num. of A.  Col3->Index of B. Col4->Atom. Num. of B."
                                                         0                           1                           2                           3

0                                                       13                           1                          16                           1
1                                                       13                           1                          17                           1
2                                                       13                           1                          18                           1
3                                                       13                           1                          19                           1
4                                                       13                           1                          20                           1
5                                                       13                           1                          21                           1
6                                                       13                           1                          22                           1
7                                                       13                           1                          23                           1
8                                                       13                           1                          24                           1
9                                                       13                           1                          25                           1
10                                                      13                           1                          26                           1
11                                                      13                           1                          27                           1
12                                                      13                           1                          28                           1
13                                                      13                           1                          29                           1
14                                                      13                           1                          30                           1
15                                                      13                           1                          31                           1
16                                                      13                           1                          32                           1
17                                                      13                           1                          33                           1
18                                                      13                           1                          34                           1
19                                                      16                           1                          17                           1
20                                                      16                           1                          18                           1
21                                                      16                           1                          19                           1
22                                                      16                           1                          20                           1
23                                                      16                           1                          21                           1
24                                                      16                           1                          22                           1
25                                                      16                           1                          23                           1
26                                                      16                           1                          24                           1
27                                                      16                           1                          25                           1
28                                                      16                           1                          26                           1
29                                                      16                           1                          27                           1
30                                                      16                           1                          28                           1
31                                                      16                           1                          29                           1
32                                                      16                           1                          30                           1
33                                                      16                           1                          31                           1
34                                                      16                           1                          32                           1
35                                                      16                           1                          33                           1
36                                                      16                           1                          34                           1
37                                                      17                           1                          18                           1
38                                                      17                           1                          19                           1
39                                                      17                           1                          20                           1
40                                                      17                           1                          21                           1
41                                                      17                           1                          22                           1
42                                                      17                           1                          23                           1
43                                                      17                           1                          24                           1
44                                                      17                           1                          25                           1
45                                                      17                           1                          26                           1
46                                                      17                           1                          27                           1
47                                                      17                           1                          28                           1
48                                                      17                           1                          29                           1
49                                                      17                           1                          30                           1
50                                                      17                           1                          31                           1
51                                                      17                           1                          32                           1
52                                                      17                           1                          33                           1
53                                                      17                           1                          34                           1
54                                                      18                           1                          19                           1
55                                                      18                           1                          20                           1
56                                                      18                           1                          21                           1
57                                                      18                           1                          22                           1
58                                                      18                           1                          23                           1
59                                                      18                           1                          24                           1
60                                                      18                           1                          25                           1
61                                                      18                           1                          26                           1
62                                                      18                           1                          27                           1
63                                                      18                           1                          28                           1
64                                                      18                           1                          29                           1
65                                                      18                           1                          30                           1
66                                                      18                           1                          31                           1
67                                                      18                           1                          32                           1
68                                                      18                           1                          33                           1
69                                                      18                           1                          34                           1
70                                                      19                           1                          20                           1
71                                                      19                           1                          21                           1
72                                                      19                           1                          22                           1
73                                                      19                           1                          23                           1
74                                                      19                           1                          24                           1
75                                                      19                           1                          25                           1
76                                                      19                           1                          26                           1
77                                                      19                           1                          27                           1
78                                                      19                           1                          28                           1
79                                                      19                           1                          29                           1
80                                                      19                           1                          30                           1
81                                                      19                           1                          31                           1
82                                                      19                           1                          32                           1
83                                                      19                           1                          33                           1
84                                                      19                           1                          34                           1
85                                                      20                           1                          21                           1
86                                                      20                           1                          22                           1
87                                                      20                           1                          23                           1
88                                                      20                           1                          24                           1
89                                                      20                           1                          25                           1
90                                                      20                           1                          26                           1
91                                                      20                           1                          27                           1
92                                                      20                           1                          28                           1
93                                                      20                           1                          29                           1
94                                                      20                           1                          30                           1
95                                                      20                           1                          31                           1
96                                                      20                           1                          32                           1
97                                                      20                           1                          33                           1
98                                                      20                           1                          34                           1
99                                                      21                           1                          22                           1
100                                                     21                           1                          23                           1
101                                                     21                           1                          24                           1
102                                                     21                           1                          25                           1
103                                                     21                           1                          26                           1
104                                                     21                           1                          27                           1
105                                                     21                           1                          28                           1
106                                                     21                           1                          29                           1
107                                                     21                           1                          30                           1
108                                                     21                           1                          31                           1
109                                                     21                           1                          32                           1
110                                                     21                           1                          33                           1
111                                                     21                           1                          34                           1
112                                                     22                           1                          23                           1
113                                                     22                           1                          24                           1
114                                                     22                           1                          25                           1
115                                                     22                           1                          26                           1
116                                                     22                           1                          27                           1
117                                                     22                           1                          28                           1
118                                                     22                           1                          29                           1
119                                                     22                           1                          30                           1
120                                                     22                           1                          31                           1
121                                                     22                           1                          32                           1
122                                                     22                           1                          33                           1
123                                                     22                           1                          34                           1
124                                                     23                           1                          24                           1
125                                                     23                           1                          25                           1
126                                                     23                           1                          26                           1
127                                                     23                           1                          27                           1
128                                                     23                           1                          28                           1
129                                                     23                           1                          29                           1
130                                                     23                           1                          30                           1
131                                                     23                           1                          31                           1
132                                                     23                           1                          32                           1
133                                                     23                           1                          33                           1
134                                                     23                           1                          34                           1
135                                                     24                           1                          25                           1
136                                                     24                           1                          26                           1
137                                                     24                           1                          27                           1
138                                                     24                           1                          28                           1
139                                                     24                           1                          29                           1
140                                                     24                           1                          30                           1
141                                                     24                           1                          31                           1
142                                                     24                           1                          32                           1
143                                                     24                           1                          33                           1
144                                                     24                           1                          34                           1
145                                                     25                           1                          26                           1
146                                                     25                           1                          27                           1
147                                                     25                           1                          28                           1
148                                                     25                           1                          29                           1
149                                                     25                           1                          30                           1
150                                                     25                           1                          31                           1
151                                                     25                           1                          32                           1
152                                                     25                           1                          33                           1
153                                                     25                           1                          34                           1
154                                                     26                           1                          27                           1
155                                                     26                           1                          28                           1
156                                                     26                           1                          29                           1
157                                                     26                           1                          30                           1
158                                                     26                           1                          31                           1
159                                                     26                           1                          32                           1
160                                                     26                           1                          33                           1
161                                                     26                           1                          34                           1
162                                                     27                           1                          28                           1
163                                                     27                           1                          30                           1
164                                                     27                           1                          31                           1
165                                                     27                           1                          32                           1
166                                                     27                           1                          33                           1
167                                                     28                           1                          30                           1
168                                                     28                           1                          31                           1
169                                                     28                           1                          32                           1
170                                                     28                           1                          33                           1
171                                                     28                           1                          34                           1
172                                                     29                           1                          30                           1
173                                                     29                           1                          31                           1
174                                                     29                           1                          32                           1
175                                                     29                           1                          33                           1
176                                                     29                           1                          34                           1
177                                                     30                           1                          31                           1
178                                                     30                           1                          32                           1
179                                                     30                           1                          33                           1
180                                                     30                           1                          34                           1
181                                                     31                           1                          32                           1
182                                                     31                           1                          33                           1
183                                                     31                           1                          34                           1
184                                                     32                           1                          33                           1
185                                                     32                           1                          34                           1
186                                                     33                           1                          34                           1
   &pairsDistances [&Type "ArrayOfDoubles", &Dim (187,1)] "The distances of each pair"
                                                         0

0                                      2.6530582017643827e+00
1                                      2.2634464776955450e+00
2                                      4.0500922131497266e+00
3                                      4.2216960170500668e+00
4                                      4.8824222967345214e+00
5                                      3.8206429775989226e+00
6                                      3.5086855357874902e+00
7                                      2.3065532329994625e+00
8                                      4.7957605615691223e+00
9                                      2.4750076642942638e+00
10                                     3.6064835027163054e+00
11                                     4.9540683356450987e+00
12                                     5.4901973981501486e+00
13                                     3.5575709542273914e+00
14                                     2.2114129890522003e+00
15                                     4.3587574527354738e+00
16                                     3.8396417223057999e+00
17                                     3.9670541655218483e+00
18                                     4.2553068453758183e+00
19                                     1.7563936042578498e+00
20                                     2.4508711147064175e+00
21                                     2.5893164537403970e+00
22                                     4.3450434359149988e+00
23                                     3.8121345145860892e+00
24                                     5.1524832225729842e+00
25                                     3.9871576594439837e+00
26                                     5.7235792721309497e+00
27                                     4.8098290822844101e+00
28                                     5.6251025896019451e+00
29                                     5.5043534844385036e+00
30                                     5.2267148662079821e+00
31                                     4.2145613103843198e+00
32                                     3.8014870721658340e+00
33                                     6.0254565157250202e+00
34                                     2.6281316269367592e+00
35                                     3.8956144611092358e+00
36                                     3.8229368747179051e+00
37                                     3.0657610332895104e+00
38                                     2.3732650014033427e+00
39                                     3.8756229811901552e+00
40                                     4.0365803598977807e+00
41                                     3.9321400568850882e+00
42                                     2.5571733774990117e+00
43                                     5.4236067658842204e+00
44                                     4.4590054572788933e+00
45                                     4.9797175856202163e+00
46                                     3.8792459463556361e+00
47                                     3.9561347069059525e+00
48                                     5.1978208418355196e+00
49                                     4.1967274608234071e+00
50                                     6.0686544762300842e+00
51                                     3.9780967089692889e+00
52                                     4.7875743933668993e+00
53                                     5.1570096501770823e+00
54                                     1.7681037096841095e+00
55                                     2.5179031604543769e+00
56                                     2.3926024525862339e+00
57                                     5.0286352886075303e+00
58                                     4.6334394945700144e+00
59                                     4.5046702480788783e+00
60                                     5.3487497073539130e+00
61                                     5.4948340412042169e+00
62                                     5.3530048865306279e+00
63                                     4.4165968745340658e+00
64                                     5.4189199034788142e+00
65                                     5.4105921029240900e+00
66                                     5.8084613371027718e+00
67                                     2.2818898306211359e+00
68                                     3.2713050904423806e+00
69                                     4.0231092293565762e+00
70                                     2.4909265951769530e+00
71                                     3.6604330861000292e+00
72                                     4.8490770105386369e+00
73                                     4.1850681552772251e+00
74                                     5.3443192513028741e+00
75                                     5.9219816620938515e+00
76                                     5.9712662980115887e+00
77                                     4.2121767537857151e+00
78                                     3.1765425641794431e+00
79                                     6.4622586351132334e+00
80                                     6.0053702528171806e+00
81                                     6.8736379626619888e+00
82                                     3.8219004177641276e+00
83                                     4.8510864211340197e+00
84                                     5.5076677717514908e+00
85                                     2.6582364704740433e+00
86                                     3.8975849187435978e+00
87                                     4.2392049383389176e+00
88                                     3.5221521892525298e+00
89                                     5.5454274568822681e+00
90                                     4.8940841429801880e+00
91                                     3.8778409760330952e+00
92                                     2.6943310970354624e+00
93                                     7.1132133402660926e+00
94                                     6.7233717945465905e+00
95                                     5.9173742835373293e+00
96                                     4.4518187868184063e+00
97                                     4.6125321076467909e+00
98                                     5.9577213204199682e+00
99                                     3.9502497630621551e+00
100                                    4.2653172292429167e+00
101                                    2.2773064957950644e+00
102                                    3.8741955540173718e+00
103                                    3.6538709374737897e+00
104                                    5.4877978161521819e+00
105                                    4.9838995088292490e+00
106                                    4.9408574375547483e+00
107                                    4.9723825180422914e+00
108                                    3.6799465337225117e+00
109                                    2.7016899037379458e+00
110                                    2.0818839220184269e+00
111                                    3.6912347886440782e+00
112                                    1.7683388814228922e+00
113                                    3.2993869089105248e+00
114                                    3.1560504277780304e+00
115                                    2.1870874530154549e+00
116                                    2.9744366113384717e+00
117                                    3.9264703873041267e+00
118                                    6.5054888477607404e+00
119                                    5.3429799354949399e+00
120                                    4.4324043437250138e+00
121                                    5.8650331220459622e+00
122                                    5.3864968537754017e+00
123                                    6.6164611066386936e+00
124                                    4.4840059650182660e+00
125                                    3.1594407688392985e+00
126                                    3.1859012962599089e+00
127                                    2.8873009060681096e+00
128                                    3.9427179876270442e+00
129                                    5.7794991973026084e+00
130                                    4.3712811827361548e+00
131                                    5.0507130137106016e+00
132                                    5.3816940525190819e+00
133                                    5.3518289294694776e+00
134                                    6.1741292394540990e+00
135                                    3.7162119294407416e+00
136                                    2.5414450315850692e+00
137                                    5.5015514783516837e+00
138                                    5.3849454353002866e+00
139                                    6.1902375268078478e+00
140                                    5.9533283888897355e+00
141                                    2.9973502617972048e+00
142                                    4.8662210535185864e+00
143                                    3.7000994217789889e+00
144                                    5.4166867654185102e+00
145                                    1.7789196933558629e+00
146                                    5.8034117034982522e+00
147                                    6.5202034295107811e+00
148                                    3.9044521684947764e+00
149                                    2.9076211925121256e+00
150                                    2.3027159117284572e+00
151                                    4.8336572025586220e+00
152                                    3.9475331863205221e+00
153                                    4.7050035372449308e+00
154                                    5.1413704375461764e+00
155                                    5.8356547347457965e+00
156                                    5.4679637560877454e+00
157                                    4.6218745205044121e+00
158                                    2.3855087374791317e+00
159                                    5.5250208513032986e+00
160                                    4.4676659949434692e+00
161                                    5.7227841830169028e+00
162                                    1.8594287940427299e+00
163                                    7.1436603577259215e+00
164                                    7.2367989737102523e+00
165                                    7.0106295441893192e+00
166                                    7.1967139516042113e+00
167                                    7.6708839910816202e+00
168                                    7.5831375205454163e+00
169                                    6.4573882262560351e+00
170                                    6.8384916232910156e+00
171                                    7.9646482712501037e+00
172                                    1.8566816649568605e+00
173                                    4.4013791376083962e+00
174                                    3.5457058121774678e+00
175                                    3.3843044670605655e+00
176                                    2.3402631784044958e+00
177                                    4.3525220413789514e+00
178                                    4.1967239927079261e+00
179                                    4.1198682505038935e+00
180                                    3.6752302785074606e+00
181                                    4.9688423857267994e+00
182                                    3.4122379828666229e+00
183                                    4.5119000906982416e+00
184                                    1.7739965158689224e+00
185                                    1.7776199564240749e+00
186                                    1.7754495685616747e+00
   &pairsTotalSSCIso [&Type "ArrayOfDoubles", &Dim (187,1)] "The Spin-Spin coupling constant for each pair"
                                                         0

0                                      5.7111037732719638e-01
1                                      8.4984507229678741e+00
2                                     -5.6347960496942950e-01
3                                      7.0044692749062210e-01
4                                      2.3293482579302321e-01
5                                     -3.8194369521439453e-01
6                                     -2.0382344843593853e-01
7                                     -4.5795179769514316e-01
8                                     -3.6415203457423224e-02
9                                     -3.2808315488412532e-01
10                                    -1.3071888064887383e-01
11                                     1.3904218599363772e-02
12                                     4.2327563439715200e-02
13                                     6.8569325131709502e-01
14                                    -5.9561006492479518e-01
15                                     6.7158622511066185e-03
16                                    -2.5692935637143394e-01
17                                    -5.6426334054874472e-01
18                                     1.3827047172025360e+00
19                                    -1.5450207966964228e+01
20                                     6.1582047327948644e+00
21                                     1.0902444357198346e+00
22                                     4.2587095849647555e-01
23                                     1.2958432796791444e-01
24                                    -4.9125797990559883e-02
25                                    -4.3959200573061109e-02
26                                     9.2946304927351259e-02
27                                     2.7677405287634405e-01
28                                     5.9567574436094817e-01
29                                    -3.2088147289076720e-03
30                                     2.8276205977955556e-02
31                                     1.7209261075641030e-01
32                                     6.2983501512999154e-02
33                                     6.8130543370837765e-02
34                                    -5.7779546359886705e-02
35                                     1.2988710888689742e-01
36                                     8.6457144342006631e-02
37                                     1.3694379749360090e+01
38                                     6.7456879006971953e+00
39                                    -5.3650660321643939e-01
40                                    -8.6490270800019271e-03
41                                     3.7789196450100904e-01
42                                    -7.9747946288973817e-02
43                                     1.0700247526400038e-02
44                                     1.7357940123602492e-02
45                                    -7.3099336766553072e-02
46                                    -3.5722307932331610e-02
47                                    -1.3193731846225000e-02
48                                     7.2692149905035719e-03
49                                    -1.6799682431925059e-01
50                                    -1.7512629306625813e-02
51                                    -7.7486153947637387e-02
52                                     2.2462476392841160e-01
53                                     1.7485926221095186e-03
54                                    -1.3520637384257260e+01
55                                     2.3772757607800927e+00
56                                    -2.3779325579640115e-01
57                                    -4.4413216755204071e-01
58                                    -3.3143347958619007e-02
59                                    -5.9479377825464488e-02
60                                    -7.7039343849756971e-03
61                                    -5.2908902346646986e-03
62                                     8.2480937544174876e-02
63                                    -7.7751629506909253e-02
64                                    -5.2235094989807697e-02
65                                    -4.9220738230101341e-02
66                                    -2.4358420905384584e-03
67                                    -4.6177593992404581e-01
68                                     2.3184296322349335e-02
69                                     1.5556294382616881e-01
70                                     4.7879650476350033e+00
71                                     1.3784447739619105e-01
72                                     1.6660746838330692e-01
73                                     8.0810515634859942e-02
74                                     6.1203825361867725e-01
75                                    -2.5969840525466917e-02
76                                    -1.0610681387855616e-02
77                                     1.1679329085769709e-01
78                                     7.7946945240798982e-02
79                                    -3.7118011198722670e-02
80                                    -6.8953398798846349e-02
81                                    -4.0280936308125558e-03
82                                    -8.8020024692710030e-02
83                                    -5.0048824821362956e-02
84                                     1.2528001062235899e-01
85                                     7.9729627969853534e-01
86                                     2.6815096412284989e-01
87                                    -1.3929373995076111e+00
88                                    -2.3325518135694223e-02
89                                     6.1542264590302109e-01
90                                    -8.3099947664323298e-02
91                                    -1.1753942662515615e+00
92                                    -1.0915235288975924e+00
93                                    -1.3464069168231851e-02
94                                    -8.1071574025552793e-03
95                                    -4.4740841708238478e-02
96                                     8.4917678008907139e-03
97                                     5.0692964979073430e-03
98                                     8.9649780921664830e-03
99                                    -6.4303041458639543e-01
100                                    1.1672633103359358e+00
101                                    2.0892208711682123e+00
102                                   -3.6143300806162826e-01
103                                   -5.9289755321677864e-02
104                                    7.9917858694635380e-01
105                                    2.3820146377130713e-01
106                                   -2.0950677598010538e-02
107                                   -1.8067876472775392e-02
108                                    1.7856230410676027e-01
109                                    3.9814850300614948e-02
110                                   -7.2211816745290947e-01
111                                   -4.4372353548914348e-02
112                                   -1.8362422715006780e+01
113                                    4.0330078172064313e-02
114                                   -2.6323403699355119e-01
115                                   -6.1163425488768786e-01
116                                   -2.7234917737778082e+00
117                                   -3.1952444612804642e+00
118                                    8.6688683701521566e-02
119                                   -2.9587042232195888e-02
120                                    1.3702473931864270e-01
121                                   -2.9531634243646445e-03
122                                   -7.6629943416954741e-02
123                                    6.5120797400903489e-04
124                                    5.6075411066482977e-02
125                                    4.2371150775365168e-03
126                                   -2.3481161773956463e-01
127                                   -2.0299859766932018e+00
128                                   -2.3671794426595936e+00
129                                    1.0283464966620613e-02
130                                    4.3194934120569683e-04
131                                    5.6580725164976010e-02
132                                   -1.9305120545941669e-02
133                                   -1.7383622360414422e-02
134                                    5.2677954626001670e-03
135                                    1.1013366569778917e-01
136                                    7.2590415209502435e-02
137                                    1.9537752740538851e-02
138                                    1.6909012573890651e-02
139                                    1.4494062045875000e-03
140                                    2.7484088880579734e-03
141                                   -6.6297775547977084e-02
142                                   -2.8267990951521206e-03
143                                    1.1030355414633812e-02
144                                    8.4613813921519017e-03
145                                   -9.3033680770535785e+00
146                                   -2.1994617522783609e-02
147                                   -4.9861762047422049e-02
148                                    3.0466540268627613e-02
149                                    5.9724985244731296e-03
150                                    2.4889002538863085e+00
151                                    2.0944404568324543e-02
152                                    9.7938945705567399e-03
153                                   -8.8736445238585641e-03
154                                   -1.4804536869270498e-02
155                                    1.1779093876892903e-02
156                                    2.3294624206546009e-02
157                                    2.9916347008299898e-02
158                                    2.2673153658952078e-01
159                                    8.7080284952849876e-02
160                                    9.6081202280575442e-02
161                                    6.5465743136076272e-03
162                                    3.7586398290623252e-01
163                                   -4.0455591970387021e-04
164                                   -8.2266994304099374e-03
165                                    1.8845179119016885e-03
166                                   -5.6112942332746428e-03
167                                   -3.1275885975691666e-03
168                                    5.5731721007142937e-02
169                                    2.4671006749129960e-03
170                                   -5.3031041106060359e-03
171                                    1.0927767741068581e-02
172                                    1.9412446930883447e+00
173                                    1.1642987790367971e-03
174                                   -1.6313100737078305e+00
175                                   -2.5429515275844201e+00
176                                   -4.8821323312521897e-01
177                                    9.1796414317273523e-03
178                                   -6.5556471339968214e-01
179                                   -2.3934108322270928e+00
180                                    5.8242950349177813e-01
181                                   -1.3238227496392325e-02
182                                    7.1787885540493569e-03
183                                    2.6853379281124846e-02
184                                   -1.7128721368197333e+01
185                                   -1.2977873003007435e+01
186                                   -1.4404056135874118e+01
   &Method [&Type "String"] "SCF"
   &Level [&Type "String"] "Relaxed density"
   &Mult [&Type "Integer"] 1
   &State [&Type "Integer"] -1
   &Irrep [&Type "Integer"] 0
$End
$Calculation_Timings
   &GeometryIndex 1
   &GTOINT [&Type "Double"]       1.6265999999999998e+00
   &SCF [&Type "Double"]       1.6863621000000002e+01
   &PROPINT [&Type "Double"]       1.2075090000000017e+00
   &RESPONSE [&Type "Double"]       8.7025389999999980e+00
   &PROP [&Type "Double"]       6.2950000000000017e-01
   &SUM [&Type "Double"]       2.9029769000000002e+01
$End
