   -0.06982524
   -0.06416818
   -0.04907561
   -0.03696683
   -0.06616894
    0.06507036
   -0.02127716
   -0.04164632
   -0.22630393
    0.05010169
   -0.01068035
    0.01775370
   -0.06602175
    0.01360200
    0.00696502
   -0.04693485
   -0.05233210
   -0.02534241
    0.29295551
   -0.02395456
   -0.06035074
   -0.73697879
    0.06759843
    0.36352261
   -0.45048178
   -0.26567769
    0.02500701
    0.04887259
    0.04184189
    0.05490499
    0.04679761
    0.02613001
    0.02941928
    0.02664326
    0.05897770
    0.16762186
    0.05078120
    0.06443441
    0.04728588
    0.05698285
    0.05982018
    0.07172374
    0.08366305
    0.05647626
    0.06991728
    0.06719053
    0.04946275
    0.07227643
    0.08965315
    0.07073403
