           1           2   1.00554807045010     
           3           4   1.42185083501524     
           4           5   1.46155036829898     
           5           6   1.35245522878421     
           4           7  0.101065844481437     
           6           7   1.33174515391323     
           3           8   1.43745286538930     
           5           8  0.103572848990967     
           7           8   1.42414821579845     
           6           9   1.12528888881638     
           1          10  0.978238315831695     
           9          10  0.997831110159552     
          10          11  0.943325121742318     
           7          12  0.991224073732138     
          11          12  0.962677166791546     
          11          13  0.975726574328987     
           2          14  0.970183566109191     
          13          14  0.965184067109642     
          12          15  0.956774929662536     
          14          15  0.966055826577947     
          14          16   1.00823070882599     
          16          17   1.91987074850659     
          17          18   1.02409813332863     
          15          19  0.922260638107444     
          18          19  0.938612443166808     
          19          20  0.941614799268937     
          12          21  0.969654656210606     
          20          21   1.00798287306720     
          19          22   1.01448481454801     
          15          23  0.962193402543721     
          11          24  0.946554905773462     
          24          25   1.72592473816700     
          24          26   1.14959484237798     
          25          26  0.171404235970928     
          26          27  0.941869754136714     
           1          28  0.974029263239048     
           1          29  0.972058664665642     
           2          30  0.974446232854609     
           2          31  0.975152286103247     
           3          32  0.971421679426432     
           4          33  0.970963171128219     
           5          34  0.967355483188591     
           8          35  0.954908165029481     
           9          36  0.940278230635069     
          10          37  0.962973105437387     
          13          38  0.971338143676824     
          13          39  0.970269473293761     
          16          40  0.962296289126512     
          17          41  0.961974268573202     
          18          42  0.963471743162450     
          18          43  0.948683193532500     
          20          44  0.967520556281781     
          20          45  0.972766272616767     
          21          46  0.970972562256400     
          21          47  0.972572064508840     
          27          48  0.976750295634793     
          27          49  0.978925021957667     
          27          50  0.976469703991952     
