   -0.00757909
   -0.03275722
   -0.06220911
   -0.05950453
   -0.02797138
    0.11156851
   -0.06700820
    0.01736556
   -0.48189437
    0.08162258
   -0.11300265
    0.00838961
   -0.11061079
    0.04335385
   -0.48367089
   -0.11514744
    0.04162708
    0.04311191
    0.03790261
    0.04316582
    0.04623876
    0.02082916
    0.05726414
    0.05036623
    0.30400917
    0.04771595
    0.01871679
    0.03408747
    0.03354601
    0.03178805
    0.03433131
    0.31213554
    0.04641978
    0.04508137
    0.05071842
