           1           2  0.958129479420148     
           2           3  0.984366419099032     
           3           4   1.00850198331163     
           4           5  0.979717205624688     
           1           6  0.959449202562439     
           5           6  0.978244515646216     
           1           7  0.982575412308004     
           5           8  0.994320419950698     
           7           8   1.00762489207515     
           6           9  0.978466607105119     
           1          10  0.979905773359910     
           8          11   1.93666210434168     
           2          12  0.996965401622653     
          12          13   1.92952711589676     
           2          14  0.958317828415628     
          10          15  0.994123581473881     
          12          16   1.02336266136910     
           3          17  0.976281366812151     
           3          18  0.976817090166743     
           4          19  0.969843541905758     
           4          20  0.975402008104155     
           5          21  0.962571421084399     
           6          22  0.958020445804683     
           7          23  0.957381206641484     
           7          24  0.964882858736803     
           9          25  0.890278867833501     
          10          26  0.967299401056804     
          10          27  0.965519929153761     
          11          28  0.975178147513859     
          11          29  0.975040262998501     
          13          30  0.974088656936672     
          13          31  0.966450661538338     
          15          32  0.875860818055839     
          16          33  0.972058648960508     
          16          34  0.983498564909767     
          16          35  0.964054924767947     
