   -0.00835675
   -0.03230151
   -0.06126483
   -0.06056809
   -0.03565542
    0.10905096
   -0.06894892
    0.00890444
   -0.48749063
    0.07922541
   -0.11271173
    0.00880974
   -0.10970196
    0.05007371
   -0.47971272
   -0.11114712
    0.04064869
    0.03890131
    0.04539907
    0.03994677
    0.04106086
    0.04240745
    0.04303666
    0.05053699
    0.30903138
    0.02846650
    0.04746566
    0.03378103
    0.03540275
    0.02912967
    0.03692844
    0.30828548
    0.05294614
    0.04481754
    0.04360301
