$coord
 0.16717418686265 -1.23271409245701   0.18446829574616  c
-1.81204257414247  0.59163361533201   1.35623442871117  c
-0.67102939552217  3.24447684155975   1.69908149835405  c
 0.90136729659254  4.16765562108707  -0.54262963447810  c
 2.69389179797651  2.08388960761140  -1.45104725017882  c
 1.12785532344512 -0.17846935713733  -2.35842617016680  c
 2.59494137939423 -1.18117898162812   1.80467406880744  c
 4.11448825005766  0.99660881547086   0.76540784454262  c
 2.57118938866869 -1.91474321355812  -3.76548007212391  o
-0.88539679875251 -3.92040214803153  -0.07495770377144  c
 6.31151555878849  1.79735032617103   1.63510653964950  c
-4.35963673601711  0.57552602050719   0.03719847605508  c
-6.10490533825089 -1.06607637692056   0.77065029932726  c
-2.18747860803452 -0.15936479254884   3.25180624222515  h
-1.57459048651212 -5.01316359720250   2.25093233662099  o
-4.95522988807473  2.45689830284618  -1.99980434618515  c
-2.18165522611658  4.58894922048023   2.10284086741207  h
 0.55452317651486  3.21534210864017   3.35938299941000  h
-0.30135366373411  4.74112167779003  -2.11280202048842  h
 2.00191912281845  5.81292120990120   0.04312795683530  h
 3.94612111764242  2.80421181067336  -2.92580054654983  h
-0.40803830483670  0.34747192205650  -3.62314992206956  h
 3.65235749845108 -2.94801979969021   1.58584323583679  h
 2.20320609862215 -0.94279711926431   3.81510081649941  h
 4.10584431961664 -2.26527332815838  -2.84767253656305  h
 0.51554543827499 -5.10375415199850  -1.05054361316153  h
-2.60450125366318 -3.89478825909848  -1.21380814356451  h
 7.20830607155292  0.93826435055917   3.24841596962114  h
 7.29744655332135  3.35518604467495   0.77474951251381  h
-7.94197785271001 -1.13981903535929  -0.10418965025004  h
-5.75663684863347 -2.42968128138420   2.23896282967268  h
-0.09868719428390 -5.09272232242933   3.31442035850209  h
-4.68891641508603  4.38376439749338  -1.33243042535273  h
-3.77016912363627  2.18711697605918  -3.65843910123954  h
-6.91471281967555  2.24785539440358  -2.58315778634776  h
$end