           1           2  0.956540791130527     
           2           3  0.990602562024442     
           3           4   1.00869911044624     
           4           5  0.977613089649817     
           1           6  0.959738433501903     
           5           6  0.973276002862356     
           1           7  0.980912809524818     
           5           8  0.995213273543607     
           7           8   1.00412347555485     
           6           9  0.982590993104487     
           1          10  0.981124936262444     
           8          11   1.93599067453903     
           2          12  0.996188512478227     
          12          13   1.92767215271047     
           2          14  0.959050058511797     
          10          15  0.991377929659195     
          12          16   1.02630995030322     
           3          17  0.973455245920239     
           3          18  0.975755377804385     
           4          19  0.971910165102357     
           4          20  0.976173017403673     
           5          21  0.963264146913462     
           6          22  0.955693253079809     
           7          23  0.957971208976144     
           7          24  0.962922208285718     
           9          25  0.884416695765548     
          10          26  0.966067379293984     
          10          27  0.967800841244280     
          11          28  0.975016835082294     
          11          29  0.974739523629210     
          13          30  0.975380116076542     
          13          31  0.974627061099993     
          15          32  0.887753141618771     
          16          33  0.967683317616020     
          16          34  0.962501468068526     
          16          35  0.982920164581535     
