   -0.01059922
   -0.02536731
   -0.05836784
   -0.05799017
   -0.02846823
    0.11824482
   -0.07079092
    0.00925814
   -0.46667450
    0.07953263
   -0.11243234
    0.01480496
   -0.11554190
    0.03764175
   -0.47747860
   -0.11929574
    0.03928602
    0.03744446
    0.05589348
    0.03585536
    0.04043351
    0.00599226
    0.05403630
    0.05258300
    0.30821010
    0.04050241
    0.02184352
    0.03657059
    0.03733339
    0.02823933
    0.02006732
    0.30872285
    0.07311636
    0.03774863
    0.04964555
