$coord
 0.08677948175784 -1.45440135644835  -0.07029621467051  c
 1.21844176374044  0.82671359589749  -1.54501473308883  c
-0.78079857743092  2.92198747512628  -1.83796609772473  c
-2.36254973209653  3.40064951988685   0.52843315105341  c
-3.34607056520467  0.90022013626938   1.60783551246047  c
-1.09888563712664 -0.69605250126634   2.48710862290089  c
-2.30397057964068 -2.36791118047865  -1.46545287904244  c
-4.40643533901940 -0.71923984088073  -0.47734797929067  c
 0.43813402056081  0.56964792043545   4.23725208755880  o
 1.99956318292750 -3.61255624799032   0.25211900798048  c
-6.75835609185041 -0.68516247239926  -1.30749975234945  c
 3.75663569484229  1.77956523696040  -0.60670315543919  c
 5.87823402950702  0.77492009903602  -1.48976825835310  c
 1.58498517923336  0.10475259078110  -3.45863040357070  h
 2.55062865725279 -4.90012414502302  -2.00322583252941  o
 3.88399028200350  3.94459912258337   1.21261792261905  c
 0.14116522838430  4.66607954823626  -2.43747226541917  h
-2.06823011201538  2.37342407888240  -3.35523042848349  h
-1.26495863692331  4.34840296483397   1.98660503948946  h
-3.95971224034193  4.60860477232615   0.03161680995071  h
-4.69358174562223  1.26222370338721   3.12513174859923  h
-1.83573065735401 -2.43652433929936   3.37269240476228  h
-2.12191529597111 -2.26167225018001  -3.51426893468341  h
-2.66919874915180 -4.34483333737853  -0.99211804233837  h
 1.80163060951341 -0.53392473996050   4.71713406108234  h
 1.20046130198179 -5.05242692200383   1.50410516959385  h
 3.74565178022389 -2.88768668338013   1.11893390977725  h
-7.37254962786548 -1.87953373547722  -2.83682231553269  h
-8.16371555311369  0.53701245758524  -0.48907895820441  h
 7.70504648251503  1.42296121264674  -0.86824861338657  h
 5.91521518101055 -0.71902473751327  -2.87537447422103  h
 3.30108149685485 -3.71964273028281  -3.16917425294384  h
 2.75381231923224  3.57109727837177   2.88293108969760  h
 5.83049359172813  4.27741569697254   1.78100971016254  h
 3.17428393009070  5.66307115192233   0.33048121985181  h
$end