           1           2  0.956889169203528     
           2           3  0.989189952319981     
           3           4   1.00969884524235     
           4           5  0.978999751254257     
           1           6  0.957421403659857     
           5           6  0.975297362196821     
           1           7  0.980653089416063     
           5           8  0.994810617678022     
           7           8   1.00550601197843     
           6           9  0.987281262564956     
           1          10  0.978796317195094     
           8          11   1.93654028717122     
           2          12  0.997756121530130     
          12          13   1.91926749340702     
           2          14  0.956464807282206     
          10          15  0.996441007718288     
          12          16   1.02995094099747     
           3          17  0.973364663039093     
           3          18  0.975550349247973     
           4          19  0.969757096041391     
           4          20  0.976292546879745     
           5          21  0.964748976390745     
           6          22  0.958503824911910     
           7          23  0.964412868011667     
           7          24  0.958391981592703     
           9          25  0.887335574390491     
          10          26  0.969492999480479     
          10          27  0.963776911916458     
          11          28  0.974695886544946     
          11          29  0.974613186404638     
          13          30  0.975262795845515     
          13          31  0.970559988941873     
          15          32  0.879710155913629     
          16          33  0.957169685264218     
          16          34  0.983446012528714     
          16          35  0.963581023292996     
