$coord
-0.08493417869045 -1.07198521326156   0.58844717233323  c
-1.99920504652771  1.10507213168561   1.31380450453439  c
-0.68424049905949  3.74494096001171   1.20187926341365  c
 1.10391984500407  4.12569825796038  -1.07314061758016  c
 2.77130020182080  1.75726058153186  -1.53286639224059  c
 1.04573039830629 -0.52516982471589  -2.07778369915312  c
 2.30588104432279 -0.86177083787339   2.30764085517307  c
 4.08417288924184  0.93858385566727   0.90692261105417  c
 2.45049435983422 -2.64362960606699  -3.10711816116108  o
-1.40529519622251 -3.67154185827027   0.80487188225821  c
 6.39718233019443  1.64359092411284   1.64521263909834  c
-4.55056440368978  1.01830682712850  -0.06962353612476  c
-4.96227045233184  1.88153730739383  -2.42208385307248  c
-2.44272032902531  0.77049247128700   3.32480402162295  h
 0.24138703675975 -5.79446681887800   0.51971701537022  o
-6.73573476538970 -0.01146886784415   1.48162620050183  c
-2.13135312134973  5.23858347214013   1.23074303329913  h
 0.42713232385654  3.98303648593209   2.94599239048748  h
 0.03471896174765  4.54088148030651  -2.81165530829098  h
 2.32737975768018  5.77352175358287  -0.72170875202735  h
 4.10764516272889  2.12743766218053  -3.08618345916777  h
-0.41749266094033 -0.12887334778479  -3.49312113917821  h
 3.18470616037977 -2.73506529798569   2.53152981332540  h
 1.84372285498205 -0.18844503720140   4.22280678293047  h
 4.17267208537361 -2.60001266064648  -2.42205936494554  h
-2.96941782133688 -3.75719892298882  -0.58318239997427  h
-2.25370800156742 -3.84999162903205   2.70010581403602  h
 7.21439813449563  1.00197906529536   3.43021870281979  h
 7.55722597226685  2.91300926441217   0.50162757441098  h
-6.84665834809547  1.80496547602529  -3.26250112572555  h
-3.49324726389074  2.71121232753946  -3.60171603111423  h
 1.16172803774662 -5.49372606488852  -1.06724810789640  h
-6.35900370942718 -1.94261914836966   2.16326862050875  h
-7.03533589168102  1.16470510378268   3.17843127417277  h
-8.50721713074731 -0.04285810777219   0.39586787501217  h
$end
