   -0.06979883
   -0.06573557
   -0.05308146
   -0.03636442
   -0.06579053
    0.07170216
   -0.02360965
   -0.04609919
   -0.20158241
    0.05221984
   -0.00910823
    0.01428898
   -0.07271053
    0.02299215
    0.00375716
   -0.03894232
   -0.03957625
   -0.02316503
    0.29708548
   -0.02434162
   -0.05348231
   -0.71513038
    0.05041954
    0.36278336
   -0.45223226
   -0.26747046
    0.02942946
    0.04841456
    0.04958452
    0.05128231
    0.03929344
    0.02738148
    0.03079395
    0.02816001
    0.03081556
    0.16955774
    0.03945636
    0.08966577
    0.05004945
    0.05226370
    0.05493161
    0.05795451
    0.07462279
    0.06943102
    0.05228329
    0.05959720
    0.05507942
    0.08621239
    0.06735059
    0.06936164
