           1           2   1.00865626660375     
           3           4   1.41473223840469     
           4           5   1.47007686599244     
           5           6   1.33706062354752     
           6           7   1.32331404154145     
           3           8   1.43835860274837     
           5           8  0.101208503554508     
           7           8   1.42286573069558     
           6           9   1.15418240127199     
           1          10  0.967348667812633     
           9          10   1.00605296611850     
          10          11  0.940959328020977     
           7          12  0.990906162529801     
          11          12  0.954300237116398     
          11          13  0.977162889218515     
           2          14  0.965608696144619     
          13          14  0.965368063784787     
          12          15  0.964585977253050     
          14          15  0.979859753280182     
          14          16   1.00420745361912     
          16          17   1.92936026195067     
          17          18   1.01517356489233     
          15          19  0.893613627265738     
          18          19  0.939912138517806     
          19          20  0.938172314862672     
          12          21  0.965312095058798     
          20          21   1.00493049779556     
          19          22   1.03664659520620     
          15          23  0.959244901974358     
          11          24  0.950324526180988     
          24          25   1.72273481171535     
          24          26   1.14422648428518     
          25          26  0.169811902771717     
          26          27  0.946294870434229     
           1          28  0.978474065901169     
           1          29  0.973189547448233     
           2          30  0.974410703788466     
           2          31  0.975950503319436     
           3          32  0.971587556632040     
           4          33  0.970945422839164     
           5          34  0.967107426381332     
           8          35  0.960646632922531     
           9          36  0.939186891700994     
          10          37  0.962696664673714     
          13          38  0.946605587383165     
          13          39  0.973372913191718     
          16          40  0.963296555102823     
          17          41  0.964441478606539     
          18          42  0.955642253640173     
          18          43  0.964345990595296     
          20          44  0.972884493112668     
          20          45  0.964666457048014     
          21          46  0.974401190872907     
          21          47  0.972754127022682     
          27          48  0.979076712513400     
          27          49  0.976309210374570     
          27          50  0.976419523969891     
