   -0.00930409
   -0.03628488
   -0.06053723
   -0.05939366
   -0.02969232
    0.11851910
   -0.06613957
    0.01721355
   -0.50083474
    0.07832922
   -0.11283340
    0.00836988
   -0.11406399
    0.04425223
   -0.47426301
   -0.11189997
    0.04198897
    0.04230179
    0.03940622
    0.04117631
    0.04470327
    0.01743072
    0.04960006
    0.04565288
    0.32022368
    0.04854628
    0.02839515
    0.03317188
    0.03396978
    0.03428649
    0.02721770
    0.31338088
    0.05481314
    0.04631721
    0.04598049
