$coord
-0.04341534581754 -1.07195168265427   0.57500650380379  c
-1.85100723018632  1.09787873851261   1.36580965417031  c
-0.61956415920650  3.72115109323553   1.02610366593926  c
 1.07441257831218  3.99937637756626  -1.29809531995960  c
 2.76049184459488  1.66939068385335  -1.58269113599884  c
 1.07110786173569 -0.62544804921011  -2.08022456977361  c
 2.35889423699774 -0.92092365841488   2.21405061192372  c
 3.97630914592084  1.02930991550139   0.91132302180854  c
 2.57888713928581 -2.63451454973822  -2.95578726891814  o
-1.47043267739140 -3.59019909227490   0.83415771919035  c
 6.09003937248105  2.00764356736920   1.80208964855573  c
-4.48788180861591  0.96154483496325   0.25713350453569  c
-6.41265482257545  0.32672345088538   1.73082815989061  c
-2.12939892720116  0.85106282965169   3.40671184614603  h
-0.04197919270158 -5.76610195672771   0.25295152399047  o
-4.95078826690774  1.62946996566284  -2.45662047701197  c
-2.10468788931757  5.15377376407985   0.99590877719912  h
 0.54553206596802  4.09030613706795   2.68832350489701  h
-0.03454933721891  4.23579780818984  -3.02012819633052  h
 2.24304675837638  5.68398484997442  -1.06851727965400  h
 4.14225277695668  1.92846114916387  -3.08914120173519  h
-0.39233151393110 -0.21244903112449  -3.48880596230231  h
 3.37131096054046 -2.72307898232340   2.19096967031526  h
 1.96152971985656 -0.44038226193631   4.17890270444590  h
 1.71288914795171 -4.20231654323218  -2.57045354178763  h
-3.05376920286113 -3.62087225161117  -0.49105459770460  h
-2.24644026411282 -3.73509798465713   2.75453035147614  h
 6.83897810360708  1.47887542116402   3.61981339970163  h
 7.16284985062167  3.37346316584529   0.74341904255837  h
-8.32209116360888  0.25071017954841   1.03050351300949  h
-6.17202111645123 -0.15189641896753   3.69445334186768  h
 1.29226834094798 -5.94580103688954   1.48064094598475  h
-4.02332480494459  3.39174870007635  -2.95779759849876  h
-4.24994670283049  0.15515042077502  -3.70987642441061  h
-6.96756901838560  1.83546063911226  -2.79504095788124  h
$end