           1           2  0.958543836984861     
           2           3  0.982883964799931     
           3           4   1.00851266564547     
           4           5  0.980261835068466     
           1           6  0.964246354452639     
           5           6  0.976526308312866     
           1           7  0.982529910504319     
           5           8  0.994678843145573     
           7           8   1.00538600953974     
           6           9  0.987069527884814     
           1          10  0.976903305133533     
           8          11   1.93778431901437     
           2          12  0.997968916693405     
          12          13   1.92516909900573     
           2          14  0.961157008835741     
          10          15  0.987878442170669     
          12          16   1.02716884279221     
           3          17  0.975182560036960     
           3          18  0.976497984468826     
           4          19  0.970294853222732     
           4          20  0.975609562765074     
           5          21  0.962328345822442     
           6          22  0.952062454056944     
           7          23  0.952513442868055     
           7          24  0.966829343299665     
           9          25  0.854580137485781     
          10          26  0.968652267073128     
          10          27  0.969373114682399     
          11          28  0.975116096568072     
          11          29  0.974974864266486     
          13          30  0.975249731670726     
          13          31  0.975249000628733     
          15          32  0.880535182743423     
          16          33  0.968244720505203     
          16          34  0.961202865449696     
          16          35  0.982187230664745     
