    0.01454985
   -0.06552318
   -0.05855043
   -0.06413428
   -0.01913206
    0.11422160
   -0.03068630
   -0.06034060
   -0.06241920
   -0.03489606
   -0.33581374
    0.14055978
    0.02859702
    0.02688772
    0.01296584
   -0.10568429
   -0.11297490
   -0.11164682
   -0.10681741
    0.03330293
    0.03080614
    0.03461322
    0.03100305
    0.03208338
    0.03283825
    0.03204519
    0.03015761
    0.02703839
    0.03771405
    0.03024466
    0.03437022
    0.05565396
    0.03187292
    0.04925370
    0.04557692
    0.03657664
    0.04014815
    0.03326626
    0.04724253
    0.03303853
    0.03398880
    0.03800194
