$coord
 1.81748662207559  2.90863027406493  -0.00878055310454  c
 4.24865541328471  1.94209871358367   1.24536035662913  c
 5.64896102236753 -0.10533500040454  -0.25148063430681  c
 4.81769262639286 -2.79875676415625   0.38759976386796  c
 2.21286043122942 -3.57960420234587  -0.59928412430777  c
 0.17263499175321 -1.72018256898758   0.25489283963915  c
 0.20431752146527  0.80333987788658  -1.17718522423006  c
-0.00210909932910  4.12066939624847   1.90390349959399  c
-2.58373971182337  4.06390478395164   0.60726292274214  c
-2.57576046741363  1.67726185936132  -1.04971162457411  c
-2.25880178813181 -2.71767692882911  -0.23255809702044  o
-4.04148264206655 -0.69845183361551  -0.11502055034255  c
 0.76587477810479  0.42868684445572  -3.12760815815273  h
-3.28043994941147  2.14757596564131  -2.93088522923409  h
 0.37210373921940 -1.39705216379968   2.30075365709437  h
 1.58341203363447 -6.24431529414562   0.31671770934315  c
-6.20482792114718 -1.36692739202461  -1.91200237443891  c
-5.07695490646402 -0.50439150915448   2.58498320131372  c
 2.50856955578124  4.83118015147158  -2.06046283157109  c
 5.50216104981836  3.56174625417756   1.50876695670459  h
 3.82870115161379  1.20414628587883   3.12577836450237  h
 5.44228710823293  0.22084074624460  -2.27544881000346  h
 7.66229887784899  0.03895096667882   0.18708469677795  h
 4.84639143558907 -3.03004275764232   2.44048614917652  h
 6.20546237628476 -4.11318498909688  -0.39498908548113  h
 2.24007607224648 -3.59352080448125  -2.66927996939169  h
 0.56915299984039  6.03094867947783   2.41743189106787  h
-0.05216162609318  2.99004346331670   3.62821916928186  h
-4.12564085580296  4.09758417214267   1.96322083614418  h
-2.79249483784275  5.72430031948035  -0.59625807827307  h
 1.54466718316360 -6.30249358542355   2.37138788386441  h
-0.26305014594970 -6.80162751480342  -0.38188130559164  h
 2.99146772041773 -7.58409892617759  -0.35260737884716  h
-7.12524721695041 -3.08989857410860  -1.27901124056923  h
-5.47017916367748 -1.68610473922395  -3.80352141459690  h
-7.58283942409292  0.15513269646677  -1.96461632348775  h
-3.62030851285979  0.08524012824152   3.90541692410255  h
-6.65219279595021  0.80923787998695   2.67651661606276  h
-5.74213618204149 -2.36492472345039   3.15151255358954  h
 3.38829220315411  6.49027467443565  -1.22188214602314  h
 3.83360842208507  4.01341003084962  -3.40192404397142  h
 0.84131820177274  5.43331392551784  -3.09605674444227  h
$end