           1           2  0.987423444925134     
           2           3   1.00517739171127     
           3           4   1.00774856375475     
           4           5  0.996740438111147     
           5           6  0.981329555773883     
           1           7  0.976320453678105     
           6           7  0.974032996267920     
           1           8  0.983606876244956     
           8           9   1.00706297795901     
           7          10  0.981284161380543     
           9          10  0.995709424616927     
           6          11  0.971058866727027     
          10          12  0.959632017243368     
          11          12  0.957198567211386     
           7          13  0.968321435032903     
          10          14  0.973917834069986     
           6          15  0.954876722723393     
           5          16   1.00628745573476     
          12          17  0.995548159033490     
          12          18  0.991073909065970     
           1          19  0.998893239044252     
           2          20  0.976426863012921     
           2          21  0.972537336388793     
           3          22  0.973761192980244     
           3          23  0.978135842135668     
           4          24  0.974756395669640     
           4          25  0.976197437436381     
           5          26  0.966453916173261     
           8          27  0.978291157737370     
           8          28  0.974199818918862     
           9          29  0.973565789839173     
           9          30  0.979463807396938     
          16          31  0.986943924085564     
          16          32  0.983652828435195     
          16          33  0.986724934637913     
          17          34  0.984175243995997     
          17          35  0.984979333076262     
          17          36  0.986066740860408     
          18          37  0.982109604253237     
          18          38  0.983622686033436     
          18          39  0.983230198213472     
          19          40  0.985063929542367     
          19          41  0.982962828226615     
          19          42  0.984429441612778     
