   -0.05300572
   -0.06578602
    0.13580416
    0.00657616
    0.00967186
   -0.06104054
   -0.05729226
   -0.05944976
   -0.02138743
    0.01131836
   -0.03308330
   -0.06173840
   -0.01747546
    0.12162223
   -0.07727379
   -0.06718218
    0.13119876
   -0.28866162
   -0.40216026
   -0.11471267
   -0.11027293
   -0.10437959
   -0.10547374
    0.02726987
    0.03386771
    0.03229111
    0.03883657
    0.03414034
    0.03777265
    0.03424458
    0.02896813
    0.02847167
    0.03342871
    0.03318305
    0.04146052
    0.04669183
    0.02659411
    0.04253395
    0.29443957
    0.04972398
    0.04307095
    0.05049285
    0.03614024
    0.04465982
    0.03476574
    0.03456319
    0.03177775
    0.03542912
    0.04062200
    0.03245367
    0.03629049
