$coord
 2.60973425698261  2.40577567123144   4.05337155843170  c
 4.78548327202853  2.69760486301480   2.18477879486949  c
 4.15549930677441  1.76880040226015  -0.50593187065071  c
 3.07599934630420 -0.98820131886992  -0.46245532113931  c
 0.66927407862403 -0.88222776961409   1.19436112299654  c
 1.42494721918445 -0.22153596703753   3.93190700912011  c
 2.34371920028398 -1.83034267891784  -3.14158218471869  c
 0.86495385150937 -4.29824380554895  -3.08909686120138  c
-1.64212932582598 -3.97764609597412  -1.69872381552837  c
-1.29896338984382 -3.09805292904489   1.07687425404902  c
-0.94022327014055  1.23843972583446   0.22313244357311  c
-3.79615832842948 -1.74000379236702   1.83119615841563  c
-3.47682127423917  0.83027323728419   0.68430094758147  c
-5.22762949144671  2.62616263791948  -0.07364893539284  c
-4.33622292104138  4.76893161556375  -1.32110636097662  c
-1.79476912468983  5.11685620734065  -1.84448401522090  c
-0.03900944992295  3.32069227069536  -1.06092932080196  c
 2.45110993452979  3.54858025844018  -1.64293469006202  o
-7.74521683579439  2.23983179434223   0.38023173398802  o
 6.54401477647820  2.00060226074286  -2.12720201343284  c
 5.06909572240215 -2.83708066566048   0.55131027171526  c
-3.19785716103956 -6.39985638310481  -1.95277231457425  c
-0.76283329981067 -5.31115703516696   2.84639155112692  c
 3.30802822571218  2.76109631299138   5.96435016826194  h
 1.16392083839017  3.82213852092982   3.65282938555234  h
 6.44441832742994  1.68888981513101   2.87440712511816  h
 5.29753282941012  4.69289801738771   2.04581002879793  h
-0.24575804508917 -0.23164387775656   5.13716883755840  h
 2.75072280372206 -1.61762310005035   4.66063651527505  h
 1.18946427247511 -0.37934292322574  -4.04654258294460  h
 4.04405218091400 -2.08348711314318  -4.28109682185986  h
 0.47231550350316 -4.88404831101416  -5.03010707231672  h
 1.98662207310281 -5.79044101997591  -2.21700913974471  h
-2.67345423475207 -2.46675319019743  -2.67081824576412  h
-3.99868564846336 -1.61960727865598   3.88169335599178  h
-5.46456671109994 -2.69923452786546   1.10361999520080  h
-5.67781667391886  6.18454057924444  -1.93857297993078  h
-1.16663955467461  6.76166450454222  -2.86988643327474  h
-8.69445683493194  3.64647674690462  -0.28226982150437  h
 7.19207391618643  3.94921997709240  -2.06706420466419  h
 8.03675950371213  0.78284944088104  -1.42812185816384  h
 6.13179176006408  1.53403732309673  -4.08131851797910  h
 6.08930764652575 -2.09112588408512   2.16407904820782  h
 4.17992190593290 -4.58907133250376   1.13421468006923  h
 6.43710718794398 -3.27886012948888  -0.91752384893004  h
-4.96377917970857 -6.27965740530026  -0.91138159897206  h
-3.65323708413734 -6.71423489250692  -3.93336649071611  h
-2.14737923608096 -8.03185411899854  -1.27958900411202  h
-2.43232764950392 -6.49854863467376   2.99810785973052  h
 0.78433391712862 -6.47438816150484   2.16011782830315  h
-0.29430272460679 -4.65642860560868   4.73370453071556  h
$end