           1           2   1.00803303140394     
           2           3  0.975845010794918     
           3           4  0.947337350757756     
           4           5  0.963011738834969     
           1           6   1.00675196498166     
           5           6  0.969127666065665     
           4           7  0.987119699067132     
           7           8   1.00706648315021     
           8           9  0.998168541981415     
           5          10  0.948569034453678     
           9          10  0.972293307615558     
           5          11  0.986911994622141     
          10          12  0.975197379461847     
          11          13   1.38876442304084     
          12          13   1.01203458553507     
          13          14   1.35722354377079     
          14          15   1.36592712381220     
          13          16  0.101910287493558     
          15          16   1.45273937750283     
          11          17   1.35181651062716     
          16          17   1.35140103871413     
           3          18  0.940413785866254     
          17          18   1.05875559018049     
          14          19   1.05079009647568     
           3          20  0.993778269437267     
           4          21  0.998074666244663     
           9          22   1.00769725951182     
          10          23   1.00657360729378     
           1          24  0.975846950712893     
           1          25  0.975579960565767     
           2          26  0.970588718017293     
           2          27  0.974356060941766     
           6          28  0.972217291591939     
           6          29  0.970833883365797     
           7          30  0.973084763088357     
           7          31  0.971947886050846     
           8          32  0.975026551459479     
           8          33  0.972235509825158     
           9          34  0.964401297650836     
          12          35  0.957688854620350     
          12          36  0.965733676704914     
          15          37  0.966544832944077     
          16          38  0.969331572072370     
          19          39  0.892769474976457     
          20          40  0.983281807988637     
          20          41  0.983272142145116     
          20          42  0.981611714176309     
          21          43  0.977426184495911     
          21          44  0.975981072237071     
          21          45  0.982606477462873     
          22          46  0.981943743402533     
          22          47  0.985979559797212     
          22          48  0.985653168610076     
          23          49  0.981880580313206     
          23          50  0.978058084567197     
          23          51  0.981184377181526     
