   -0.06933563
   -0.06566080
   -0.05305996
   -0.03630062
   -0.06586916
    0.07148967
   -0.02351326
   -0.04618432
   -0.19906178
    0.05194512
   -0.00909432
    0.01288197
   -0.06872143
    0.02272580
    0.00370967
   -0.03823552
   -0.03951443
   -0.02330282
    0.29793867
   -0.02424432
   -0.05523475
   -0.71535841
    0.05067389
    0.36226384
   -0.45333924
   -0.26501423
    0.02911165
    0.04773552
    0.05007350
    0.05109117
    0.03987109
    0.02732972
    0.03079279
    0.02862172
    0.03136451
    0.16964342
    0.03809866
    0.08804794
    0.04726037
    0.05180058
    0.05473602
    0.05811328
    0.07448297
    0.06964879
    0.05294905
    0.06025120
    0.05511347
    0.08612902
    0.06805597
    0.06709396
