$coord
-0.53213886108865 -0.99465856028376  -5.30811712496757  c
 1.47406745221015  0.99807947611970  -4.70039075256234  c
-4.87934645244990  5.70504441882072   1.30886703042835  c
-6.83199889186944  4.84396672856441  -0.20439981129016  c
-6.58655941567666  2.56384661913581  -1.43499897007762  c
-4.40578322835960  1.10002380783364  -1.16749489139523  c
-2.44697771293009  1.92239958408638   0.40868607460661  c
-2.73334859256062  4.24261461950988   1.60380248126228  c
-4.24621647076418 -1.18101682328443  -2.38595989215297  n
-1.81826154187888 -2.23401240163614  -2.98252367576772  c
-0.08206294569076 -2.21321566100162  -0.62946929550926  c
-0.10337521778525  0.33864448257911   0.84981963269095  c
 2.62211843295969 -2.49231132937518  -1.65515021516337  c
 3.17942546990976  0.24820527386979  -2.44947350408165  c
 2.30278701620036  1.63720202255701  -0.10571478017576  c
 5.89515955902607  0.93798462536123  -2.88691094986077  c
 7.22344782395351  2.34067538780014  -1.28912249893809  c
 6.27368242917459  3.19969905025993   1.25562563277948  c
 4.25043976582477  1.41090568631006   1.98300872513271  n
 2.64893166265648  1.96140993597562   4.21136257243275  c
 0.45438978748831  0.12852854304494   3.73009924785089  c
 5.32113738086876 -0.82402520744970   2.36221840811571  o
 2.03007131418198  3.65815252899693  -0.42805608789011  h
-0.93553501760439 -4.44985288466712   0.94736298066439  c
-0.02761482222845 -6.52920778206875   0.85675472121329  o
-2.95748291733593 -3.87057911508833   2.35242108730245  o
-3.98775816333474 -5.87264664887085   3.81078962819803  c
 0.33766382470206 -2.48603720374571  -6.43347251857194  h
-1.99775415698931 -0.13222827984487  -6.47983917440154  h
 2.63024042614711  1.28644059527447  -6.38575054606291  h
 0.55324472028817  2.79723285083621  -4.27959731983293  h
-5.02752198990497  7.49954705527720   2.26719449327944  h
-8.52763341619811  5.95506665226589  -0.43653964993602  h
-8.08824264272620  1.87315401554233  -2.63670915445018  h
-1.25583261920632  4.94979680093108   2.81641656452477  h
-5.62003187785539 -1.51603760559578  -3.66612795710476  h
-2.14807478700904 -4.22625577747086  -3.46896066059949  h
 3.92309049660610 -3.00843981448926  -0.13809431703886  h
 2.75315303252645 -3.86158411888664  -3.17733701432680  h
 6.74165191615696  0.27679286531359  -4.62269033733104  h
 9.16066107620613  2.83099444797185  -1.70314403762568  h
 5.59507178654066  5.15632645979834   1.22197957387710  h
 7.78441421898052  3.01591907157025   2.64930690179376  h
 3.70684922885551  1.48406080716454   5.91088798238251  h
 2.08214490417107  3.94342050077687   4.25367397577465  h
-1.20061787883039  0.54801474449897   4.87364259325276  h
 1.14601043388126 -1.75902601251753   4.17448689655984  h
-5.60165005622010 -5.08478850646873   4.80730238888993  h
-4.57731714624142 -7.42499298623471   2.58571049982968  h
-2.58367509944152 -6.58307346775070   5.14576425551724  h
$end