           1           2   1.00874722227459     
           3           4   1.41491794054212     
           4           5   1.47001061018832     
           5           6   1.33728474685448     
           6           7   1.32270534960348     
           3           8   1.43819175486927     
           5           8  0.101248081546964     
           7           8   1.42322435566146     
           6           9   1.15450189958289     
           1          10  0.967825965694794     
           9          10   1.00571681192396     
          10          11  0.942028839526992     
           7          12  0.991103160772284     
          11          12  0.954296991768332     
          11          13  0.978493576511010     
           2          14  0.965365319908135     
          13          14  0.965984561535498     
          12          15  0.963890090343665     
          14          15  0.980048478907706     
          14          16   1.00423751712573     
          16          17   1.92974310773094     
          17          18   1.01484147845815     
          15          19  0.892783094753715     
          18          19  0.939597618526651     
          19          20  0.937838017864152     
          12          21  0.965216297905429     
          20          21   1.00504128504169     
          19          22   1.03856084053902     
          15          23  0.959487499361357     
          11          24  0.948869306298659     
          24          25   1.72530203345947     
          24          26   1.14193092404252     
          25          26  0.169633364431025     
          26          27  0.947584137769805     
           1          28  0.978396025970202     
           1          29  0.972995267426109     
           2          30  0.974417885090452     
           2          31  0.975914315158404     
           3          32  0.971600407905851     
           4          33  0.970946783494046     
           5          34  0.967082103039063     
           8          35  0.960331482420055     
           9          36  0.938916982021011     
          10          37  0.961878260081317     
          13          38  0.947564007687520     
          13          39  0.973810068478138     
          16          40  0.963322883229335     
          17          41  0.964484711066705     
          18          42  0.955801926260932     
          18          43  0.964451997680850     
          20          44  0.972823433131055     
          20          45  0.964208276375649     
          21          46  0.974438670332215     
          21          47  0.972361058576050     
          27          48  0.979110949912475     
          27          49  0.976453250800906     
          27          50  0.976491745606225     
