   -0.00815772
   -0.03284352
   -0.06121468
   -0.06076420
   -0.02961095
    0.12055539
   -0.07160560
    0.01881680
   -0.48737211
    0.07820221
   -0.11305243
    0.01155408
   -0.11525945
    0.04487599
   -0.49155393
   -0.11264118
    0.04111719
    0.04242484
    0.04232943
    0.04122750
    0.04512752
    0.01867826
    0.05317005
    0.04867313
    0.31284895
    0.02563584
    0.04749100
    0.03384193
    0.03485033
    0.03258206
    0.02940824
    0.30977770
    0.05682248
    0.04939750
    0.04466736
