           1           2  0.957006040266070     
           2           3  0.986593134469451     
           3           4   1.00873485202833     
           4           5  0.978763146294720     
           1           6  0.961281748107680     
           5           6  0.978992268071151     
           1           7  0.981156246309793     
           5           8  0.995090162794971     
           7           8   1.00636368906456     
           6           9  0.980820363799537     
           1          10  0.977497252974846     
           8          11   1.93680750598926     
           2          12  0.998551602504438     
          12          13   1.90700334432162     
           2          14  0.960247197923528     
          10          15  0.992015928552838     
          12          16   1.02762908910987     
           3          17  0.974188517014087     
           3          18  0.975863914687513     
           4          19  0.972427439778445     
           4          20  0.976081305281133     
           5          21  0.962747425486872     
           6          22  0.953127918808281     
           7          23  0.957346802167406     
           7          24  0.965791432672371     
           9          25  0.882541291827401     
          10          26  0.968101099643071     
          10          27  0.968617779579411     
          11          28  0.975157507623875     
          11          29  0.974950502898511     
          13          30  0.975190877169779     
          13          31  0.974716224044302     
          15          32  0.869220841414543     
          16          33  0.966059155134597     
          16          34  0.959953268905760     
          16          35  0.982735917788650     
