$coord
 0.22739328635798 -1.29283326210099  -0.48543737470243  c
 1.12916383066357  1.19196607635726  -1.75676934523118  c
-0.93457019846686  3.23650629782704  -1.56572250466146  c
-2.31980726937528  3.29281927540646   0.96509774382269  c
-3.17641437104180  0.62513384312442   1.70427791865438  c
-0.80985034494853 -0.97313972600596   2.21276803401538  c
-2.21002122695209 -2.16490314832250  -1.82374644266727  c
-4.29892046753057 -0.72595209705575  -0.53386929917543  c
 0.91092021837011  0.04726282216185   3.96280408645134  o
 2.30242335768272 -3.30369500925129  -0.57934162699834  c
-6.69238194085513 -0.65263597040155  -1.23515258522272  c
 3.74008583928651  2.10522286662629  -1.00944977472418  c
 5.72217390837021  1.43210289657125  -2.38764647215302  c
 1.29986062009188  0.71207999967139  -3.76852069588388  h
 1.33099802334313 -5.63678507266659   0.28990631929475  o
 4.06570540325419  3.84157555448419   1.19765951088024  c
-0.10447396011253  5.08332904263615  -1.95814413604101  h
-2.33386737428906  2.87960258940604  -3.04030081768449  h
-1.09240852732128  4.02143578123033   2.45119213364782  h
-3.95913909623466  4.53666331163512   0.80854926303095  h
-4.46187998423163  0.70746287434790   3.32041779610146  h
-1.38429619497885 -2.86743029367954   2.85350813310375  h
-2.16519359488161 -1.84082467982067  -3.85715085314371  h
-2.45625098528773 -4.18953536943326  -1.50789824941575  h
 0.12363309829077  0.02282370018298   5.60239570114215  h
 3.87899393588978 -2.67921440041782   0.61133536096614  h
 2.98385768578510 -3.50103410359321  -2.53158256249138  h
-7.35840007730090 -1.65065692586054  -2.87910499919488  h
-8.08279177212588  0.40782913993359  -0.19429631950670  h
 7.60540416168788  2.05744286837582  -1.93388978146715  h
 5.56257960159144  0.22232023021370  -4.01767527405074  h
 2.70255138819998 -6.82449961238426   0.39410865092990  h
 3.01146478791541  5.58620915091419   0.92083543144846  h
 3.38098292580427  2.93255799911562   2.90384572089645  h
 6.04978979904792  4.31659305832139   1.44118787227138  h
$end