   -0.00027215
   -0.03744579
   -0.06110461
   -0.05829689
   -0.03366036
    0.11450647
   -0.07041248
    0.01489733
   -0.48598088
    0.08581269
   -0.11370488
    0.00816923
   -0.11297313
    0.04672794
   -0.48352927
   -0.11119076
    0.04238683
    0.04291232
    0.03810455
    0.04137944
    0.03255180
    0.02315032
    0.06608556
    0.04848442
    0.30755336
    0.01693147
    0.04191942
    0.03331348
    0.03254888
    0.03442164
    0.02766963
    0.32432811
    0.05334271
    0.04524863
    0.04612496
