           1           2  0.959136428921453     
           2           3  0.983344903315122     
           3           4   1.00850672856765     
           4           5  0.979061439241738     
           1           6  0.968891970210369     
           5           6  0.976504928565553     
           1           7  0.982184052248403     
           5           8  0.993734341081086     
           7           8   1.01088928871433     
           6           9  0.969820804470010     
           1          10  0.975685023468636     
           8          11   1.93386157283331     
           2          12  0.998221890891420     
          12          13   1.92692853746291     
           2          14  0.960677215086261     
          10          15   1.00424595388950     
          12          16   1.02583000203011     
           3          17  0.975228267243769     
           3          18  0.976824707526522     
           4          19  0.970258985197938     
           4          20  0.975744556027819     
           5          21  0.961476895529813     
           6          22  0.953828776249299     
           7          23  0.951477770597156     
           7          24  0.964244098613107     
           9          25  0.883306655273202     
          10          26  0.966171955653861     
          10          27  0.970813832521742     
          11          28  0.975260440359422     
          11          29  0.975039509504918     
          13          30  0.975281622542633     
          13          31  0.975261281128941     
          15          32  0.860466971180817     
          16          33  0.970007757000443     
          16          34  0.961835754310618     
          16          35  0.981891858887040     
