    0.00177725
   -0.03476000
   -0.06234403
   -0.05813375
   -0.03605865
    0.10532098
   -0.06892181
    0.00908134
   -0.48702279
    0.08630070
   -0.11307754
    0.01287591
   -0.11354116
    0.05626032
   -0.47570402
   -0.11540849
    0.04060378
    0.04101228
    0.03850973
    0.04133614
    0.04126619
    0.04473480
    0.04851179
    0.05683494
    0.30995529
    0.02828863
    0.02533876
    0.03402322
    0.03436104
    0.02891305
    0.03062156
    0.30537026
    0.05609260
    0.04766191
    0.03991978
