$coord
 0.16177859557445 -1.19778416838534   0.22828281050439  c
-1.85000210766348  0.77243424087914   1.23366050803087  c
-0.66837376227440  3.46969391509666   1.43400047070831  c
 1.08140373685252  4.22197250156470  -0.77905741205815  c
 2.84985241900927  2.01269058941268  -1.54474028530846  c
 1.22582141210647 -0.26939181443974  -2.36420221552664  c
 2.56818443531001 -1.07662722586273   1.94712039603835  c
 4.23555054548521  0.96981688763916   0.76060216697691  c
 2.66894327321709 -2.14499144434315  -3.69607574804788  o
-0.91793383819402 -3.88034725366823   0.05374755675566  c
 6.52289097091228  1.68750850411863   1.56359050531827  c
-4.39872886935241  0.70380611107283  -0.14947878399808  c
-4.89531805993162  1.87983787497526  -2.34518782532769  c
-2.25854177894148  0.17873806908876   3.18731149206035  h
-1.65632776609329 -4.69623364179941   2.53886408675623  o
-6.48354785450141 -0.71596987445138   1.22072691059389  c
-2.18911096162521  4.87223238080180   1.65121209128717  h
 0.44367897538175  3.55288128111554   3.19281198819843  h
-0.02095994630123  4.80584673681038  -2.44756002151539  h
 2.22904738499515  5.86866569067677  -0.22265723634977  h
 4.14553392051013  2.62951596942108  -3.05228186036033  h
-0.28555348765152  0.25232628076139  -3.68626009809105  h
 3.55851405615717 -2.91152400183509   1.94992371643006  h
 2.10699742752338 -0.66516544078699   3.93293887462525  h
 4.24069667337343 -2.46000579421507  -2.76828541767535  h
 0.54375379854918 -5.14557192679098  -0.72919970610680  h
-2.54040259093945 -3.91430273117186  -1.26544519035665  h
 7.39609202267890  0.86702410962812   3.24621101530786  h
 7.60923838852263  3.13966156827071   0.57544312820424  h
-6.77475667863458  1.78507328166516  -3.19581766474362  h
-3.50704229720997  3.00036585842834  -3.37293897929144  h
-2.23779347361452 -6.44543924268533   2.40580891452523  h
-5.89124419825222 -2.64574236679902   1.72056045922812  h
-6.93752439389735  0.24079277878333   3.01959855495228  h
-8.22498100713467 -0.81719103115904   0.09036694499972  h
$end
