           1           2  0.958334729610055     
           2           3  0.985871172540428     
           3           4   1.00851827508266     
           4           5  0.978495980001683     
           1           6  0.959568269428732     
           5           6  0.973983564745298     
           1           7  0.982282507094670     
           5           8  0.994298194450924     
           7           8   1.00676385840733     
           6           9  0.983006889978124     
           1          10  0.987370961613026     
           8          11   1.93481312733054     
           2          12  0.997020152412429     
          12          13   1.92716915263766     
           2          14  0.961598327048387     
          10          15  0.984694813517442     
          12          16   1.02456411905172     
           3          17  0.976318160541192     
           3          18  0.976974095655151     
           4          19  0.970172333356366     
           4          20  0.975705557574931     
           5          21  0.963133560382495     
           6          22  0.957754576446543     
           7          23  0.957709425289616     
           7          24  0.962358037886206     
           9          25  0.884003004423728     
          10          26  0.968299947317395     
          10          27  0.967279566848490     
          11          28  0.975073978895282     
          11          29  0.974879400093114     
          13          30  0.974496983060110     
          13          31  0.967440851396448     
          15          32  0.893437346490907     
          16          33  0.971475677212770     
          16          34  0.966667942205956     
          16          35  0.984208914889346     
