$coord
-0.11957490555261 -1.49286586253834  -0.60349337104776  c
 1.07764011320567  1.01892995155460  -1.72147065868816  c
-0.87703183303238  3.23218804154208  -1.57216296505173  c
-2.41102678598990  3.36915904215554   0.91219944429819  c
-3.39903788164183  0.72737125050323   1.69275659522358  c
-1.16119954785095 -1.11038178239224   2.12819611800124  c
-2.66335620335405 -2.00344926791951  -2.02510297503103  c
-4.68456395517202 -0.54662205642126  -0.54491970541967  c
 0.63866293773070 -0.45665915437764   4.04147691051395  o
 1.60342189074074 -3.84148452678358  -0.75058688899004  c
-7.14699039377814 -0.44565893559957  -1.10229823850999  c
 3.72599531069952  1.78676822856186  -0.78919751798627  c
 4.14798858799023  3.56466233801508   0.98213024104980  c
 1.33657869181107  0.60158989809131  -3.75116950454580  h
 3.70844129223423 -3.82884452318839   0.94740727894593  o
 5.94457627321363  0.65030023309533  -2.20772655090457  c
 0.09643375970673  5.03651602244937  -1.91581284716663  h
-2.22583163756578  3.00811228137252  -3.14083402073850  h
-1.28791233290530  4.17096644888143   2.47340308231184  h
-4.02719053767707  4.65476213357385   0.64566922061765  h
-4.64267123313757  0.87801284860229   3.35342592977506  h
-1.94440821712559 -2.93380022943695   2.77675026879373  h
-2.58020390196852 -1.44566599123920  -4.02833130783788  h
-3.10105701666128 -4.04188867790229  -1.99388846378827  h
 1.69744003904727  0.94579810036822   3.45082737744737  h
 2.38250343641406 -4.05056703490428  -2.67316051466939  h
 0.40818326541343 -5.52566473234132  -0.39071818301304  h
-7.92914513633390 -1.40654674020989  -2.75528004851226  h
-8.48051153414016  0.60131517858375   0.07649334747689  h
 6.07016283191262  4.10952131270100   1.49881630986201  h
 2.64638525188869  4.61028517091953   1.93427830338002  h
 3.12111490252816 -3.10675799365610   2.55418734236895  h
 5.99849233739495 -1.41553968022973  -2.03324415976524  h
 5.79734607485579  1.10747105722834  -4.23780964945814  h
 7.75203616227633  1.40308365722905  -1.50902895662818  h
$end
