$coord
-1.59047992680433  2.94922507628499   0.65762602886166  c
-4.39696123593865  2.31235331378905   0.14807125853533  c
-4.96693400675436  0.71190293257961  -2.22448046426011  c
-3.49665886811291 -1.81475173564636  -2.38758404991245  c
-2.89670667706590 -2.98092080184667   0.22101753392180  c
-0.33792937594457 -2.00005099540798   1.26020887941240  c
 0.01824623953517  0.85841234137338   1.96068042663078  c
-0.06171504458420  3.61116319340270  -1.73711006145088  c
 2.69356033711708  3.60791635727273  -0.79226247730346  c
 2.81118133504235  1.41459900477456   1.15052335898090  c
 1.56452910043100 -2.55515136680733  -0.54071395062993  o
 3.78031104529411 -1.18673584106743   0.09781618529361  c
-0.21799777335681  1.03441587165064   3.97959043396579  h
 3.96663425318892  1.95081366576114   2.74444524704668  h
 0.03373940575953 -3.05910673370121   2.99298243022386  h
-2.72666640773482 -5.89694615716972   0.00936197534481  c
 5.43809454722020 -1.03927701860905  -2.30714505495919  c
 5.27594387457148 -2.58611926530360   2.21781854633704  c
-1.57785474337670  5.25761905913806   2.47466856910813  c
-5.16286392350423  1.39421316639038   1.80487507167755  h
-5.40525538420354  4.08202973801721  -0.04845990715247  h
-6.97563131798480  0.31310533652719  -2.22352952640669  h
-4.58773589059644  1.82444430223054  -3.89904918313521  h
-1.72390513838543 -1.56509369567017  -3.37444082583393  h
-4.60011114443216 -3.14393321112641  -3.48178140187023  h
-4.36967205123728 -2.51221888786600   1.55651258893771  h
-0.62543309266586  5.40379855587947  -2.53997637420118  h
-0.30750354610733  2.16350428823504  -3.15425002401249  h
 4.04150845249511  3.39039244014595  -2.30584055171211  h
 3.11323800427721  5.37630511526002   0.14104524361333  h
-1.25377231274344 -6.40753640201909  -1.31908479124612  h
-2.28302385783234 -6.73390896404328   1.82426183516504  h
-4.50507324468871 -6.66716393380074  -0.64997575660525  h
 7.06126120110506  0.16724074139222  -1.98941840575455  h
 6.09641888587182 -2.91900102723288  -2.78618477262272  h
 4.35144341200717 -0.31234875536249  -3.88085538236639  h
 7.03846128152430 -1.61018407698948   2.58032937328578  h
 4.19771414898569 -2.64635427626980   3.95453737616932  h
 5.68956428968752 -4.50271500562490   1.62754231420929  h
-2.34648849463147  6.90404092842653   1.53511780820049  h
-2.72964090701064  4.85222385588847   4.11605202311718  h
 0.31269855220485  5.69269969554698   3.11217744368045  h
$end
