    0.01113853
   -0.03535367
   -0.06166143
   -0.06025774
   -0.03413545
    0.11301727
   -0.06797109
    0.01626695
   -0.49006850
    0.08465915
   -0.11371768
    0.01026632
   -0.11108467
    0.05642061
   -0.47519035
   -0.11020421
    0.04067815
    0.04123970
    0.04247879
    0.04051008
    0.03369238
    0.01727879
    0.05784948
    0.05417082
    0.30870648
    0.03531192
    0.02191972
    0.03321479
    0.03291523
    0.02855174
    0.03416541
    0.30576392
    0.05300075
    0.04300887
    0.04341896
