           1           2  0.956191702747209     
           2           3  0.989187330739403     
           3           4   1.00865029571223     
           4           5  0.978508103749878     
           1           6  0.968410497576824     
           5           6  0.975469355350521     
           1           7  0.980722269891341     
           5           8  0.994063841487617     
           7           8   1.00934894852397     
           6           9  0.974575585062508     
           1          10  0.987584601200128     
           8          11   1.93463516670904     
           2          12  0.997431683082220     
          12          13   1.92672453421279     
           2          14  0.958506968965479     
          10          15  0.986205077749712     
          12          16   1.02613059136122     
           3          17  0.973948102150695     
           3          18  0.975796378500376     
           4          19  0.972073060289044     
           4          20  0.976262922474723     
           5          21  0.962114130349726     
           6          22  0.952743099950868     
           7          23  0.956566060469026     
           7          24  0.964072352876563     
           9          25  0.886303572282533     
          10          26  0.967777269458902     
          10          27  0.967624915729088     
          11          28  0.975229031248052     
          11          29  0.975000821076820     
          13          30  0.975512355931236     
          13          31  0.974934854579427     
          15          32  0.893375060024271     
          16          33  0.967993724656537     
          16          34  0.962263020797311     
          16          35  0.983012131858238     
