    0.01693260
   -0.06234845
   -0.05882219
   -0.05610572
   -0.01628389
    0.11657069
   -0.03485495
   -0.06237720
   -0.05829216
   -0.03318287
   -0.32567976
    0.14023190
    0.02321835
    0.02272257
    0.00353287
   -0.10662438
   -0.10961639
   -0.11391786
   -0.10663320
    0.03332882
    0.02882583
    0.02290510
    0.05499783
    0.04326215
    0.02425515
    0.02852487
    0.02916338
    0.03681408
    0.03485679
    0.02884500
    0.03044810
    0.03586880
    0.04578416
    0.04810262
    0.03572846
    0.04993251
    0.03292946
    0.03433340
    0.04515621
    0.03541304
    0.03302305
    0.02903121
