           1           2  0.988118818240195     
           2           3   1.00628720602413     
           3           4   1.00714480522545     
           4           5  0.996389815280323     
           5           6  0.979538675157260     
           1           7  0.969169084264909     
           6           7  0.971470082669370     
           1           8  0.984415004273141     
           8           9   1.00857736738142     
           7          10  0.982259059455352     
           9          10  0.999522080044725     
           6          11  0.976418757847503     
          10          12  0.956150756595621     
          11          12  0.961428168641304     
           7          13  0.971923108711534     
          10          14  0.972856764819979     
           6          15  0.953527305507733     
           5          16   1.00667717009830     
          12          17  0.996715760063920     
          12          18  0.988362578998575     
           1          19  0.998457006763973     
           2          20  0.973014393313116     
           2          21  0.976166948118302     
           3          22  0.978750604104380     
           3          23  0.966782588536345     
           4          24  0.976144258618938     
           4          25  0.978875872545909     
           5          26  0.965953164108525     
           8          27  0.977542614149672     
           8          28  0.967246818415333     
           9          29  0.973763810668804     
           9          30  0.977547534650528     
          16          31  0.986594214380755     
          16          32  0.986446855394989     
          16          33  0.986560467012836     
          17          34  0.978503504987752     
          17          35  0.984053120701147     
          17          36  0.982403857390431     
          18          37  0.986097118775842     
          18          38  0.983586488362786     
          18          39  0.984980828597425     
          19          40  0.984915690439504     
          19          41  0.985213736739457     
          19          42  0.985476965776653     
