    0.01892007
   -0.06248102
   -0.05582192
   -0.06284602
   -0.01544469
    0.11312514
   -0.03376191
   -0.06045157
   -0.06082563
   -0.03207003
   -0.32670309
    0.14179985
    0.01995040
    0.02174418
    0.00290034
   -0.10587234
   -0.11042978
   -0.11495546
   -0.10854450
    0.02877844
    0.03317095
    0.02677925
    0.02960956
    0.05192102
    0.03104491
    0.02908433
    0.02652343
    0.04474138
    0.03729990
    0.02791797
    0.05153724
    0.03106287
    0.03374620
    0.03658196
    0.04940877
    0.05045196
    0.03368821
    0.03340829
    0.04467791
    0.03333752
    0.02947440
    0.03752152
