$coord
-1.57277817169458  2.94741693926167   0.63692657186287  c
-4.34446339722228  2.31663100674320   0.07651986760490  c
-4.93186189593398  0.66545753898612  -2.21905625756867  c
-3.46611139277465 -1.82069013021203  -2.36106066060194  c
-2.87548430661522 -2.96409917561275   0.22485657073052  c
-0.34543484737099 -1.98134858183423   1.24466198547378  c
 0.01369172793898  0.85161117582789   1.92038463261360  c
-0.01311024787182  3.66002684553967  -1.69427358968244  c
 2.70388795369399  3.60071683243411  -0.74116826819397  c
 2.79288697906844  1.38571046223169   1.13475887810760  c
 1.55927636765628 -2.57535839208667  -0.52769690355041  o
 3.76217049649463 -1.18216178018693   0.08731585916464  c
-0.23622987891282  1.02345770732319   3.96300300544838  h
 3.95372208895959  1.90223568041697   2.75998720589424  h
 0.03444757319938 -3.04374702089058   3.00414984989097  h
-2.71612341257137 -5.84465283091856   0.03621995885978  c
 5.36642784541778 -1.06381006088159  -2.30959125555043  c
 5.28569827045005 -2.54785200215432   2.15459865166230  c
-1.63172895353287  5.19900902576032   2.47980380209218  c
-5.15150420640468  1.45616449133244   1.76966650909687  h
-5.34022158951640  4.10603258320395  -0.20626559571944  h
-6.95478912090770  0.24839589394557  -2.14769093771262  h
-4.60309024951382  1.74555435546908  -3.94619871848987  h
-1.67249416708522 -1.56730209951768  -3.34111198016531  h
-4.57136591905986 -3.16532684840912  -3.46909524916182  h
-4.36167901066200 -2.49150475873799   1.57973188252302  h
-0.54378575607151  5.49951081399618  -2.45349474811313  h
-0.25214057107838  2.24784108842092  -3.16891312888707  h
 4.05981671542492  3.40826381868649  -2.27047357704385  h
 3.14731912716214  5.35549956452549   0.24556616229839  h
-1.22117096252466 -6.36896139656656  -1.26948145773218  h
-2.30038508132038 -6.67313924616859   1.87170223136775  h
-4.49750376133294 -6.61813807980477  -0.63706673171576  h
 6.99621718140986  0.15506267285416  -2.03816166636207  h
 6.02048679546550 -2.95910089215180  -2.75695807148013  h
 4.24665992013287 -0.39606270257678  -3.89455025111654  h
 7.08748784126849 -1.60332041023795   2.43735314823360  h
 4.26333533022627 -2.56325017017007   3.93669894866109  h
 5.63153693207398 -4.49158180582010   1.58433456296898  h
-2.35866915304174  6.87728069221315   1.53990428077631  h
-2.85995081871314  4.77500823004215   4.07463554481115  h
 0.23554503573989  5.62741272329100   3.21456947672829  h
$end