           1           2  0.987871268541156     
           2           3   1.00625874194216     
           3           4   1.00516488846977     
           4           5  0.997375667227638     
           5           6  0.979512206892900     
           1           7  0.972662028998513     
           6           7  0.966571191210461     
           1           8  0.987431255288334     
           8           9   1.00783163825322     
           7          10  0.980798855487421     
           9          10  0.995602592402816     
           6          11  0.975313632847721     
          10          12  0.959846507419202     
          11          12  0.964254795506449     
           7          13  0.974134524468072     
          10          14  0.974416534576035     
           6          15  0.956825431734767     
           5          16   1.00575100314973     
          12          17  0.995682313440029     
          12          18  0.985826081898728     
           1          19  0.993566146521485     
           2          20  0.972798260718298     
           2          21  0.973621309110662     
           3          22  0.978763831359166     
           3          23  0.977963438101943     
           4          24  0.969692281851875     
           4          25  0.976317988870915     
           5          26  0.964691974237364     
           8          27  0.977593036376744     
           8          28  0.970368098296074     
           9          29  0.972153765053293     
           9          30  0.977436816315755     
          16          31  0.985912324015451     
          16          32  0.986222813251776     
          16          33  0.986291811881888     
          17          34  0.984753146138573     
          17          35  0.982344362535511     
          17          36  0.982001077251431     
          18          37  0.986329271612532     
          18          38  0.984550139506033     
          18          39  0.985171686409711     
          19          40  0.985124410538457     
          19          41  0.986027546828913     
          19          42  0.983465755787458     
