*************************************************
******************* ORCA 6.1.1 ******************
*************************************************
$Calculation_Status
   &GeometryIndex 1
   &version [&Type "String"] "6.1.1"
   &progName [&Type "String"] "LeanSCF"
   &Status [&Type "String"] "NORMAL TERMINATION"
$End
$Geometry
   &GeometryIndex 1
   &NAtoms [&Type "Integer"] 35
   &NCorelessECP [&Type "Integer"] 0
   &NGhostAtoms [&Type "Integer"] 0
   &CartesianCoordinates [&Type "Coordinates", &Dim(35,4), &Units "Bohr"] 
              C      0.187048008772   -1.224761948237    0.198746127857
              C     -1.797158097483    0.703603463377    1.305710316625
              C     -0.701367884668    3.450947508995    1.416352222931
              C      1.033416912374    4.199958691040   -0.808521899827
              C      2.862207398285    2.024008373945   -1.527684213190
              C      1.273965279544   -0.266092916874   -2.378034265955
              C      2.601329260990   -1.134739659573    1.908749653344
              C      4.223953966160    0.991601936118    0.798525714963
              O      2.738689248458   -2.136004296616   -3.694864682818
              C     -0.940699349277   -3.901908488526   -0.016851035079
              C      6.460032254190    1.781294312596    1.674853410916
              C     -4.455661991329    0.593269856819    0.164725968792
              C     -6.409370234587   -0.108481373157    1.633921613287
              H     -2.049233681820    0.128175562999    3.291823856693
              O     -1.759745043048   -4.931466703344    2.355146275108
              C     -4.926936604802    1.361092363584   -2.557758470642
              H     -2.263643285674    4.814527250493    1.598502003549
              H      0.400365375487    3.613893554380    3.175205370424
              H     -0.082386585469    4.710484585887   -2.493769607802
              H      2.129096651421    5.891793356551   -0.284699893225
              H      4.174597858054    2.661339683590   -3.012140954673
              H     -0.198837861967    0.272120264519   -3.732623100011
              H      3.623500253837   -2.950836023752    1.825295819151
              H      2.149250708952   -0.818108579904    3.913669480878
              H      4.294377539427   -2.461854367056   -2.744963382430
              H      0.519489577571   -5.199769300797   -0.721301898897
              H     -2.496827597214   -3.909569520098   -1.412168435411
              H      7.321195355231    0.963886928612    3.365129188048
              H      7.517424013365    3.288015797184    0.738071266627
              H     -8.345214411042   -0.156899436706    0.917787337176
              H     -6.161368425474   -0.617069610857    3.621435368043
              H     -3.351111062014   -4.105178440279    2.806576273894
              H     -4.061911468949    3.201965715121   -2.997283148485
              H     -4.135070767937   -0.017372374048   -3.901565228655
              H     -6.964061245833    1.503975770341   -2.942607031211
$End
$SCF_Energy
   &GeometryIndex 1
   &Method [&Type "String"] "SCF"
   &totalEnergy [&Type "ArrayOfDoubles", &Dim (1,1)] "Total energy of each state"
                                                         0

0                                     -6.5776946651440335e+02
   &Mult [&Type "ArrayOfIntegers", &Dim (1,1)] "Multiplicity of each state"
                                                         0

0                                                        1
$End
$DFT_Energy
   &GeometryIndex 1
   &nAlphaEl [&Type "Integer"] 56
   &nBetaEl [&Type "Integer"] 56
   &nTotalEl [&Type "Integer"] 113
   &finalEn [&Type "Double"]      -6.5776946651440335e+02  "No Van der Waals correction"
   &eExchange [&Type "Double"]      -9.1091340142581657e+01
   &eCorr [&Type "Double"]      -4.0400875744104834e+00
   &eXC [&Type "Double"]      -9.5131427716992135e+01
   &eCNL [&Type "Double"]       0.0000000000000000e+00
$End
$Solvation_Details
   &GeometryIndex 1
   &Solvent [&Type "String"] "CHLOROFORM"
   &Epsilon [&Type "Double"]       4.8029999999999999e+00
   &Refrac [&Type "Double"]       1.4459000000000000e+00
   &RSolv [&Type "Double"]       1.3000000000000000e+00
   &SurfaceType [&Type "String"] "GAUSSIAN VDW"
   &CPCMDielEnergy [&Type "Double"]      -1.2540501000000001e-02
   &NPoints [&Type "Integer"] 2613
   &SurfaceArea [&Type "Double"]       9.1817739789500001e+02
$End
$SCF_Timings
   &GeometryIndex 1
   &TOTAL [&Type "Double"]       1.4742056000000000e+01
   &PREP [&Type "Double"]       5.2733900000000000e-01
   &FOCK [&Type "Double"]       1.1006667000000000e+01
   &DENS [&Type "Double"]       2.0389600000000208e-01
   &ETOT [&Type "Double"]       1.0950699999999758e-01
   &TRAFO [&Type "Double"]       3.8246900000000039e-01
   &DIIS [&Type "Double"]       1.5384829999999992e+00
   &SOSCF [&Type "Double"]       7.4929400000000324e-01
   &XC [&Type "Double"]       3.7167110000000010e+00
   &FOCKSTART [&Type "Double"]       2.7104999999995827e-02
   &SOLV [&Type "Double"]       4.6541499999999942e+00
   &SOLV_INIT [&Type "Double"]       2.8060400000000002e-01
   &SOLV_FINAL [&Type "Double"]       1.0000000010279564e-06
   &INT_PREP [&Type "Double"]       2.0000000020559128e-06
   &INT_BF [&Type "Double"]       1.1121480000000057e+00
   &INT_DENS [&Type "Double"]       9.5823800000001480e-01
   &INT_DENSIO [&Type "Double"]       1.9824915697000011e+04
   &INT_FUNC [&Type "Double"]       3.4401900000000396e-01
   &INT_POT [&Type "Double"]       8.7517699999998344e-01
   &INT_POTIO [&Type "Double"]       1.4065999999986034e-02
   &INT_SUM [&Type "Double"]       8.2599999999910523e-04
   &SPLITRIJ [&Type "Double"]       3.1619700000000019e+00
$End
$Single_Point_Data
   &GeometryIndex 1
   &FinalEnergy [&Type "Double"]      -6.5776946651440335e+02  "Final single point energy"
   &Converged [&Type "Boolean"] true
$End
$Calculation_Info
   &GeometryIndex 1
   &Mult [&Type "Integer"] 1
   &Charge [&Type "Integer"] 0
   &NumOfAtoms [&Type "Integer"] 35
   &NumOfElectrons [&Type "Integer"] 114
   &NumOfBasisFuncts [&Type "Integer"] 605
   &NumOfAuxCBasisFuncts [&Type "Integer"] 0
   &NumOfAuxJBasisFuncts [&Type "Integer"] 955
   &NumOfAuxJKBasisFuncts [&Type "Integer"] 0
   &NumOfCABSBasisFuncts [&Type "Integer"] 0
$End
$SCF_Dipole_Moment
   &GeometryIndex 1
   &dipoleMagnitude [&Type "Double", &Units "a.u."]       1.0692590921257006e+00
   &dipoleElecContrib [&Type "ArrayOfDoubles", &Dim (3,1)] "Electronic contribution"
                                                         0

0                                      3.7778033562464404e+00
1                                     -4.2890064176421872e+00
2                                     -3.2732998175580608e-01
   &dipoleNucContrib [&Type "ArrayOfDoubles", &Dim (3,1)] "Nuclear contribution"
                                                         0

0                                     -3.9800922366456160e+00
1                                      5.3342776293502343e+00
2                                      4.2633659231649723e-01
   &dipoleTotal [&Type "ArrayOfDoubles", &Dim (3,1)] "Total"
                                                         0

0                                     -2.0228888039917559e-01
1                                      1.0452712117080472e+00
2                                      9.9006610560691155e-02
   &doAtomicDipole [&Type "Boolean"] false
   &Method [&Type "String"] "SCF"
   &Level [&Type "String"] "Relaxed density"
   &Mult [&Type "Integer"] 1
   &State [&Type "Integer"] -1
   &Irrep [&Type "Integer"] 0
$End
$SCF_Spin_Spin_Coupling
   &GeometryIndex 1
   &numOfNucPairs [&Type "Integer"] 187 "Number of nuclei pairs to calculate"
   &numOfNucPairsDSO [&Type "Integer"] 0 "number of nuclear pairs to calculate DSO"
   &numOfNucPairsPSO [&Type "Integer"] 0 "number of nuclear pairs to calculate PSO"
   &numOfNucPairsFC [&Type "Integer"] 187 "number of nuclear pairs to calculate FC"
   &numOfNucPairsSD [&Type "Integer"] 0 "number of nuclear pairs to calculate SD"
   &numOfNucPairsSD_FC [&Type "Integer"] 0 "number of nuclear pairs to calculate SD/FC"
   &pairsInfo [&Type "ArrayOfIntegers", &Dim (187,4)] "Pairs Info: Col1->Index of A. Col2->Atom. Num. of A.  Col3->Index of B. Col4->Atom. Num. of B."
                                                         0                           1                           2                           3

0                                                       13                           1                          16                           1
1                                                       13                           1                          17                           1
2                                                       13                           1                          18                           1
3                                                       13                           1                          19                           1
4                                                       13                           1                          20                           1
5                                                       13                           1                          21                           1
6                                                       13                           1                          22                           1
7                                                       13                           1                          23                           1
8                                                       13                           1                          24                           1
9                                                       13                           1                          25                           1
10                                                      13                           1                          26                           1
11                                                      13                           1                          27                           1
12                                                      13                           1                          28                           1
13                                                      13                           1                          29                           1
14                                                      13                           1                          30                           1
15                                                      13                           1                          31                           1
16                                                      13                           1                          32                           1
17                                                      13                           1                          33                           1
18                                                      13                           1                          34                           1
19                                                      16                           1                          17                           1
20                                                      16                           1                          18                           1
21                                                      16                           1                          19                           1
22                                                      16                           1                          20                           1
23                                                      16                           1                          21                           1
24                                                      16                           1                          22                           1
25                                                      16                           1                          23                           1
26                                                      16                           1                          24                           1
27                                                      16                           1                          25                           1
28                                                      16                           1                          26                           1
29                                                      16                           1                          27                           1
30                                                      16                           1                          28                           1
31                                                      16                           1                          29                           1
32                                                      16                           1                          30                           1
33                                                      16                           1                          31                           1
34                                                      16                           1                          32                           1
35                                                      16                           1                          33                           1
36                                                      16                           1                          34                           1
37                                                      17                           1                          18                           1
38                                                      17                           1                          19                           1
39                                                      17                           1                          20                           1
40                                                      17                           1                          21                           1
41                                                      17                           1                          22                           1
42                                                      17                           1                          23                           1
43                                                      17                           1                          24                           1
44                                                      17                           1                          25                           1
45                                                      17                           1                          26                           1
46                                                      17                           1                          27                           1
47                                                      17                           1                          28                           1
48                                                      17                           1                          29                           1
49                                                      17                           1                          30                           1
50                                                      17                           1                          31                           1
51                                                      17                           1                          32                           1
52                                                      17                           1                          33                           1
53                                                      17                           1                          34                           1
54                                                      18                           1                          19                           1
55                                                      18                           1                          20                           1
56                                                      18                           1                          21                           1
57                                                      18                           1                          22                           1
58                                                      18                           1                          23                           1
59                                                      18                           1                          24                           1
60                                                      18                           1                          25                           1
61                                                      18                           1                          26                           1
62                                                      18                           1                          27                           1
63                                                      18                           1                          28                           1
64                                                      18                           1                          29                           1
65                                                      18                           1                          30                           1
66                                                      18                           1                          31                           1
67                                                      18                           1                          32                           1
68                                                      18                           1                          33                           1
69                                                      18                           1                          34                           1
70                                                      19                           1                          20                           1
71                                                      19                           1                          21                           1
72                                                      19                           1                          22                           1
73                                                      19                           1                          23                           1
74                                                      19                           1                          24                           1
75                                                      19                           1                          25                           1
76                                                      19                           1                          26                           1
77                                                      19                           1                          27                           1
78                                                      19                           1                          28                           1
79                                                      19                           1                          29                           1
80                                                      19                           1                          30                           1
81                                                      19                           1                          31                           1
82                                                      19                           1                          32                           1
83                                                      19                           1                          33                           1
84                                                      19                           1                          34                           1
85                                                      20                           1                          21                           1
86                                                      20                           1                          22                           1
87                                                      20                           1                          23                           1
88                                                      20                           1                          24                           1
89                                                      20                           1                          25                           1
90                                                      20                           1                          26                           1
91                                                      20                           1                          27                           1
92                                                      20                           1                          28                           1
93                                                      20                           1                          29                           1
94                                                      20                           1                          30                           1
95                                                      20                           1                          31                           1
96                                                      20                           1                          32                           1
97                                                      20                           1                          33                           1
98                                                      20                           1                          34                           1
99                                                      21                           1                          22                           1
100                                                     21                           1                          23                           1
101                                                     21                           1                          24                           1
102                                                     21                           1                          25                           1
103                                                     21                           1                          26                           1
104                                                     21                           1                          27                           1
105                                                     21                           1                          28                           1
106                                                     21                           1                          29                           1
107                                                     21                           1                          30                           1
108                                                     21                           1                          31                           1
109                                                     21                           1                          32                           1
110                                                     21                           1                          33                           1
111                                                     21                           1                          34                           1
112                                                     22                           1                          23                           1
113                                                     22                           1                          24                           1
114                                                     22                           1                          25                           1
115                                                     22                           1                          26                           1
116                                                     22                           1                          27                           1
117                                                     22                           1                          28                           1
118                                                     22                           1                          29                           1
119                                                     22                           1                          30                           1
120                                                     22                           1                          31                           1
121                                                     22                           1                          32                           1
122                                                     22                           1                          33                           1
123                                                     22                           1                          34                           1
124                                                     23                           1                          24                           1
125                                                     23                           1                          25                           1
126                                                     23                           1                          26                           1
127                                                     23                           1                          27                           1
128                                                     23                           1                          28                           1
129                                                     23                           1                          29                           1
130                                                     23                           1                          30                           1
131                                                     23                           1                          31                           1
132                                                     23                           1                          32                           1
133                                                     23                           1                          33                           1
134                                                     23                           1                          34                           1
135                                                     24                           1                          25                           1
136                                                     24                           1                          26                           1
137                                                     24                           1                          27                           1
138                                                     24                           1                          28                           1
139                                                     24                           1                          29                           1
140                                                     24                           1                          30                           1
141                                                     24                           1                          31                           1
142                                                     24                           1                          32                           1
143                                                     24                           1                          33                           1
144                                                     24                           1                          34                           1
145                                                     25                           1                          26                           1
146                                                     25                           1                          27                           1
147                                                     25                           1                          28                           1
148                                                     25                           1                          29                           1
149                                                     25                           1                          30                           1
150                                                     25                           1                          31                           1
151                                                     25                           1                          32                           1
152                                                     25                           1                          33                           1
153                                                     25                           1                          34                           1
154                                                     26                           1                          27                           1
155                                                     26                           1                          28                           1
156                                                     26                           1                          29                           1
157                                                     26                           1                          30                           1
158                                                     26                           1                          31                           1
159                                                     26                           1                          32                           1
160                                                     26                           1                          33                           1
161                                                     26                           1                          34                           1
162                                                     27                           1                          28                           1
163                                                     27                           1                          30                           1
164                                                     27                           1                          31                           1
165                                                     27                           1                          32                           1
166                                                     27                           1                          33                           1
167                                                     28                           1                          30                           1
168                                                     28                           1                          31                           1
169                                                     28                           1                          32                           1
170                                                     28                           1                          33                           1
171                                                     28                           1                          34                           1
172                                                     29                           1                          30                           1
173                                                     29                           1                          31                           1
174                                                     29                           1                          32                           1
175                                                     29                           1                          33                           1
176                                                     29                           1                          34                           1
177                                                     30                           1                          31                           1
178                                                     30                           1                          32                           1
179                                                     30                           1                          33                           1
180                                                     30                           1                          34                           1
181                                                     31                           1                          32                           1
182                                                     31                           1                          33                           1
183                                                     31                           1                          34                           1
184                                                     32                           1                          33                           1
185                                                     32                           1                          34                           1
186                                                     33                           1                          34                           1
   &pairsDistances [&Type "ArrayOfDoubles", &Dim (187,1)] "The distances of each pair"
                                                         0

0                                      2.6392737807925060e+00
1                                      2.2553359615330018e+00
2                                      4.0418586768871254e+00
3                                      4.2158275396744793e+00
4                                      4.8757002650977626e+00
5                                      3.8447388119096488e+00
6                                      3.5026145934209794e+00
7                                      2.3011249356748773e+00
8                                      4.8324182929493587e+00
9                                      3.7824331988945290e+00
10                                     3.2890510852113679e+00
11                                     4.9784503383930732e+00
12                                     5.5000628788131367e+00
13                                     3.5638696399674674e+00
14                                     2.2183627560661225e+00
15                                     2.3577583035076510e+00
16                                     3.8543549185828372e+00
17                                     3.9641253145028275e+00
18                                     4.2636213466550288e+00
19                                     1.7570322513801380e+00
20                                     2.4545719590044746e+00
21                                     2.5925965633509764e+00
22                                     4.3426460729451373e+00
23                                     3.8640002865343259e+00
24                                     5.1580735407853453e+00
25                                     3.9797581136555547e+00
26                                     5.6703272097789403e+00
27                                     5.6355125275076876e+00
28                                     4.8853224837478892e+00
29                                     5.5454523123234036e+00
30                                     5.2583243965987450e+00
31                                     4.1722514846298679e+00
32                                     3.6961717392394426e+00
33                                     4.7978364325336464e+00
34                                     2.7474116399078690e+00
35                                     3.9987115416662267e+00
36                                     3.8769355276124853e+00
37                                     3.0661624622563051e+00
38                                     2.3753092512432188e+00
39                                     3.8682616576599096e+00
40                                     4.0731037307282696e+00
41                                     3.9354040769088674e+00
42                                     2.5514119856305988e+00
43                                     4.9394218589892747e+00
44                                     5.0998411873057323e+00
45                                     4.9085350043856621e+00
46                                     3.9229307279491423e+00
47                                     3.9846145160110149e+00
48                                     5.1794523741686040e+00
49                                     4.1383051997110512e+00
50                                     4.5457996349044159e+00
51                                     4.0363844012323824e+00
52                                     4.8452800070464912e+00
53                                     5.1879385183601086e+00
54                                     1.7682864416761701e+00
55                                     2.5151019605711751e+00
56                                     2.4392369732022310e+00
57                                     5.0503514176941255e+00
58                                     4.6314592677312865e+00
59                                     4.4482879305443825e+00
60                                     5.3370093504131013e+00
61                                     4.7715448264010396e+00
62                                     5.3751672044289212e+00
63                                     4.4345344963698095e+00
64                                     5.3862980461911336e+00
65                                     5.3635859028505903e+00
66                                     5.7115393343289513e+00
67                                     2.2678051710887153e+00
68                                     3.3784046053137424e+00
69                                     4.0245518348211924e+00
70                                     2.4853781424456818e+00
71                                     3.7000113997790249e+00
72                                     4.8752536000963564e+00
73                                     4.1885135058148251e+00
74                                     4.7486031042896091e+00
75                                     5.9353827860272990e+00
76                                     5.7662610967907080e+00
77                                     4.2520105897125093e+00
78                                     3.2127546453064979e+00
79                                     6.4321452071305485e+00
80                                     5.9483614251638057e+00
81                                     6.2507479425297365e+00
82                                     3.8496273366795282e+00
83                                     4.9426326293426524e+00
84                                     5.5248466097531432e+00
85                                     2.6645742920404576e+00
86                                     3.9316484595151824e+00
87                                     4.2392161723979882e+00
88                                     2.7155015154950615e+00
89                                     4.7450643252373155e+00
90                                     5.0270352354869230e+00
91                                     3.8688607174581930e+00
92                                     2.6790847931591242e+00
93                                     7.1022699923353558e+00
94                                     6.7266833141346636e+00
95                                     6.1775525475745168e+00
96                                     4.3679590512583522e+00
97                                     4.6440287444326538e+00
98                                     5.9261717256922415e+00
99                                     3.9560439608917770e+00
100                                    4.2718699644430593e+00
101                                    2.8319176089927725e+00
102                                    3.3269058014496076e+00
103                                    2.8077225188460813e+00
104                                    5.4842657607138054e+00
105                                    4.9816752314255606e+00
106                                    4.9690226209069248e+00
107                                    5.0320441368572322e+00
108                                    4.4858092798717983e+00
109                                    2.5950224911872519e+00
110                                    2.0905029524546439e+00
111                                    3.6628024392863905e+00
112                                    1.7617105334003191e+00
113                                    2.4580522594148841e+00
114                                    2.4352355143723998e+00
115                                    3.6988978771208734e+00
116                                    2.9638218978128865e+00
117                                    3.9340320467205916e+00
118                                    6.5215543241120786e+00
119                                    5.4073583537118495e+00
120                                    3.7768805282102078e+00
121                                    5.8011868266177515e+00
122                                    5.3338744966654206e+00
123                                    6.5812862087584261e+00
124                                    3.8027508130440539e+00
125                                    3.4836596824827177e+00
126                                    4.0821391102562101e+00
127                                    2.9092917360278525e+00
128                                    3.9515744583932397e+00
129                                    5.7858771795704778e+00
130                                    4.4017941119507391e+00
131                                    3.4410544268407905e+00
132                                    5.3575317886982115e+00
133                                    5.3237375503069684e+00
134                                    6.1587920159805360e+00
135                                    2.6900302234740652e+00
136                                    3.7415743382658757e+00
137                                    4.0380957903803605e+00
138                                    3.9451417555355079e+00
139                                    7.0697727406777098e+00
140                                    6.5510532782932493e+00
141                                    5.0749612401458721e+00
142                                    5.3436441621001221e+00
143                                    4.6846028830884956e+00
144                                    6.3173944546189675e+00
145                                    1.7741317083622219e+00
146                                    5.3169217565755336e+00
147                                    5.8722781279590111e+00
148                                    5.4661758436757237e+00
149                                    4.8642401639970485e+00
150                                    2.8312515149673789e+00
151                                    5.2052985534399534e+00
152                                    4.0521377949674910e+00
153                                    5.4450747538300917e+00
154                                    6.3273027511014082e+00
155                                    6.6245293625172703e+00
156                                    3.8783619252673236e+00
157                                    3.7270977633360900e+00
158                                    2.2801256676598389e+00
159                                    3.9435601233649469e+00
160                                    2.5940553740126631e+00
161                                    3.8014262117177626e+00
162                                    1.8590255174292702e+00
163                                    7.1848282520511919e+00
164                                    6.2591962750541965e+00
165                                    7.0016445776202367e+00
166                                    7.1978556859751217e+00
167                                    7.6807814713315388e+00
168                                    7.0414994339347308e+00
169                                    6.4386164889136666e+00
170                                    6.8636640570858054e+00
171                                    7.9630815386536424e+00
172                                    1.8551908842285194e+00
173                                    3.5140514057820602e+00
174                                    3.5481099431429750e+00
175                                    3.3871862373485193e+00
176                                    2.3408980995724522e+00
177                                    2.4092645618082673e+00
178                                    4.1935477533657854e+00
179                                    4.1350740346744761e+00
180                                    3.6750129165604686e+00
181                                    4.9523856176847225e+00
182                                    4.1776157277321460e+00
183                                    4.6606403128602665e+00
184                                    1.7699546721513872e+00
185                                    1.7795335460005250e+00
186                                    1.7739112541304323e+00
   &pairsTotalSSCIso [&Type "ArrayOfDoubles", &Dim (187,1)] "The Spin-Spin coupling constant for each pair"
                                                         0

0                                      6.2235458767164664e-01
1                                      8.5865533512585870e+00
2                                     -5.6695149460736904e-01
3                                      7.4579823882258200e-01
4                                      2.0441652327776461e-01
5                                     -3.9332307520555099e-01
6                                     -2.7321037791790770e-01
7                                     -4.7938787749849998e-01
8                                     -9.0110887430906367e-02
9                                     -5.4767649098600923e-01
10                                    -1.9043476999425271e-01
11                                     6.1675541368316194e-03
12                                     3.4289241059166906e-02
13                                     7.1878562789791334e-01
14                                    -5.6537282822608348e-01
15                                    -2.2991355487314591e-01
16                                    -2.5725115849079383e-01
17                                    -5.2729341233258409e-01
18                                     1.3765878323553304e+00
19                                    -1.5495806114474322e+01
20                                     6.1044039781571557e+00
21                                     1.1088349309545520e+00
22                                     3.4074751661700076e-01
23                                     1.2601846977328601e-01
24                                    -6.4929835173652528e-02
25                                    -4.9775218097531972e-02
26                                    -5.0599630159409117e-02
27                                     6.1179180731164362e-01
28                                    -2.5348734178952566e-02
29                                    -4.5117982126708870e-03
30                                     2.9406820180222448e-02
31                                     1.4904063618267155e-01
32                                     3.4001247952961514e-02
33                                     2.4927605172415220e-02
34                                    -1.6295750777275173e-02
35                                     1.2974085925263171e-01
36                                     1.3191854384690638e-01
37                                     1.3811122733000278e+01
38                                     6.7229126350581456e+00
39                                    -5.3509898518472232e-01
40                                    -3.5713166773928664e-03
41                                     3.5979049809043095e-01
42                                    -9.6166644787315403e-02
43                                    -1.0909322883982220e-02
44                                    -2.9632213565420288e-02
45                                     5.9165331736245476e-02
46                                    -3.6013233575957787e-02
47                                    -1.1491226784070149e-02
48                                    -1.4485692470918342e-02
49                                    -2.0626264606902592e-01
50                                    -2.9277674959465982e-02
51                                    -1.2493045331643629e-01
52                                     1.9231107932802327e-01
53                                     7.0784071221509107e-02
54                                    -1.3696789205615815e+01
55                                     2.4145644036184093e+00
56                                    -2.7588253077238500e-01
57                                    -4.2508339055319777e-01
58                                    -2.8443456541111183e-02
59                                    -9.6755146941313909e-04
60                                     4.3668649963105773e-05
61                                     6.4947226830736537e-04
62                                     1.5895998272945425e-01
63                                    -4.5422514262974091e-02
64                                    -5.0219714446173527e-02
65                                    -4.5466339204106844e-02
66                                    -3.6955949630380681e-03
67                                    -4.6744956003407023e-01
68                                    -9.4347802310440661e-03
69                                     1.6670737164416322e-01
70                                     4.8254621818581400e+00
71                                     1.4721979505098024e-02
72                                     1.7559377966196793e-01
73                                     9.4674869492540281e-02
74                                    -1.4214270585360045e-01
75                                    -1.8422961463672179e-02
76                                    -3.4069918408751940e-03
77                                     1.5322238719949977e-01
78                                     1.0775755349790986e-01
79                                    -5.5464164955757983e-02
80                                    -9.3464218539969182e-02
81                                     1.6528086613349761e-03
82                                    -1.1492870607933706e-01
83                                    -7.5248312700762071e-02
84                                     1.2705523854072881e-01
85                                     8.0194831253386378e-01
86                                     2.9426867699502846e-01
87                                    -1.4534713032316884e+00
88                                    -2.8637548280819536e-01
89                                    -5.6517582826372259e-02
90                                    -1.0398926311172259e-01
91                                    -1.1604139232740835e+00
92                                    -1.0731928918945166e+00
93                                    -1.0880005347209416e-02
94                                    -8.1861558687008652e-03
95                                    -4.9060171974311617e-02
96                                     1.2162029251953945e-02
97                                     3.4396759732571143e-03
98                                     5.2190158838339483e-03
99                                    -6.0919244072011935e-01
100                                    1.2644326525380625e+00
101                                    1.5106375281980792e+01
102                                   -7.4641951219378416e-02
103                                   -1.1207178725160795e-01
104                                    7.5561357214752145e-01
105                                    2.3906308564239467e-01
106                                   -2.3894499999351428e-02
107                                   -1.6844567623775321e-02
108                                    3.2950867480743870e-02
109                                   -1.9162919965423436e-02
110                                   -7.6263616506044418e-01
111                                   -5.4931335294322411e-02
112                                   -1.9784069998998667e+01
113                                   -1.9690180984473787e-01
114                                   -3.7422229310951116e-01
115                                    1.9977512607316533e-01
116                                   -2.7501415685791741e+00
117                                   -3.2286513292413432e+00
118                                    9.2550834218849479e-02
119                                   -3.9197749920151216e-02
120                                    3.3653683227788736e-02
121                                   -3.2540455298727751e-03
122                                   -7.5278816868256354e-02
123                                   -1.1260643456838672e-02
124                                   -3.2694698772693910e-02
125                                   -1.8162029051739831e-01
126                                   -2.6935647439109323e-01
127                                   -2.2132161999980515e+00
128                                   -2.5900092625426616e+00
129                                    1.4269805636831100e-02
130                                   -5.2826078312572064e-04
131                                    2.8299846559226603e-02
132                                   -1.8910432622274518e-02
133                                   -2.1831845667386600e-02
134                                    4.3973165130452134e-04
135                                    8.8678348802041888e-03
136                                    5.2684649785112961e-02
137                                    6.4666846616831766e-02
138                                    1.1803589381614738e-02
139                                    4.8433897757012576e-03
140                                    1.3434083141271741e-03
141                                   -1.6563462069109944e-02
142                                    5.0453393914543933e-02
143                                    5.2329254193111879e-02
144                                    1.5906241976191876e-01
145                                   -1.2853380179325871e+01
146                                   -1.9729039286792177e-02
147                                   -1.0471645275808811e-02
148                                    2.9826467250045827e-03
149                                    2.2323923726166733e-02
150                                    1.4640277730235356e+01
151                                    3.0458110773942143e-02
152                                    2.0342670373036845e-02
153                                   -1.7857204578429493e-02
154                                    1.7720022301981365e-02
155                                    2.3306597735506085e-01
156                                   -9.3050022753960737e-03
157                                   -1.3674907460087943e-02
158                                    4.1839754156366666e+00
159                                    1.9594932934246703e-02
160                                   -6.7216162648202016e-02
161                                   -1.5218149047480133e-02
162                                    3.3438015552600842e-01
163                                   -4.4445055989360147e-04
164                                    3.4992890816870855e-03
165                                    1.6652460580482153e-03
166                                   -5.8952548349487143e-03
167                                   -1.6090475457643000e-03
168                                    4.6454678959562071e-03
169                                    2.4493051226628132e-03
170                                   -5.3297760582380104e-03
171                                    9.7074484375981145e-03
172                                    1.4352559707839991e+00
173                                   -1.9638641658546067e-02
174                                   -1.6726329678604919e+00
175                                   -2.5734688396898528e+00
176                                   -5.1051487940398543e-01
177                                   -2.2758288611915495e-01
178                                   -4.2376363301277897e-01
179                                   -2.6317463910507231e+00
180                                    5.0575565192251448e-01
181                                   -4.6453548414983226e-02
182                                   -8.6745472275411031e-02
183                                   -6.0350787471016611e-03
184                                   -1.7644363596471294e+01
185                                   -1.2908773902840602e+01
186                                   -1.4536185890142509e+01
   &Method [&Type "String"] "SCF"
   &Level [&Type "String"] "Relaxed density"
   &Mult [&Type "Integer"] 1
   &State [&Type "Integer"] -1
   &Irrep [&Type "Integer"] 0
$End
$Calculation_Timings
   &GeometryIndex 1
   &GTOINT [&Type "Double"]       1.7024059999999999e+00
   &SCF [&Type "Double"]       1.6744308000000000e+01
   &PROPINT [&Type "Double"]       1.0942640000000026e+00
   &RESPONSE [&Type "Double"]       8.6180430000000001e+00
   &PROP [&Type "Double"]       7.8538099999999744e-01
   &SUM [&Type "Double"]       2.8944402000000000e+01
$End
