    0.00023736
   -0.02814146
   -0.05694729
   -0.05637835
   -0.03619170
    0.11757315
   -0.07294039
    0.00983668
   -0.47153568
    0.08083475
   -0.11202447
    0.01712719
   -0.11855869
    0.04404249
   -0.48252308
   -0.11871802
    0.03784037
    0.03752659
    0.05052934
    0.03501440
    0.03229259
    0.00718866
    0.05492886
    0.05063937
    0.31084942
    0.04086559
    0.02916351
    0.03671113
    0.03730131
    0.02913881
    0.02098512
    0.31204343
    0.05053050
    0.07437130
    0.03638724
