$coord
 0.01801881055754 -1.46701908118720  -0.05482085927680  c
 1.16933668529233  0.90730141280173  -1.45722821257115  c
-0.74544564254723  3.16490605427332  -1.54206601391813  c
-2.47666887715354  3.43205515268971   0.79108675744666  c
-3.52839819773976  0.83460346178944   1.64488058013092  c
-1.30514295944152 -0.86284462694681   2.49746983492739  c
-2.36358585781010 -2.32421345070676  -1.58755719565005  c
-4.53315494658687 -0.68635020893053  -0.58533239691410  c
 0.33951713125762  0.19196990996404   4.34804906795912  o
 1.97098966130563 -3.60137039286105   0.26928330806656  c
-6.89624723904766 -0.63090074675426  -1.48000474438810  c
 3.85607230050671  1.73365565808021  -0.74686262522192  c
 5.74891884999017  1.29509582813197  -2.39246552315781  c
 1.35365226623628  0.26731340410196  -3.43022594895851  h
 2.97392384036405 -4.54396752293804  -2.06451565957582  o
 4.39016598645474  3.17966698377761   1.66707224975883  c
 0.28622813413240  4.94266533929353  -1.87209617107185  h
-1.95557949474950  2.89864118650251  -3.21471769383606  h
-1.45172273600833  4.28967104223279   2.38664243714127  h
-4.05716788271940  4.70770178456243   0.32938991425687  h
-4.95883106938056  1.09376858750740   3.13693800656837  h
-2.08943995965742 -2.66710597514364   3.22511638062452  h
-2.10881674905656 -2.14485580911426  -3.64301048106163  h
-2.76306345527179 -4.33640920124853  -1.20801050819245  h
-0.64159723004264  0.44965167274290   5.89568977125432  h
 1.03606046282859 -5.22632203199271   1.18091679939192  h
 3.50071553406438 -2.97430615682840   1.54381292333705  h
-7.47383872807271 -1.77310782483399  -3.10157009488989  h
-8.35091227031440  0.55863883362659  -0.62299038743440  h
 7.68222032469511  1.91162844653506  -2.01192325017990  h
 5.43531715881313  0.37125258278069  -4.21481169014385  h
 4.25178749320488 -3.33946907393150  -2.64273649915654  h
 3.10705563126232  4.81012898001783   1.86303960533732  h
 4.10057669759673  1.99806731961674   3.34603260111774  h
 6.34183626540797  3.89640812541091   1.67416883728316  h
$end
