           1           2  0.960684450799677     
           2           3  0.982323281689323     
           3           4   1.01024549018971     
           4           5  0.980056280586655     
           1           6  0.966254315188762     
           5           6  0.968865673110604     
           1           7  0.979771576658246     
           5           8  0.994082354785897     
           7           8   1.00579831792083     
           6           9  0.982671593075590     
           1          10  0.977343746896887     
           8          11   1.93625393743762     
           2          12  0.997860287011952     
          12          13   1.91545831957919     
           2          14  0.958781512953725     
          10          15  0.996719197300031     
          12          16   1.03141988955524     
           3          17  0.975018960412187     
           3          18  0.976337965723666     
           4          19  0.970594460480408     
           4          20  0.976405832495964     
           5          21  0.964814793657778     
           6          22  0.958870612035609     
           7          23  0.964963113851117     
           7          24  0.957557429524543     
           9          25  0.885239121022421     
          10          26  0.970169715168975     
          10          27  0.967989844909446     
          11          28  0.974646970638776     
          11          29  0.974612777755325     
          13          30  0.975309773013573     
          13          31  0.969241255074382     
          15          32  0.874391150860392     
          16          33  0.964030973216666     
          16          34  0.956699504962685     
          16          35  0.983951060586747     
