    0.00045150
   -0.03658859
   -0.06063953
   -0.05930813
   -0.03346530
    0.11350052
   -0.07033677
    0.01579674
   -0.50752598
    0.08266380
   -0.11340259
    0.00861220
   -0.11491298
    0.04527320
   -0.47471845
   -0.11209712
    0.04216285
    0.04290855
    0.03904319
    0.04094363
    0.04272788
    0.02849479
    0.06281906
    0.04841431
    0.32510377
    0.02816405
    0.03118888
    0.03227609
    0.03271279
    0.03387744
    0.02626891
    0.31109488
    0.05517025
    0.04702017
    0.04630600
