$coord
-0.07858827810696 -1.05901007148525   0.53835863554914  c
-1.90548186480542  1.07635159756567   1.36202848151273  c
-0.63473435689857  3.69355338720146   1.13382969372459  c
 1.11939636733412  4.04478795919800  -1.13840428660423  c
 2.77566146875506  1.70277218260995  -1.52224457111465  c
 1.00571814728410 -0.52425432087060  -2.10852621711976  c
 2.30422954903172 -0.94326147977539   2.21240307234261  c
 3.99600995198314  0.94975208751652   0.93325707578132  c
 2.25467301849482 -2.58564066575660  -3.22498264265625  o
-1.41280671923385 -3.62471016934279   0.72544804322535  c
 6.17012484412550  1.80502728980077   1.80814562514614  c
-4.51198031388573  0.95785118383734   0.18425377120181  c
-6.44600706459217  0.14402341099214   1.55511819255797  c
-2.23071626573907  0.76721845898459   3.38712863868537  h
 0.38311053048433 -5.60833741355266   0.63078003846269  o
-4.94421506207226  1.82347802540149  -2.47886229839558  c
-2.09910933181268  5.14785916716053   1.12254643609443  h
 0.49491731922545  3.98781606832268   2.83491721554034  h
 0.05047894327531  4.38928675151974  -2.86828707906421  h
 2.31051897993104  5.69598522918946  -0.80128037290786  h
 4.14574350664563  2.01555406675503  -3.03094596339337  h
-0.44436283395930  0.04085308657308  -3.46459882348055  h
 3.21810747545963 -2.79311688749523   2.26202350869276  h
 1.86934770310221 -0.42180173087460   4.15812701536042  h
 2.64599598275818 -3.80280364030061  -1.92302268537146  h
-2.76654251332255 -3.80036761948564  -0.83525406628978  h
-2.46887188612271 -3.72035695000425   2.51145569065101  h
 6.92122325272243  1.19637200078671   3.59955283219453  h
 7.28956240295381  3.14518405411436   0.76410337888144  h
-8.33524943584661  0.05761963796853   0.80230951397633  h
-6.23454865927210 -0.47491279505746   3.48272911293094  h
-0.49919184400542 -7.18942540284961   0.48110410098285  h
-3.98219888349297  3.59819337115673  -2.85246085274317  h
-4.26341833587941  0.42494719664002  -3.82689178061161  h
-6.95506456077371  2.08827377297835  -2.81336894329792  h
$end