           1           2  0.957471869755542     
           2           3  0.983480536317848     
           3           4   1.00852556733651     
           4           5  0.979350072444964     
           1           6  0.970548578932526     
           5           6  0.971408873768086     
           1           7  0.981035445955364     
           5           8  0.995765887093665     
           7           8   1.00824268337536     
           6           9  0.983591923723572     
           1          10  0.984911082638434     
           8          11   1.93494520252133     
           2          12  0.998284931059568     
          12          13   1.92472642343434     
           2          14  0.960986366679790     
          10          15  0.978508131748374     
          12          16   1.02735027948658     
           3          17  0.975173864320085     
           3          18  0.976753110486845     
           4          19  0.970689333199949     
           4          20  0.975691339357174     
           5          21  0.963091593342405     
           6          22  0.953244001920936     
           7          23  0.953904850117707     
           7          24  0.964791137314426     
           9          25  0.850987245847648     
          10          26  0.970764416375443     
          10          27  0.969898278943753     
          11          28  0.975300642557677     
          11          29  0.975183758349691     
          13          30  0.975337595641913     
          13          31  0.975262421335292     
          15          32  0.886816652887837     
          16          33  0.968829553235348     
          16          34  0.960661253389207     
          16          35  0.981981904677064     
