   -0.00775799
   -0.03329835
   -0.06273169
   -0.05916419
   -0.02812789
    0.11180511
   -0.06796534
    0.01786844
   -0.48105385
    0.08143240
   -0.11301922
    0.01254110
   -0.11425664
    0.05158204
   -0.47604873
   -0.11800328
    0.04092091
    0.04089816
    0.03758610
    0.04212583
    0.04604986
    0.02093016
    0.05055388
    0.04715185
    0.30483554
    0.02419728
    0.04397815
    0.03399208
    0.03412388
    0.02845701
    0.03038070
    0.31081246
    0.06316192
    0.04685855
    0.03918378
