           1           2  0.958675040156828     
           2           3  0.986423780874153     
           3           4   1.00815005911437     
           4           5  0.979216726425374     
           1           6  0.959026276239248     
           5           6  0.977929239269870     
           1           7  0.982070787293543     
           5           8  0.995006382209138     
           7           8   1.00544304888325     
           6           9  0.979631248302851     
           1          10  0.978905428315529     
           8          11   1.93765170960860     
           2          12  0.996534675861481     
          12          13   1.92635515714950     
           2          14  0.961684895942712     
          10          15  0.993305532281734     
          12          16   1.02577813417472     
           3          17  0.976297446717470     
           3          18  0.977001340285420     
           4          19  0.969838796417613     
           4          20  0.975670328365090     
           5          21  0.962444078596398     
           6          22  0.958119611707710     
           7          23  0.958145167444103     
           7          24  0.965283483090190     
           9          25  0.890310379118034     
          10          26  0.965302156366346     
          10          27  0.969384862439331     
          11          28  0.975120658131825     
          11          29  0.974927864755825     
          13          30  0.974412104947114     
          13          31  0.966928851337589     
          15          32  0.886111245773542     
          16          33  0.967751235045707     
          16          34  0.966740201233681     
          16          35  0.984373599505165     
