   -0.00772617
   -0.03317290
   -0.06224759
   -0.05821620
   -0.03574491
    0.10625511
   -0.06945813
    0.00888243
   -0.48650587
    0.08098290
   -0.11265530
    0.01274413
   -0.11315591
    0.05145751
   -0.47877041
   -0.11711182
    0.04076185
    0.03989029
    0.03901245
    0.04120245
    0.04138962
    0.04601762
    0.04348235
    0.05098710
    0.30918883
    0.02803190
    0.04813268
    0.03434691
    0.03525983
    0.02908957
    0.03089630
    0.30875223
    0.03951161
    0.06172531
    0.04676423
