           1           2  0.959078214054468     
           2           3  0.986255554599744     
           3           4   1.00848031082354     
           4           5  0.978062341821911     
           1           6  0.959506976315086     
           5           6  0.973679678309055     
           1           7  0.981673087479069     
           5           8  0.995045492987517     
           7           8   1.00423852103892     
           6           9  0.983099283666533     
           1          10  0.980123664145182     
           8          11   1.93637653558083     
           2          12  0.996193887692721     
          12          13   1.92756480674277     
           2          14  0.961970133411046     
          10          15  0.990583544010668     
          12          16   1.02547208282871     
           3          17  0.976235999072629     
           3          18  0.977077446043625     
           4          19  0.969855952662582     
           4          20  0.975687600908906     
           5          21  0.962988920531396     
           6          22  0.957663659597633     
           7          23  0.958329150920620     
           7          24  0.963274916296016     
           9          25  0.884717581008492     
          10          26  0.966556761169995     
          10          27  0.968925641298426     
          11          28  0.974987154410087     
          11          29  0.974756553608016     
          13          30  0.974435592592155     
          13          31  0.967238679793046     
          15          32  0.887687928147072     
          16          33  0.984444800684396     
          16          34  0.968633701180745     
          16          35  0.967240528086363     
