*************************************************
******************* ORCA 6.1.1 ******************
*************************************************
$Calculation_Status
   &GeometryIndex 1
   &version [&Type "String"] "6.1.1"
   &progName [&Type "String"] "LeanSCF"
   &Status [&Type "String"] "NORMAL TERMINATION"
$End
$Geometry
   &GeometryIndex 1
   &NAtoms [&Type "Integer"] 35
   &NCorelessECP [&Type "Integer"] 0
   &NGhostAtoms [&Type "Integer"] 0
   &CartesianCoordinates [&Type "Coordinates", &Dim(35,4), &Units "Bohr"] 
              C      0.023748655654   -1.446826080359   -0.116869591566
              C      1.231237964298    0.939300753706   -1.471816303091
              C     -0.783176670876    3.083508934449   -1.734655954380
              C     -2.485104940223    3.482238349455    0.608697026909
              C     -3.449905149477    0.929368428357    1.665115611896
              C     -1.185483585008   -0.749753020684    2.483168998002
              C     -2.413125749316   -2.240328260184   -1.595629628518
              C     -4.560170185810   -0.666267958767   -0.453579439808
              O      0.436149100679    0.236833346626    4.387229653103
              C      1.851182721280   -3.688775204380    0.184664504380
              C     -6.981547324135   -0.719759343044   -1.174232505206
              C      3.782675968473    1.881995663984   -0.434287234589
              C      4.038877707462    3.877936469321    1.124981672420
              H      1.660308221366    0.287475109498   -3.405852685511
              O      2.918285026222   -4.585720183973   -2.139434725349
              C      6.138969836846    0.635187024928   -1.501679187871
              H      0.162962004499    4.862315317521   -2.248906931807
              H     -2.013051005016    2.611356371601   -3.346050332531
              H     -1.488525402729    4.506413920133    2.123739597006
              H     -4.111666955933    4.668704435773    0.075595541101
              H     -4.799679589866    1.253504911957    3.214862633569
              H     -1.965197679320   -2.504405815317    3.308456384817
              H     -2.237512300471   -1.965349047328   -3.651421048551
              H     -2.798907308684   -4.268958563157   -1.289425727710
              H      1.723281390235    1.318301281042    3.612178466342
              H      0.835187760296   -5.230307740372    1.172213293337
              H      3.462876997834   -3.163719384813    1.386739439058
              H     -7.629556093450   -1.912171702275   -2.731797223550
              H     -8.414275850436    0.433139639245   -0.234969656383
              H      5.906204178446    4.513828923157    1.731930889738
              H      2.451036529647    4.998475947400    1.812182813543
              H      1.539489149612   -5.215636051043   -3.199373292812
              H      6.140267844941   -1.427640191699   -1.300684847730
              H      6.252283073054    1.017023760583   -3.549934713052
              H      7.859758526754    1.389473183590   -0.615899088222
$End
$SCF_Energy
   &GeometryIndex 1
   &Method [&Type "String"] "SCF"
   &totalEnergy [&Type "ArrayOfDoubles", &Dim (1,1)] "Total energy of each state"
                                                         0

0                                     -6.5776746936395466e+02
   &Mult [&Type "ArrayOfIntegers", &Dim (1,1)] "Multiplicity of each state"
                                                         0

0                                                        1
$End
$DFT_Energy
   &GeometryIndex 1
   &nAlphaEl [&Type "Integer"] 57
   &nBetaEl [&Type "Integer"] 57
   &nTotalEl [&Type "Integer"] 114
   &finalEn [&Type "Double"]      -6.5776746936395466e+02  "No Van der Waals correction"
   &eExchange [&Type "Double"]      -9.1090442452363050e+01
   &eCorr [&Type "Double"]      -4.0423994190375003e+00
   &eXC [&Type "Double"]      -9.5132841871400544e+01
   &eCNL [&Type "Double"]       0.0000000000000000e+00
$End
$Solvation_Details
   &GeometryIndex 1
   &Solvent [&Type "String"] "CHLOROFORM"
   &Epsilon [&Type "Double"]       4.8029999999999999e+00
   &Refrac [&Type "Double"]       1.4459000000000000e+00
   &RSolv [&Type "Double"]       1.3000000000000000e+00
   &SurfaceType [&Type "String"] "GAUSSIAN VDW"
   &CPCMDielEnergy [&Type "Double"]      -1.2000335000000001e-02
   &NPoints [&Type "Integer"] 2583
   &SurfaceArea [&Type "Double"]       9.0310851990000003e+02
$End
$SCF_Timings
   &GeometryIndex 1
   &TOTAL [&Type "Double"]       1.4909802000000001e+01
   &PREP [&Type "Double"]       5.4988099999999995e-01
   &FOCK [&Type "Double"]       1.1210459999999999e+01
   &DENS [&Type "Double"]       1.8001600000000018e-01
   &ETOT [&Type "Double"]       1.0360700000000111e-01
   &TRAFO [&Type "Double"]       3.7421800000000083e-01
   &DIIS [&Type "Double"]       1.5456439999999991e+00
   &SOSCF [&Type "Double"]       7.2313500000000008e-01
   &XC [&Type "Double"]       4.0785119999999990e+00
   &FOCKSTART [&Type "Double"]       2.6442999999997885e-02
   &SOLV [&Type "Double"]       4.5317879999999997e+00
   &SOLV_INIT [&Type "Double"]       2.6469299999999996e-01
   &SOLV_FINAL [&Type "Double"]       1.0000000010279564e-06
   &INT_BF [&Type "Double"]       1.1078769999999998e+00
   &INT_DENS [&Type "Double"]       9.4038299999998576e-01
   &INT_DENSIO [&Type "Double"]       1.9959717721000005e+04
   &INT_FUNC [&Type "Double"]       3.4620599999996837e-01
   &INT_POT [&Type "Double"]       8.5535100000002207e-01
   &INT_POTIO [&Type "Double"]       1.3989999999977853e-02
   &INT_SUM [&Type "Double"]       7.7599999999922176e-04
   &SPLITRIJ [&Type "Double"]       3.1457859999999966e+00
$End
$Single_Point_Data
   &GeometryIndex 1
   &FinalEnergy [&Type "Double"]      -6.5776746936395466e+02  "Final single point energy"
   &Converged [&Type "Boolean"] true
$End
$Calculation_Info
   &GeometryIndex 1
   &Mult [&Type "Integer"] 1
   &Charge [&Type "Integer"] 0
   &NumOfAtoms [&Type "Integer"] 35
   &NumOfElectrons [&Type "Integer"] 114
   &NumOfBasisFuncts [&Type "Integer"] 605
   &NumOfAuxCBasisFuncts [&Type "Integer"] 0
   &NumOfAuxJBasisFuncts [&Type "Integer"] 955
   &NumOfAuxJKBasisFuncts [&Type "Integer"] 0
   &NumOfCABSBasisFuncts [&Type "Integer"] 0
$End
$SCF_Dipole_Moment
   &GeometryIndex 1
   &dipoleMagnitude [&Type "Double", &Units "a.u."]       1.0252411521746891e+00
   &dipoleElecContrib [&Type "ArrayOfDoubles", &Dim (3,1)] "Electronic contribution"
                                                         0

0                                     -1.7341890031167473e+00
1                                     -2.9806462500089390e+00
2                                      2.5637774641375821e+00
   &dipoleNucContrib [&Type "ArrayOfDoubles", &Dim (3,1)] "Nuclear contribution"
                                                         0

0                                      1.3484880894942313e+00
1                                      3.0054145224531643e+00
2                                     -3.5133777790192533e+00
   &dipoleTotal [&Type "ArrayOfDoubles", &Dim (3,1)] "Total"
                                                         0

0                                     -3.8570091362251602e-01
1                                      2.4768272444225303e-02
2                                     -9.4960031488167118e-01
   &doAtomicDipole [&Type "Boolean"] false
   &Method [&Type "String"] "SCF"
   &Level [&Type "String"] "Relaxed density"
   &Mult [&Type "Integer"] 1
   &State [&Type "Integer"] -1
   &Irrep [&Type "Integer"] 0
$End
$SCF_Spin_Spin_Coupling
   &GeometryIndex 1
   &numOfNucPairs [&Type "Integer"] 187 "Number of nuclei pairs to calculate"
   &numOfNucPairsDSO [&Type "Integer"] 0 "number of nuclear pairs to calculate DSO"
   &numOfNucPairsPSO [&Type "Integer"] 0 "number of nuclear pairs to calculate PSO"
   &numOfNucPairsFC [&Type "Integer"] 187 "number of nuclear pairs to calculate FC"
   &numOfNucPairsSD [&Type "Integer"] 0 "number of nuclear pairs to calculate SD"
   &numOfNucPairsSD_FC [&Type "Integer"] 0 "number of nuclear pairs to calculate SD/FC"
   &pairsInfo [&Type "ArrayOfIntegers", &Dim (187,4)] "Pairs Info: Col1->Index of A. Col2->Atom. Num. of A.  Col3->Index of B. Col4->Atom. Num. of B."
                                                         0                           1                           2                           3

0                                                       13                           1                          16                           1
1                                                       13                           1                          17                           1
2                                                       13                           1                          18                           1
3                                                       13                           1                          19                           1
4                                                       13                           1                          20                           1
5                                                       13                           1                          21                           1
6                                                       13                           1                          22                           1
7                                                       13                           1                          23                           1
8                                                       13                           1                          24                           1
9                                                       13                           1                          25                           1
10                                                      13                           1                          26                           1
11                                                      13                           1                          27                           1
12                                                      13                           1                          28                           1
13                                                      13                           1                          29                           1
14                                                      13                           1                          30                           1
15                                                      13                           1                          31                           1
16                                                      13                           1                          32                           1
17                                                      13                           1                          33                           1
18                                                      13                           1                          34                           1
19                                                      16                           1                          17                           1
20                                                      16                           1                          18                           1
21                                                      16                           1                          19                           1
22                                                      16                           1                          20                           1
23                                                      16                           1                          21                           1
24                                                      16                           1                          22                           1
25                                                      16                           1                          23                           1
26                                                      16                           1                          24                           1
27                                                      16                           1                          25                           1
28                                                      16                           1                          26                           1
29                                                      16                           1                          27                           1
30                                                      16                           1                          28                           1
31                                                      16                           1                          29                           1
32                                                      16                           1                          30                           1
33                                                      16                           1                          31                           1
34                                                      16                           1                          32                           1
35                                                      16                           1                          33                           1
36                                                      16                           1                          34                           1
37                                                      17                           1                          18                           1
38                                                      17                           1                          19                           1
39                                                      17                           1                          20                           1
40                                                      17                           1                          21                           1
41                                                      17                           1                          22                           1
42                                                      17                           1                          23                           1
43                                                      17                           1                          24                           1
44                                                      17                           1                          25                           1
45                                                      17                           1                          26                           1
46                                                      17                           1                          27                           1
47                                                      17                           1                          28                           1
48                                                      17                           1                          29                           1
49                                                      17                           1                          30                           1
50                                                      17                           1                          31                           1
51                                                      17                           1                          32                           1
52                                                      17                           1                          33                           1
53                                                      17                           1                          34                           1
54                                                      18                           1                          19                           1
55                                                      18                           1                          20                           1
56                                                      18                           1                          21                           1
57                                                      18                           1                          22                           1
58                                                      18                           1                          23                           1
59                                                      18                           1                          24                           1
60                                                      18                           1                          25                           1
61                                                      18                           1                          26                           1
62                                                      18                           1                          27                           1
63                                                      18                           1                          28                           1
64                                                      18                           1                          29                           1
65                                                      18                           1                          30                           1
66                                                      18                           1                          31                           1
67                                                      18                           1                          32                           1
68                                                      18                           1                          33                           1
69                                                      18                           1                          34                           1
70                                                      19                           1                          20                           1
71                                                      19                           1                          21                           1
72                                                      19                           1                          22                           1
73                                                      19                           1                          23                           1
74                                                      19                           1                          24                           1
75                                                      19                           1                          25                           1
76                                                      19                           1                          26                           1
77                                                      19                           1                          27                           1
78                                                      19                           1                          28                           1
79                                                      19                           1                          29                           1
80                                                      19                           1                          30                           1
81                                                      19                           1                          31                           1
82                                                      19                           1                          32                           1
83                                                      19                           1                          33                           1
84                                                      19                           1                          34                           1
85                                                      20                           1                          21                           1
86                                                      20                           1                          22                           1
87                                                      20                           1                          23                           1
88                                                      20                           1                          24                           1
89                                                      20                           1                          25                           1
90                                                      20                           1                          26                           1
91                                                      20                           1                          27                           1
92                                                      20                           1                          28                           1
93                                                      20                           1                          29                           1
94                                                      20                           1                          30                           1
95                                                      20                           1                          31                           1
96                                                      20                           1                          32                           1
97                                                      20                           1                          33                           1
98                                                      20                           1                          34                           1
99                                                      21                           1                          22                           1
100                                                     21                           1                          23                           1
101                                                     21                           1                          24                           1
102                                                     21                           1                          25                           1
103                                                     21                           1                          26                           1
104                                                     21                           1                          27                           1
105                                                     21                           1                          28                           1
106                                                     21                           1                          29                           1
107                                                     21                           1                          30                           1
108                                                     21                           1                          31                           1
109                                                     21                           1                          32                           1
110                                                     21                           1                          33                           1
111                                                     21                           1                          34                           1
112                                                     22                           1                          23                           1
113                                                     22                           1                          24                           1
114                                                     22                           1                          25                           1
115                                                     22                           1                          26                           1
116                                                     22                           1                          27                           1
117                                                     22                           1                          28                           1
118                                                     22                           1                          29                           1
119                                                     22                           1                          30                           1
120                                                     22                           1                          31                           1
121                                                     22                           1                          32                           1
122                                                     22                           1                          33                           1
123                                                     22                           1                          34                           1
124                                                     23                           1                          24                           1
125                                                     23                           1                          25                           1
126                                                     23                           1                          26                           1
127                                                     23                           1                          27                           1
128                                                     23                           1                          28                           1
129                                                     23                           1                          29                           1
130                                                     23                           1                          30                           1
131                                                     23                           1                          31                           1
132                                                     23                           1                          32                           1
133                                                     23                           1                          33                           1
134                                                     23                           1                          34                           1
135                                                     24                           1                          25                           1
136                                                     24                           1                          26                           1
137                                                     24                           1                          27                           1
138                                                     24                           1                          28                           1
139                                                     24                           1                          29                           1
140                                                     24                           1                          30                           1
141                                                     24                           1                          31                           1
142                                                     24                           1                          32                           1
143                                                     24                           1                          33                           1
144                                                     24                           1                          34                           1
145                                                     25                           1                          26                           1
146                                                     25                           1                          27                           1
147                                                     25                           1                          28                           1
148                                                     25                           1                          29                           1
149                                                     25                           1                          30                           1
150                                                     25                           1                          31                           1
151                                                     25                           1                          32                           1
152                                                     25                           1                          33                           1
153                                                     25                           1                          34                           1
154                                                     26                           1                          27                           1
155                                                     26                           1                          28                           1
156                                                     26                           1                          29                           1
157                                                     26                           1                          30                           1
158                                                     26                           1                          31                           1
159                                                     26                           1                          32                           1
160                                                     26                           1                          33                           1
161                                                     26                           1                          34                           1
162                                                     27                           1                          28                           1
163                                                     27                           1                          30                           1
164                                                     27                           1                          31                           1
165                                                     27                           1                          32                           1
166                                                     27                           1                          33                           1
167                                                     28                           1                          29                           1
168                                                     28                           1                          30                           1
169                                                     28                           1                          31                           1
170                                                     28                           1                          32                           1
171                                                     28                           1                          33                           1
172                                                     29                           1                          30                           1
173                                                     29                           1                          31                           1
174                                                     29                           1                          32                           1
175                                                     29                           1                          33                           1
176                                                     29                           1                          34                           1
177                                                     30                           1                          31                           1
178                                                     30                           1                          32                           1
179                                                     30                           1                          33                           1
180                                                     30                           1                          34                           1
181                                                     31                           1                          32                           1
182                                                     31                           1                          33                           1
183                                                     31                           1                          34                           1
184                                                     32                           1                          33                           1
185                                                     32                           1                          34                           1
186                                                     33                           1                          34                           1
   &pairsDistances [&Type "ArrayOfDoubles", &Dim (187,1)] "The distances of each pair"
                                                         0

0                                      2.6198137244857773e+00
1                                      2.3004038954427384e+00
2                                      4.0401904860182976e+00
3                                      4.2542474110067285e+00
4                                      4.9215906400925009e+00
5                                      4.2997345880118694e+00
6                                      2.3859100601082224e+00
7                                      3.5547537172845454e+00
8                                      3.7537777299390274e+00
9                                      3.8190847608034542e+00
10                                     3.2675969283094926e+00
11                                     5.0644878622276455e+00
12                                     5.5895984695043470e+00
13                                     4.1763622474899753e+00
14                                     3.7435940103490064e+00
15                                     2.9148713578033325e+00
16                                     2.7721709764767195e+00
17                                     2.4616260065209934e+00
18                                     3.6444686329485396e+00
19                                     1.7555267404668831e+00
20                                     2.4806004532288952e+00
21                                     2.5768946732033764e+00
22                                     4.3477665102533365e+00
23                                     5.0113369661253993e+00
24                                     3.9010922051479096e+00
25                                     5.1052146401810088e+00
26                                     3.7173316262568896e+00
27                                     5.6504875065828228e+00
28                                     4.9788966203986869e+00
29                                     5.4700184581965301e+00
30                                     5.2183030838032112e+00
31                                     3.7024764869021936e+00
32                                     2.4677068430103946e+00
33                                     5.4059878829545776e+00
34                                     4.6190487056443201e+00
35                                     3.8727229959643461e+00
36                                     4.5511708461420426e+00
37                                     3.0758341402901310e+00
38                                     2.3868491169841572e+00
39                                     3.8398958771093201e+00
40                                     4.4418043067139221e+00
41                                     2.4301777908596454e+00
42                                     3.8227700177203245e+00
43                                     4.2350419041203420e+00
44                                     5.0207419474795110e+00
45                                     4.8998662470893377e+00
46                                     3.8300420107228792e+00
47                                     3.9386973019460458e+00
48                                     5.0789958091404035e+00
49                                     3.8245195558409057e+00
50                                     4.5491966410832170e+00
51                                     4.9350880749624473e+00
52                                     4.4557604799726933e+00
53                                     5.4589724955001548e+00
54                                     1.7632089205594499e+00
55                                     2.5232215053965446e+00
56                                     3.7710091532064278e+00
57                                     4.6071001010298529e+00
58                                     5.0306347714141166e+00
59                                     2.5209735248876415e+00
60                                     5.3210286299632310e+00
61                                     4.8468270381541867e+00
62                                     5.3571642776101314e+00
63                                     4.4312419760924673e+00
64                                     3.9186133114144375e+00
65                                     2.1073840944710431e+00
66                                     6.0803050420355218e+00
67                                     5.4260192755205781e+00
68                                     5.4039989954564787e+00
69                                     5.4124081399975923e+00
70                                     2.4816068051838691e+00
71                                     4.3157063449113675e+00
72                                     4.1469998903312577e+00
73                                     4.8346192993530339e+00
74                                     4.0224166339180503e+00
75                                     5.8846881135559848e+00
76                                     5.8074559254666447e+00
77                                     4.2190037701592980e+00
78                                     3.1991772670423986e+00
79                                     5.3738245206681983e+00
80                                     3.5965976419993164e+00
81                                     6.2693804513768052e+00
82                                     6.3536915510217824e+00
83                                     6.1231703151815102e+00
84                                     6.5785592244375666e+00
85                                     2.4913481174204848e+00
86                                     4.2357842009079301e+00
87                                     3.9169590506769882e+00
88                                     3.4583695542918242e+00
89                                     4.6724871074620200e+00
90                                     5.0514599475950588e+00
91                                     3.8667059688029020e+00
92                                     2.6795209766191710e+00
93                                     5.9739571018640145e+00
94                                     4.3818046695334774e+00
95                                     5.8730867248854572e+00
96                                     6.4216293728042242e+00
97                                     6.8581914393798593e+00
98                                     6.9994482814446473e+00
99                                     3.6968484652482636e+00
100                                    2.6431984707291623e+00
101                                    2.8156113728425725e+00
102                                    2.3568435108478671e+00
103                                    3.0670229522044781e+00
104                                    4.3931385791575375e+00
105                                    4.1927285159486534e+00
106                                    5.6426277305053700e+00
107                                    4.6746208073277637e+00
108                                    4.1662564304218055e+00
109                                    4.9670033674079743e+00
110                                    5.9627021102035931e+00
111                                    5.9656985439019170e+00
112                                    1.7710291575067891e+00
113                                    4.7102753849601546e+00
114                                    3.4848996770654677e+00
115                                    4.0754750511943900e+00
116                                    2.8946850449206853e+00
117                                    3.9450257077048096e+00
118                                    6.2001944380989729e+00
119                                    5.3004518278799120e+00
120                                    2.6477085739593518e+00
121                                    4.6133295007949311e+00
122                                    4.7620501592727820e+00
123                                    5.8551037877105818e+00
124                                    4.6039447141965111e+00
125                                    2.3777967606863997e+00
126                                    3.6506844608883839e+00
127                                    2.9449102708100270e+00
128                                    3.9156956947364652e+00
129                                    6.7362599532689682e+00
130                                    5.8704628025748997e+00
131                                    2.5579455122120822e+00
132                                    4.9636164691575519e+00
133                                    5.6741902417400638e+00
134                                    6.3957944416304793e+00
135                                    3.7278429370520216e+00
136                                    2.8035047876224182e+00
137                                    6.2199722327487486e+00
138                                    5.7569549807629166e+00
139                                    2.9578862136747865e+00
140                                    2.2018667143821689e+00
141                                    4.9957062288293868e+00
142                                    3.7859731742659339e+00
143                                    4.4870510882425156e+00
144                                    3.9436328115939103e+00
145                                    1.7726693740637613e+00
146                                    5.2359995925037222e+00
147                                    5.7873548830803605e+00
148                                    5.8203885918644263e+00
149                                    5.4904154858907424e+00
150                                    2.3431871766657797e+00
151                                    3.6936182643234994e+00
152                                    5.0389440353426567e+00
153                                    5.1946618005706844e+00
154                                    6.2963368595458098e+00
155                                    6.6228402864796214e+00
156                                    4.2674706117592329e+00
157                                    4.3581287141949918e+00
158                                    2.8468658124982231e+00
159                                    2.2076675711410032e+00
160                                    3.7279830570376302e+00
161                                    3.5131425164369130e+00
162                                    1.8596960306987909e+00
163                                    6.9000964895507710e+00
164                                    5.1632863087933316e+00
165                                    7.3304110132074944e+00
166                                    7.5201833443481494e+00
167                                    7.9481795032737343e+00
168                                    6.3299889656400543e+00
169                                    6.2562487314279061e+00
170                                    7.7850761155868966e+00
171                                    7.9629805731420156e+00
172                                    1.8467834680692095e+00
173                                    6.2175158038365756e+00
174                                    3.5321379265964494e+00
175                                    3.3570662261730835e+00
176                                    2.3121034856023051e+00
177                                    6.0399197302351251e+00
178                                    4.2530621568600182e+00
179                                    4.0665380373334061e+00
180                                    3.6729151371771001e+00
181                                    3.3098371953354855e+00
182                                    4.1390781336525313e+00
183                                    5.0271169682674968e+00
184                                    1.7589116646788086e+00
185                                    1.7837046038127811e+00
186                                    1.7813130577680725e+00
   &pairsTotalSSCIso [&Type "ArrayOfDoubles", &Dim (187,1)] "The Spin-Spin coupling constant for each pair"
                                                         0

0                                      7.7090514761837903e-01
1                                      7.4819174682689802e+00
2                                     -6.2252447623037765e-01
3                                      6.2867462438451738e-01
4                                      5.3466820860565756e-01
5                                      7.1016952492553242e-01
6                                     -4.1480510942124954e-01
7                                     -2.3304598736833940e-01
8                                      1.0054584057477389e-02
9                                     -5.9584471207065470e-01
10                                    -2.2313799330682577e-01
11                                     8.4597650263614644e-03
12                                     3.9139735002912485e-02
13                                     9.0583181174015981e-02
14                                    -1.1005072421338036e+00
15                                     4.4570883562205101e-02
16                                    -6.7569820821187287e-01
17                                    -8.4602769090728602e-01
18                                     5.8124384258771111e-01
19                                    -1.5300695075306599e+01
20                                     5.5997163443925437e+00
21                                     1.3419311727183700e+00
22                                     7.7337616147390575e-01
23                                     7.7607199805047133e-01
24                                    -3.1904039740992159e-02
25                                     7.6826322842510869e-02
26                                     2.6172657100577410e-03
27                                     6.7231890993866428e-01
28                                    -1.6098835018501421e-02
29                                    -4.0892596462397939e-03
30                                     2.3983483154944647e-02
31                                     5.7446246315596434e-03
32                                    -1.2939594568475526e-01
33                                    -1.7455105272127158e-03
34                                    -4.7790434573096192e-03
35                                     1.2637500570833751e-01
36                                     1.0505441682439927e-01
37                                     1.4199884707190565e+01
38                                     6.2151699327667540e+00
39                                    -5.5679449936620096e-01
40                                     1.0100146101500554e-01
41                                    -7.6134289567987637e-02
42                                     5.7881886118360781e-01
43                                     8.6091232824832692e-03
44                                    -4.5204133478136906e-02
45                                     4.6379913225438919e-02
46                                    -3.8849539287953885e-02
47                                    -1.5529647373450358e-02
48                                    -2.3198901674094821e-01
49                                    -9.9536225615414697e-02
50                                    -6.6781997761011774e-03
51                                    -8.5421602941315802e-02
52                                    -1.0709535199340828e-01
53                                     1.4445763829336516e-01
54                                    -1.4052541498298320e+01
55                                     2.3473011722363966e+00
56                                    -4.0163132109028316e-01
57                                    -1.2459079215161409e-01
58                                    -4.4451648643564062e-01
59                                     1.5422997366342646e-02
60                                    -1.7413580024662402e-02
61                                    -7.4097266169888838e-03
62                                     1.2620833558807959e-01
63                                    -7.0325263822600487e-02
64                                    -1.0477262694919299e-02
65                                    -5.4628066687161092e-01
66                                     9.2249132374037110e-04
67                                    -3.6853623200857805e-02
68                                    -3.2544503147598006e-02
69                                    -1.0776560340521124e-02
70                                     4.1892870237288093e+00
71                                     8.3315999345710057e-01
72                                     9.0867637411714386e-02
73                                     1.4152250506287381e-01
74                                    -2.0102550787967289e-02
75                                    -2.1598303650116842e-02
76                                    -2.2569763905591268e-02
77                                     1.4803797386110396e-01
78                                     1.0160309016196004e-01
79                                     2.3567862118447108e-02
80                                    -1.5108068449987657e-02
81                                    -8.9408731402795317e-04
82                                    -4.0654648422296616e-02
83                                    -2.8691541007997871e-02
84                                     5.4492771954268784e-02
85                                     5.0618266608286255e+00
86                                    -1.1087240916253291e+00
87                                     1.1401976709984241e-01
88                                    -4.8605337079905345e-02
89                                    -6.4923164824188875e-02
90                                    -5.8895717035298903e-02
91                                    -9.6642043131452970e-01
92                                    -9.9053123900104656e-01
93                                     1.0415085604282875e-02
94                                     1.4140909490317545e-02
95                                    -8.4297010956021073e-02
96                                     8.5593028152030695e-03
97                                     1.1782698609920903e-02
98                                    -8.2058829022804650e-03
99                                    -2.7174494863751356e-02
100                                    4.2752946890386265e-02
101                                    1.2427837149349468e+01
102                                   -3.5333472705252966e-01
103                                   -2.2369867424748113e-01
104                                    6.3888187045323553e-03
105                                    5.3137291728121691e-02
106                                   -1.3397668134188648e-01
107                                   -1.2149670607833086e-02
108                                    2.7699442259698007e-02
109                                   -7.1617217039198128e-02
110                                   -9.4909142651823444e-02
111                                   -1.3893669042718397e-03
112                                   -1.8400957093322194e+01
113                                   -2.6322903657099556e-01
114                                   -1.3900178808741176e-01
115                                   -4.1412017133714937e-02
116                                   -2.2237505466207192e+00
117                                   -2.6075348361319808e+00
118                                    7.0545815289922958e-02
119                                    1.9940953775979604e-02
120                                   -1.1314466024453192e-01
121                                   -1.1321781045106056e-02
122                                    5.3771651195786115e-03
123                                   -5.1877571470390749e-05
124                                    1.8749369385765463e-01
125                                   -3.6764108523670302e-01
126                                    2.1745404317882971e-01
127                                   -2.6653027656265800e+00
128                                   -3.1468442212581658e+00
129                                    6.7587329146910208e-02
130                                    4.0931484838387058e-02
131                                    1.3673720913985806e-02
132                                   -5.0076476305796494e-02
133                                   -8.9653579570870209e-03
134                                    4.1699484087826602e-02
135                                   -1.3051630155552271e-02
136                                    2.2599834087949626e-02
137                                   -4.2621871006886893e-02
138                                   -1.8849909538142588e-02
139                                   -3.7449372940118388e-02
140                                   -8.4344373243385251e-01
141                                   -1.2535566796606879e-02
142                                   -4.3368068909982835e-02
143                                   -5.0691217153226347e-03
144                                    7.6128278126217790e-05
145                                   -1.2737469509735430e+01
146                                   -5.8995993043766933e-03
147                                   -4.9042149935311073e-04
148                                   -2.0628756744838377e-02
149                                   -9.0654182337695961e-03
150                                    2.1871073847002056e+00
151                                    3.2941026420742626e-02
152                                    7.6092818223728348e-02
153                                   -2.0576374620218621e-02
154                                    4.2968145784919899e-02
155                                    2.4605945615518834e-01
156                                   -6.0103128297010798e-03
157                                    4.3311231224695728e-03
158                                    1.5893262500384335e+01
159                                   -3.0275664549392955e-01
160                                    8.9559180159110748e-03
161                                    2.5682883315587161e-02
162                                    2.8327888714058369e-01
163                                   -3.6327336426536364e-03
164                                    4.6552201539381702e-03
165                                   -5.3233714685289556e-05
166                                    1.4100618307905950e-03
167                                    8.9165610603153637e-03
168                                   -2.8312656919118355e-03
169                                    1.0456500340743462e-02
170                                   -2.0185781008351675e-03
171                                   -8.0105924707277436e-04
172                                    1.3986444825460853e-01
173                                   -1.2781661766549747e-02
174                                   -1.6893853061302151e+00
175                                   -2.5528954846898744e+00
176                                   -4.3745903500954786e-01
177                                   -1.0106440031551821e-02
178                                   -1.3109727151904593e+00
179                                   -1.8330298285434756e+00
180                                    5.9435002915951873e-01
181                                   -1.2315165134167928e-01
182                                   -3.8519568134275720e-02
183                                    5.0721372009137074e-02
184                                   -1.9256687392027334e+01
185                                   -1.2338409598732145e+01
186                                   -1.3571666348583729e+01
   &Method [&Type "String"] "SCF"
   &Level [&Type "String"] "Relaxed density"
   &Mult [&Type "Integer"] 1
   &State [&Type "Integer"] -1
   &Irrep [&Type "Integer"] 0
$End
$Calculation_Timings
   &GeometryIndex 1
   &GTOINT [&Type "Double"]       1.5636240000000001e+00
   &SCF [&Type "Double"]       1.7004286000000000e+01
   &PROPINT [&Type "Double"]       1.1833640000000010e+00
   &RESPONSE [&Type "Double"]       8.5855320000000006e+00
   &PROP [&Type "Double"]       7.7439400000000091e-01
   &SUM [&Type "Double"]       2.9111200000000004e+01
$End
