$coord
         -1.397531155632         -2.987742105941         -0.552306844049     c 
         -2.231097915852         -2.274382039977          2.137207211978     c 
         -4.494685848561         -0.504333810203          2.396739352494     c 
         -3.862573856825          2.257402009284          1.889349367331     c 
         -3.016500009283          2.805421813650         -0.816411394952     c 
         -0.317697802438          1.895922676064         -1.356249517814     c 
          0.147370003386         -0.920805224148         -1.913954481743     c 
          0.581139341849         -5.117948704010         -0.359283613610     c 
          3.021533407346         -3.778624800711          0.388063195850     c 
          2.934281166953         -1.287561450597         -1.094806041955     c 
          1.315046443791          2.514572314751          0.665031625295     o 
          3.635627127473          1.203495092914          0.306550004032     c 
         -0.059166086430         -1.233940107911         -3.945570784567     h 
          4.146353473499         -1.459103874396         -2.756343055469     h 
          0.325078621099          2.925136179494         -3.059335811243     h 
         -3.151118543533          5.652851358714         -1.303094597854     c 
          4.849488862764          0.888145490023          2.908546696785     c 
          5.424667225870          2.779845895101         -1.355995991236     c 
         -3.636671168565         -3.875775663921         -2.148253023407     c 
         -2.692379034583         -4.035238740811          3.118025842582     h 
         -0.643501199016         -1.406938405684          3.118925140296     h 
         -6.036027869380         -1.108190241600          1.169335699510     h 
         -5.180055407714         -0.646261052125          4.341767756964     h 
         -2.362895112315          2.869905852136          3.163668315012     h 
         -5.540844623977          3.392644267805          2.289811640407     h 
         -4.279843708897          1.851361233080         -2.148953251909     h 
          0.814901183580         -6.003807748671         -2.208274393373     h 
          0.038417490007         -6.579006885535          0.986289542916     h 
          3.043616161809         -3.463912766600          2.417057096495     h 
          4.690203216400         -4.885677956397         -0.094141761710     h 
         -2.654818826119          6.089572726333         -3.250250291392     h 
         -5.048599307162          6.358218177008         -0.946629318904     h 
         -1.838938987858          6.626898678699         -0.058675506603     h 
          6.489925370750         -0.340762883138          2.796057758957     h 
          5.438232991527          2.731848433154          3.596697067986     h 
          3.503045450588          0.123774720765          4.256279989595     h 
          5.669027186463          4.645724949692         -0.530507380671     h 
          7.256112409664          1.859065542029         -1.485144196697     h 
          4.661633974782          3.004005972765         -3.250703024565     h 
         -4.897300836023         -2.325885615547         -2.617927297392     h 
         -2.971510265014         -4.700532074089         -3.911565818065     h 
         -4.706625510140         -5.308347352281         -1.132692054479     h 
$end
