$coord
         -1.397499999164          2.987749050105          0.552313987369     c 
         -2.231079831563          2.274392452545         -2.137196167508     c 
         -4.494692984932          0.504375917254         -2.396736126387     c 
         -3.862603922375         -2.257367056358         -1.889348372234     c 
         -3.016521093344         -2.805406610249          0.816407393802     c 
         -0.317714178247         -1.895928616618          1.356247126144     c 
          0.147376747051          0.920793893340          1.913959149521     c 
          0.581185057711          5.117942230742          0.359283841856     c 
          3.021565575951          3.778603077544         -0.388076494263     c 
          2.934290045442          1.287542554649          1.094805973514     c 
          1.315020259926         -2.514572965584         -0.665043350132     o 
          3.635612495692         -1.203517755086         -0.306551309299     c 
         -0.059157238744          1.233925881287          3.945576624732     h 
          4.146365474760          1.459070850857          2.756342761017     h 
          0.325066497552         -2.925151686408          3.059326460467     h 
         -3.151145385778         -5.652835524712          1.303091138867     c 
          4.849487038412         -0.888177630871         -2.908542874281     c 
          5.424634935357         -2.779884046222          1.355998104861     c 
         -3.636630239568          3.875807555492          2.148257611439     c 
         -2.692343327844          4.035252818502         -3.118013116445     h 
         -0.643496829036          1.406931915597         -3.118920630498     h 
         -6.036019639634          1.108245990582         -1.169321185125     h 
         -5.180075393655          0.646312672813         -4.341759852085     h 
         -2.362935753528         -2.869885853556         -3.163671518886     h 
         -5.540888173667         -3.392590782147         -2.289809000493     h 
         -4.279858908351         -1.851346357358          2.148954412923     h 
          0.814960621498          6.003795159683          2.208276057810     h 
          0.038468724813          6.579012510860         -0.986276767079     h 
          3.043636214247          3.463892324100         -2.417070556668     h 
          4.690238028543          4.885659352789          0.094112011910     h 
         -2.654840254488         -6.089562856117          3.250243900306     h 
         -5.048630436440         -6.358190539211          0.946633894464     h 
         -1.838976833978         -6.626886639266          0.058663626619     h 
          3.503050336464         -0.123799921972         -4.256277387098     h 
          6.489928963297          0.340724239553         -2.796049954800     h 
          5.438220415957         -2.731885532832         -3.596690704934     h 
          4.661597336386         -3.004030195851          3.250705971560     h 
          5.668961589529         -4.645766184090          0.530511267237     h 
          7.256097269358         -1.859136301884          1.485141924836     h 
         -4.897268920263          2.325926330437          2.617928890587     h 
         -2.971465316381          4.700556189059          3.911572619155     h 
         -4.706576369339          5.308385585961          1.132695912511     h 
$end
