$coord
 0.05301482141130 -1.50009134351479  -0.04505058821480  c
 1.27417833505600  0.80331033249868  -1.51779153901741  c
-0.70946061026772  2.95550592306967  -1.87871230525905  c
-2.37814765395402  3.46681051775317   0.46210005284126  c
-3.41205934147011  0.96510539364244   1.58694980741386  c
-1.19699090145316 -0.72593219455119   2.49207892972429  c
-2.37685141510935 -2.35681845550085  -1.51095209783723  c
-4.51682916578047 -0.69548310303493  -0.48678822481392  c
 0.54267947105026  0.38145532335033   4.22205581442537  o
 1.91073568707707 -3.71042764159147   0.31959352969937  c
-6.92373202014146 -0.72606768045210  -1.25505798761135  c
 3.86022362870037  1.76240345448690  -0.58629121413416  c
 5.98417051808857  0.69233721638126  -1.48341386782305  c
 1.65590220406534  0.03054370412397  -3.41262815949220  h
 2.86120392322028 -4.75166195460087  -1.99752649804913  o
 4.05086954540047  4.00740725433544   1.18966625299484  c
 0.24247763008927  4.70573489006433  -2.47860891025944  h
-1.95380702179177  2.43373575921226  -3.46414694523997  h
-1.31399049792574  4.48033628839856   1.93418398622162  h
-3.97557507767559  4.68901909057617  -0.08035096944612  h
-4.78586058898631  1.36810118011322   3.09967289897533  h
-2.01111391843890 -2.45792697433011   3.35153628377127  h
-2.17193026908615 -2.19584264373136  -3.57558172988474  h
-2.79139817986712 -4.36151790605195  -1.09907046527535  h
-0.37450964333949  0.76245904972813   5.78320424058202  h
 0.96576627071430 -5.19211735992410   1.45962591391778  h
 3.58160362446515 -3.07813392650564   1.37541848336673  h
-7.56669669780436 -1.96740692153675  -2.77576138101824  h
-8.34888001203312  0.49537428371252  -0.39410424075387  h
 7.85282277204430  1.35269151007986  -0.90271176936995  h
 5.93500409038078 -0.89974859708191  -2.79367210610289  h
 1.43737737315917 -5.48348546074270  -2.92304007207996  h
 3.16169870129319  5.70602855920689   0.37430779122089  h
 3.10243700660489  3.62131805278422   2.99189852824096  h
 6.04191580911581  4.46992777853349   1.56957436912647  h
$end
