   -0.00829322
   -0.03252740
   -0.06327076
   -0.05772466
   -0.03599152
    0.11025712
   -0.07392952
    0.00985608
   -0.48757639
    0.08343933
   -0.11304258
    0.01782013
   -0.11187636
    0.04489360
   -0.47721956
   -0.11466579
    0.04188214
    0.04081907
    0.03849877
    0.04123321
    0.04058419
    0.04572147
    0.04528131
    0.05432787
    0.30781693
    0.04595254
    0.02389747
    0.03477423
    0.03569834
    0.02817185
    0.03001644
    0.31152658
    0.04101359
    0.05997194
    0.04266357
