$coord
 0.23181981367021 -1.07624850134382   0.80315556615427  c
-1.84333855519752  0.99532661050579   1.36352061134644  c
-0.68871835668110  3.69970334696322   1.06494004359757  c
 1.10398413096362  4.04624925874641  -1.21870534058462  c
 2.91287640901395  1.75908039981887  -1.53665112565572  c
 1.29868117447702 -0.64175234003249  -1.90863896948609  c
 2.59358157466349 -0.53151231678074   2.50734802179517  c
 4.28351088937567  1.21141349380831   0.93589760422392  c
 2.71658815197848 -2.75635557928052  -2.86071161649608  o
-0.69164603480949 -3.81643906485150   1.22306053777170  c
 6.57281285606532  2.06187003507055   1.59282291495599  c
-4.36857413669807  0.65345074546454  -0.02337713270303  c
-4.90030096308391  1.64554671711316  -2.29974203568421  c
-2.28726847450233  0.77853128620237   3.39274206450584  h
-2.31973307160418 -4.76858221181137  -0.71042793941765  o
-6.40124511777632 -0.75120139508739   1.43389558979169  c
-2.22548011943534  5.09865807767780   0.97850701135516  h
 0.38316856311111  4.13733686128037   2.79575888648155  h
 0.03270026869387  4.29106658438714  -2.98734068643710  h
 2.22084880624835  5.78487857166117  -0.95966813434710  h
 4.21166865511083  2.09468126924499  -3.12834623025868  h
-0.21101255592438 -0.36195471368217  -3.30542569857603  h
 3.60340905902846 -2.29866792629923   2.96503733701345  h
 2.06748968224804  0.31562957837528   4.33498879515351  h
 4.22971622268722 -2.98375234973839  -1.81588422849920  h
-1.76096599119774 -3.93425605809505   3.00676205226931  h
 0.97321543774573 -5.06073511990085   1.44171642193712  h
 7.42623559321024  1.59184389555806   3.41468962374672  h
 7.67989632225806  3.26868152633452   0.33414321810112  h
-6.76544704085718  1.39992508763939  -3.15083031985866  h
-3.55143183425373  2.74145746107710  -3.40450440646613  h
-1.27696132944646 -4.96304325919049  -2.22470019830941  h
-8.19793644436496 -0.79713146638651   0.38607936318856  h
-5.84692098067257 -2.71590644264312   1.83035186833659  h
-6.74871343717501  0.17012325799644   3.27385088113545  h
$end
