           1           2  0.959023717454895     
           2           3  0.985600954680078     
           3           4   1.00844972466745     
           4           5  0.977457959250952     
           1           6  0.960989072500546     
           5           6  0.973544105861385     
           1           7  0.981358722725555     
           5           8  0.995686722161413     
           7           8   1.00634016891108     
           6           9  0.979942802252470     
           1          10  0.977647757539888     
           8          11   1.93496537975455     
           2          12  0.997420769011013     
          12          13   1.92754590078650     
           2          14  0.962186801262041     
          10          15  0.995536792241052     
          12          16   1.02511251013040     
           3          17  0.976138083508786     
           3          18  0.977253769102885     
           4          19  0.969095312750183     
           4          20  0.975655012799645     
           5          21  0.963243066092741     
           6          22  0.956565320380116     
           7          23  0.958018533018299     
           7          24  0.962348038510635     
           9          25  0.886437406326394     
          10          26  0.969705310912209     
          10          27  0.966585152749304     
          11          28  0.975032307971790     
          11          29  0.974778945431298     
          13          30  0.974571043093772     
          13          31  0.966970086853753     
          15          32  0.884710675253320     
          16          33  0.984194802602051     
          16          34  0.964601660889176     
          16          35  0.973292050975870     
