    0.01813039
   -0.06252520
   -0.05577454
   -0.06156361
   -0.01503642
    0.11501261
   -0.03281452
   -0.06267686
   -0.06140114
   -0.03491795
   -0.32841700
    0.14085672
    0.02047108
    0.02467489
    0.00434368
   -0.10645291
   -0.10976584
   -0.11449568
   -0.10539773
    0.02497561
    0.04921962
    0.03160227
    0.02676208
    0.05364782
    0.02794390
    0.02633724
    0.02984147
    0.02888601
    0.04155414
    0.02589850
    0.03045567
    0.03417357
    0.04744062
    0.04674102
    0.03840142
    0.04902085
    0.03431569
    0.04499495
    0.03437143
    0.03539964
    0.02964752
    0.03611900
