           1           2  0.987334945899588     
           2           3   1.00711042299295     
           3           4   1.00931978330151     
           4           5  0.997877924663306     
           5           6  0.978824790918552     
           1           7  0.973139944543283     
           6           7  0.973034394201565     
           1           8  0.979768667671612     
           8           9   1.00667508417264     
           7          10  0.979735554525252     
           9          10  0.996138362985661     
           6          11  0.974297375052420     
          10          12  0.959418967165713     
          11          12  0.961910363274794     
           7          13  0.972178948792463     
          10          14  0.974404980435166     
           6          15  0.954641570499028     
           5          16   1.00624426945884     
          12          17  0.996049657876085     
          12          18  0.987539946382063     
           1          19   1.00143794072764     
           2          20  0.974959196779644     
           2          21  0.969558602320300     
           3          22  0.973222576877593     
           3          23  0.976443232356733     
           4          24  0.972317806785531     
           4          25  0.974969141762167     
           5          26  0.963912253497319     
           8          27  0.977495878377117     
           8          28  0.976997429752519     
           9          29  0.971585933129198     
           9          30  0.980725579782985     
          16          31  0.986214508700781     
          16          32  0.986139569023032     
          16          33  0.986790037264965     
          17          34  0.979455714097322     
          17          35  0.985504276701664     
          17          36  0.982622569008951     
          18          37  0.983810671130114     
          18          38  0.984896037424051     
          18          39  0.986145095466485     
          19          40  0.979426298038747     
          19          41  0.983985982906991     
          19          42  0.985439112491582     
