$coord
 0.05593712031272 -1.45379167637616  -0.03657820161131  c
 1.19395338793984  0.80894438000837  -1.52252860413226  c
-0.77505612208945  2.92970175914624  -1.80576502924254  c
-2.34333710559826  3.40053969353978   0.57058147216451  c
-3.38503123997352  0.89984138072973   1.59728083136804  c
-1.15958707806611 -0.72706811015702   2.50208916635620  c
-2.31765079347838 -2.37138916169721  -1.45836465939812  c
-4.41886432059189 -0.69521113302330  -0.52072286701673  c
 0.48676286753519  0.41389857609833   4.24107822681645  o
 1.99595408192789 -3.56737090966155   0.28931116554729  c
-6.75663296757065 -0.63229300044188  -1.39000651647242  c
 3.76333783342363  1.71964407111908  -0.63656076321485  c
 5.82660296367672  0.71578702457807  -1.64416547945897  c
 1.53483722583529  0.03562792089276  -3.41376636554846  h
 2.68457463672960 -4.52335944677086  -2.10379406530084  o
 3.97602122006741  3.79418496850591   1.27574985635766  c
 0.17063615359715  4.66897261481043  -2.38305738696372  h
-2.07162657725190  2.41712862876412  -3.32725148494347  h
-1.19908298809129  4.28930463393570   2.03571048635310  h
-3.90672320749130  4.66778002150279   0.11263788348809  h
-4.77623450582825  1.25838884020890   3.08392608297279  h
-1.91765969818535 -2.47781173576970   3.35333887064649  h
-2.08428361796520 -2.29402856023033  -3.50049301169767  h
-2.71350777801249 -4.33714137121309  -0.96339304947491  h
-0.47363065367586  0.85623980807170   5.72303627997428  h
 1.15702788641406 -5.08177547611170   1.44542131799585  h
 3.64474077834536 -2.81818569569883   1.29684918277397  h
-7.35662028901635 -1.81600586575389  -2.93282934337819  h
-8.16272103863085  0.60801588506170  -0.59880381904353  h
 7.69329238525880  1.31146378851296  -1.08798229986331  h
 5.73578448768991 -0.75649419122405  -3.04629530334268  h
 4.05089091551373 -5.70209559720003  -1.88465803267922  h
 3.02324929237679  5.49880711286829   0.62946659792522  h
 3.12693172879640  3.20138925324291   3.04699395833489  h
 5.95272382518453  4.24759705478267   1.60824825566935  h
$end