    0.00137198
   -0.03409581
   -0.06130925
   -0.06019032
   -0.03602923
    0.10799688
   -0.06854776
    0.00910018
   -0.48789099
    0.08486877
   -0.11311745
    0.01055094
   -0.11141928
    0.05480577
   -0.47632788
   -0.11115716
    0.04030272
    0.04025358
    0.04422298
    0.04013685
    0.04098331
    0.04150734
    0.04882121
    0.05651458
    0.30979727
    0.02848296
    0.02376733
    0.03340295
    0.03437648
    0.02852857
    0.03280821
    0.30528547
    0.05375189
    0.04480790
    0.04363898
