$coord
 0.16083111816596 -1.22561167907976   0.15995464901603  c
-1.79911465366128  0.61106897402211   1.33945420287953  c
-0.65613001467012  3.26829198882213   1.64513756497140  c
 0.93613054816324  4.15878964272405  -0.59551030570838  c
 2.73067186277816  2.05845567597447  -1.45973024201473  c
 1.15419941993852 -0.19090044424267  -2.37710439515591  c
 2.57416536754353 -1.20463073720219   1.79302344615082  c
 4.11089099121578  0.96899044736030   0.78332378840573  c
 2.59368663677378 -1.95191463667193  -3.75877202814842  o
-0.92490333055030 -3.88907166806054  -0.10021302643184  c
 6.29412921558533  1.77395173596280   1.68454436344935  c
-4.36975012070582  0.59102739270274   0.07397308313871  c
-6.15406414285448 -0.93160930206314   0.95669691701011  c
-2.13045414346660 -0.13448431463988   3.24292066475660  h
-1.45113154065675 -4.86817409887762   2.32719140028873  o
-4.94412464321250  2.33718089302086  -2.08442594930238  c
-2.16848673197229  4.62085066400352   2.01780664599685  h
 0.55848595204207  3.25722944137684   3.31270053614080  h
-0.25181903909143  4.71253526345664  -2.18535407115475  h
 2.03339105238041  5.81070343280057  -0.02238195969362  h
 4.00870550966125  2.75972868871466  -2.92201152321403  h
-0.35610304752431  0.35111098844328  -3.66623357257510  h
 3.59895672300154 -2.98589118435288   1.57730167960787  h
 2.14927191603733 -1.00829752026630   3.79723029881777  h
 4.08964523464633 -2.34248665344173  -2.79390020505246  h
 0.45868503972928 -5.08947367459391  -1.08059643871663  h
-2.64690209188445 -3.81906296973981  -1.25565872339572  h
 7.16478735582659  0.91513050455605   3.31176450830359  h
 7.29349301231880  3.33155115347439   0.83807868150347  h
-8.01362717043478 -1.00804663758027   0.12980184202005  h
-5.81878926966906 -2.18066462563449   2.52754117756989  h
-2.21910592845296 -6.50437438177292   2.13591075335414  h
-4.57355707388781  4.29271355208944  -1.56927790852630  h
-3.81593450943083  1.89087752897203  -3.74462381758863  h
-6.92642238383489  2.17530685428147  -2.60391431550005  h
$end