           1           2  0.956071903927701     
           2           3  0.989109802399911     
           3           4   1.00871446703599     
           4           5  0.978058338747495     
           1           6  0.959950130226880     
           5           6  0.973479238402632     
           1           7  0.981392807845766     
           5           8  0.994543663536382     
           7           8   1.00693845608749     
           6           9  0.982652716068989     
           1          10  0.988298337613066     
           8          11   1.93429476157301     
           2          12  0.997548108300596     
          12          13   1.92559305791824     
           2          14  0.958735010950092     
          10          15  0.985676340913606     
          12          16   1.02677829289932     
           3          17  0.973952061197261     
           3          18  0.975861446168650     
           4          19  0.972092003260285     
           4          20  0.976161631829073     
           5          21  0.963371857895358     
           6          22  0.955030275539390     
           7          23  0.957357862227739     
           7          24  0.962118166471815     
           9          25  0.883647800756715     
          10          26  0.967088911945369     
          10          27  0.967535731354610     
          11          28  0.975122261123748     
          11          29  0.974884496883973     
          13          30  0.975547711686665     
          13          31  0.975126022420824     
          15          32  0.893615122349920     
          16          33  0.967436989712057     
          16          34  0.962042882886009     
          16          35  0.982981959982171     
