    0.01693261
   -0.06234845
   -0.05882221
   -0.05610567
   -0.01628395
    0.11657071
   -0.03485493
   -0.06237723
   -0.05829211
   -0.03318286
   -0.32567982
    0.14023189
    0.02321838
    0.02272251
    0.00353283
   -0.10662437
   -0.10961639
   -0.11391787
   -0.10663318
    0.03332888
    0.02882583
    0.02290501
    0.05499792
    0.04326214
    0.02425511
    0.02852492
    0.02916345
    0.03681416
    0.03485679
    0.02884502
    0.03044810
    0.03586883
    0.04578406
    0.04810257
    0.03572841
    0.04993247
    0.03292950
    0.03433348
    0.04515626
    0.02903116
    0.03541303
    0.03302301
