           1           2  0.988118828896706     
           2           3   1.00628722160548     
           3           4   1.00714480834524     
           4           5  0.996389808871273     
           5           6  0.979538634637827     
           1           7  0.969169085480548     
           6           7  0.971470223296799     
           1           8  0.984414957156156     
           8           9   1.00857737938439     
           7          10  0.982259078066935     
           9          10  0.999522118509066     
           6          11  0.976418696088572     
          10          12  0.956150711775697     
          11          12  0.961428088675083     
           7          13  0.971923052009557     
          10          14  0.972856774847446     
           6          15  0.953527409920185     
           5          16   1.00667724307571     
          12          17  0.996715755433328     
          12          18  0.988362663094714     
           1          19  0.998457043955997     
           2          20  0.973014359147817     
           2          21  0.976166938604759     
           3          22  0.978750603402312     
           3          23  0.966782602541335     
           4          24  0.976144249214359     
           4          25  0.978875867324862     
           5          26  0.965953121539228     
           8          27  0.977542622424756     
           8          28  0.967246811941439     
           9          29  0.973763824634266     
           9          30  0.977547531519275     
          16          31  0.986594218755168     
          16          32  0.986446842583826     
          16          33  0.986560483964840     
          17          34  0.978503325633725     
          17          35  0.984053110271260     
          17          36  0.982403856454453     
          18          37  0.986097110475313     
          18          38  0.983586557026033     
          18          39  0.984980806376136     
          19          40  0.985476933827771     
          19          41  0.984915712555728     
          19          42  0.985213738116351     
