   -0.00814709
   -0.03283567
   -0.06121689
   -0.06075359
   -0.02960855
    0.12053148
   -0.07162090
    0.01881711
   -0.48738180
    0.07819600
   -0.11304584
    0.01158048
   -0.11527794
    0.04488564
   -0.49161736
   -0.11265025
    0.04112589
    0.04242970
    0.04231087
    0.04122260
    0.04513175
    0.01871772
    0.05316810
    0.04868417
    0.31284894
    0.02563863
    0.04750918
    0.03384502
    0.03483454
    0.03258147
    0.02941300
    0.30976363
    0.05682803
    0.04940352
    0.04468845
