           1           2  0.956994249479178     
           2           3  0.986609397104744     
           3           4   1.00873364317284     
           4           5  0.978766360660685     
           1           6  0.961292567418058     
           5           6  0.978971260910043     
           1           7  0.981148137737437     
           5           8  0.995104354290801     
           7           8   1.00635555111561     
           6           9  0.980802060038291     
           1          10  0.977511288846519     
           8          11   1.93681619642013     
           2          12  0.998550969434939     
          12          13   1.90695979825186     
           2          14  0.960244611731701     
          10          15  0.991986866928307     
          12          16   1.02762661353823     
           3          17  0.974185830197358     
           3          18  0.975869212485552     
           4          19  0.972409386195182     
           4          20  0.976081319130286     
           5          21  0.962750839971322     
           6          22  0.953178341076978     
           7          23  0.957353737671345     
           7          24  0.965784545483119     
           9          25  0.882552185591271     
          10          26  0.968107238342637     
          10          27  0.968622402360971     
          11          28  0.975155607818658     
          11          29  0.974949095496853     
          13          30  0.975192804770450     
          13          31  0.974711364431363     
          15          32  0.869173455302073     
          16          33  0.966117662714326     
          16          34  0.959935490941465     
          16          35  0.982725997394637     
