   -0.00012627
   -0.02751628
   -0.05925332
   -0.05742886
   -0.02838026
    0.11701457
   -0.07123558
    0.00984757
   -0.46861167
    0.08436518
   -0.11275266
    0.01412061
   -0.11616207
    0.05082322
   -0.47372122
   -0.11710904
    0.03948248
    0.03689958
    0.05496576
    0.03544375
    0.04029570
    0.00469694
    0.05907420
    0.04972312
    0.30688969
    0.01828670
    0.02335019
    0.03646019
    0.03723643
    0.02416367
    0.02947699
    0.30649503
    0.06873615
    0.03679706
    0.04765244
