$coord
 0.07028663363577 -1.51352752938917  -0.06767065209770  c
 1.28797326269593  0.79375496358893  -1.53289262574938  c
-0.70868372408336  2.93146555754126  -1.90492388683154  c
-2.39047674643351  3.44560009248057   0.42792729185299  c
-3.38628825540275  0.94293170020755   1.59346371981666  c
-1.15660502744598 -0.70944282475013   2.49007309626766  c
-2.36448109965975 -2.37886981187944  -1.51259381451316  c
-4.50039227276059 -0.73419698270324  -0.46168175309376  c
 0.37898849390651  0.59696075912690   4.27610802208494  o
 1.91230766785131 -3.71949843750220   0.29239518442615  c
-6.91660079262718 -0.76828708792629  -1.20314402969195  c
 3.86039928216990  1.75573813013082  -0.56403747827920  c
 5.99695623678281  0.62666648349146  -1.35559617949562  c
 1.68883986385048  0.03234987017288  -3.42777486020496  h
 2.64600433467790 -4.67923380148258  -2.13576237862577  o
 4.03059790830909  4.07117763369054   1.12256725883634  c
 0.23086999771390  4.68554251951944  -2.51294656560683  h
-1.94386985750397  2.39152828632196  -3.49134494040285  h
-1.35816960078308  4.51456920548855   1.88163678739603  h
-4.01552196199687  4.61754685216936  -0.14285496593899  h
-4.74366567887847  1.34856487090484   3.11778505051632  h
-1.93365519760747 -2.44019233826842   3.38596976032165  h
-2.16856071472187 -2.21238154712731  -3.57666535721165  h
-2.75339175282098 -4.38897019479839  -1.11569797198997  h
 1.78147089621765 -0.50529431261470   4.76531984593550  h
 0.95130874378735 -5.20862473266542   1.40985592220469  h
 3.58426289652314 -3.09794891341193   1.37970925202324  h
-7.57298447803404 -2.00823396398782  -2.71972176744344  h
-8.33452243592336  0.44851356591660  -0.32283683629624  h
 7.85649251088094  1.28968957016108  -0.74785539942464  h
 5.96309282463660 -1.00167702638055  -2.62209337148670  h
 3.89804934070053 -6.01182593275503  -1.86415395057933  h
 2.96464777574650  3.81147869621738   2.88135300053523  h
 6.01165987315377  4.48631400854561   1.59755090071109  h
 3.25160466312692  5.75767856367956   0.17781911175695  h
$end
