           1           2  0.956553377942502     
           2           3  0.991100219302884     
           3           4   1.00937415134430     
           4           5  0.978776977615810     
           1           6  0.958984592201857     
           5           6  0.975303668313074     
           1           7  0.980136306278312     
           5           8  0.994831570616250     
           7           8   1.00588948545571     
           6           9  0.985601307408034     
           1          10  0.987481845319668     
           8          11   1.93598448934104     
           2          12  0.996735558202869     
          12          13   1.92192503441927     
           2          14  0.957636192304648     
          10          15  0.987774172680687     
          12          16   1.02892448539152     
           3          17  0.973122345795222     
           3          18  0.975622015502218     
           4          19  0.969796315369704     
           4          20  0.976477823091793     
           5          21  0.964966123674361     
           6          22  0.958591117073359     
           7          23  0.963535311881312     
           7          24  0.958904066263507     
           9          25  0.887614780475083     
          10          26  0.968061910145839     
          10          27  0.964965160357419     
          11          28  0.974726348651891     
          11          29  0.974639569267036     
          13          30  0.975803593958829     
          13          31  0.974728102459629     
          15          32  0.892528589933630     
          16          33  0.959601256318555     
          16          34  0.983669768587780     
          16          35  0.964846515299772     
