$coord
-0.05571585750392 -1.06983724893394   0.54719284545640  c
-1.97336776053728  1.09351024592657   1.30585681784275  c
-0.66763171151106  3.74057674355304   1.21663592854959  c
 1.12697902004645  4.15336695795201  -1.04978780616052  c
 2.80038186249618  1.79246892482393  -1.52355456115761  c
 1.05593755074882 -0.47082501450245  -2.10274415174586  c
 2.33962845416417 -0.88468702137157   2.26551252482707  c
 4.10093009344483  0.95981952739524   0.91104457260157  c
 2.47088252342288 -2.64189244553074  -2.95839973331488  o
-1.37281393301768 -3.67770605382149   0.72707974067131  c
 6.37995510081462  1.71561387336030   1.69985446408073  c
-4.53329275604173  1.01553879475178  -0.06410022263571  c
-4.96743116371178  1.94679497084194  -2.38636748526321  c
-2.40516894140004  0.73473411144590   3.31496122123102  h
 0.27879850437266 -5.80500898753352   0.52195968619035  o
-6.70116441437837 -0.08447730577543   1.46346798621841  c
-2.12212452882298  5.22669211365219   1.25617291344522  h
 0.43922381789769  3.96668407295037   2.96493815020135  h
 0.05963980498025  4.58481265423191  -2.78650597214160  h
 2.33918744249333  5.80456276831662  -0.67595475222503  h
 4.14608303923165  2.18134629660304  -3.06647631210275  h
-0.41807191831342 -0.01026276011846  -3.49882763433122  h
 3.23181421310520 -2.75547456500325   2.43181421268082  h
 1.87141934388149 -0.26459007599986   4.19782032386281  h
 3.26588246082147 -2.22378683625380  -4.57572087529281  h
-2.88988543731662 -3.77166698959051  -0.71189648594453  h
-2.28294137671539 -3.84610344141174   2.59363347619244  h
 7.18667233056312  1.06755499208418   3.48740080504618  h
 7.53028736647241  3.02271868268971   0.58894464166072  h
-6.85435278155855  1.87286424633400  -3.22134938873115  h
-3.51252686359395  2.82886058891917  -3.54535424584228  h
 1.27908670715449 -5.52896902924981  -1.01678256722597  h
-6.31172997983545 -2.03702345083239   2.07181337122798  h
-6.99764707970437  1.02714589881156   3.20364188244496  h
-8.47902621699469 -0.08681002933994   0.38767152836994  h
$end
