*************************************************
******************* ORCA 6.1.1 ******************
*************************************************
$Calculation_Status
   &GeometryIndex 1
   &version [&Type "String"] "6.1.1"
   &progName [&Type "String"] "LeanSCF"
   &Status [&Type "String"] "NORMAL TERMINATION"
$End
$Geometry
   &GeometryIndex 1
   &NAtoms [&Type "Integer"] 35
   &NCorelessECP [&Type "Integer"] 0
   &NGhostAtoms [&Type "Integer"] 0
   &CartesianCoordinates [&Type "Coordinates", &Dim(35,4), &Units "Bohr"] 
              C     -0.055715857821   -1.069837253798    0.547192847988
              C     -1.973367769286    1.093510250865    1.305856823690
              C     -0.667631714591    3.740576760399    1.216635934054
              C      1.126979025072    4.153366976557   -1.049787810939
              C      2.800381875026    1.792468932944   -1.523554568025
              C      1.055937555389   -0.470825016634   -2.102744161213
              C      2.339628464683   -0.884687025361    2.265512534924
              C      4.100930111808    0.959819531782    0.911044576634
              O      2.470882534417   -2.641892457332   -2.958399746522
              C     -1.372813939084   -3.677706070245    0.727079743922
              C      6.379955129296    1.715613881060    1.699854471605
              C     -4.533292776359    1.015538799236   -0.064100222889
              C     -4.967431185944    1.946794979530   -2.386367495979
              H     -2.405168952172    0.734734114776    3.314961236020
              O      0.278798505654   -5.805009013462    0.521959688489
              C     -6.701164444312   -0.084477306087    1.463467992864
              H     -2.122124538409    5.226692136998    1.256172919154
              H      0.439223819837    3.966684090653    2.964938163419
              H      0.059639805164    4.584812674745   -2.786505984710
              H      2.339187453059    5.804562794319   -0.675954755212
              H      4.146083057788    2.181346306294   -3.066476325791
              H     -0.418071920200   -0.010262760215   -3.498827650095
              H      3.231814227589   -2.755474577381    2.431814223508
              H      1.871419352284   -0.264590077206    4.197820342710
              H      3.265882475460   -2.223786846150   -4.575720895801
              H     -2.889885450307   -3.771667006430   -0.711896489099
              H     -2.282941387028   -3.846103458685    2.593633487748
              H      7.186672362775    1.067554996775    3.487400820660
              H      7.530287400135    3.022718696141    0.588944644274
              H     -6.854352812269    1.872864254649   -3.221349403116
              H     -3.512526879363    2.828860601554   -3.545354261812
              H      1.279086712889   -5.528969054051   -1.016782571813
              H     -6.311730008044   -2.037023459992    2.071813380478
              H     -6.997647111061    1.027145903442    3.203641896721
              H     -8.479026254956   -0.086810029758    0.387671530033
$End
$SCF_Energy
   &GeometryIndex 1
   &Method [&Type "String"] "SCF"
   &totalEnergy [&Type "ArrayOfDoubles", &Dim (1,1)] "Total energy of each state"
                                                         0

0                                     -6.5777215751163362e+02
   &Mult [&Type "ArrayOfIntegers", &Dim (1,1)] "Multiplicity of each state"
                                                         0

0                                                        1
$End
$DFT_Energy
   &GeometryIndex 1
   &nAlphaEl [&Type "Integer"] 57
   &nBetaEl [&Type "Integer"] 57
   &nTotalEl [&Type "Integer"] 114
   &finalEn [&Type "Double"]      -6.5777215751163362e+02  "No Van der Waals correction"
   &eExchange [&Type "Double"]      -9.1094708615209072e+01
   &eCorr [&Type "Double"]      -4.0415713602777910e+00
   &eXC [&Type "Double"]      -9.5136279975486858e+01
   &eCNL [&Type "Double"]       0.0000000000000000e+00
$End
$Solvation_Details
   &GeometryIndex 1
   &Solvent [&Type "String"] "CHLOROFORM"
   &Epsilon [&Type "Double"]       4.8029999999999999e+00
   &Refrac [&Type "Double"]       1.4459000000000000e+00
   &RSolv [&Type "Double"]       1.3000000000000000e+00
   &SurfaceType [&Type "String"] "GAUSSIAN VDW"
   &CPCMDielEnergy [&Type "Double"]      -1.2553908000000001e-02
   &NPoints [&Type "Integer"] 2590
   &SurfaceArea [&Type "Double"]       9.1206961696999997e+02
$End
$SCF_Timings
   &GeometryIndex 1
   &TOTAL [&Type "Double"]       1.4817197999999999e+01
   &PREP [&Type "Double"]       5.0896999999999992e-01
   &FOCK [&Type "Double"]       1.0942587000000001e+01
   &DENS [&Type "Double"]       2.4880499999999905e-01
   &ETOT [&Type "Double"]       1.0241200000000150e-01
   &TRAFO [&Type "Double"]       3.7050800000000050e-01
   &DIIS [&Type "Double"]       1.5503430000000022e+00
   &SOSCF [&Type "Double"]       7.1896399999999794e-01
   &XC [&Type "Double"]       3.7749150000000000e+00
   &FOCKSTART [&Type "Double"]       2.9132999999997744e-02
   &SOLV [&Type "Double"]       4.4450880000000037e+00
   &SOLV_INIT [&Type "Double"]       2.6244800000000001e-01
   &SOLV_FINAL [&Type "Double"]       1.0000000010279564e-06
   &INT_PREP [&Type "Double"]       2.9999999986429771e-06
   &INT_BF [&Type "Double"]       1.0755360000000040e+00
   &INT_DENS [&Type "Double"]       9.1431599999998325e-01
   &INT_DENSIO [&Type "Double"]       1.9814625728000017e+04
   &INT_FUNC [&Type "Double"]       3.3718999999998645e-01
   &INT_POT [&Type "Double"]       8.5688699999999163e-01
   &INT_POTIO [&Type "Double"]       1.2466000000002642e-02
   &INT_SUM [&Type "Double"]       1.1659999999995563e-03
   &SPLITRIJ [&Type "Double"]       3.1820309999999981e+00
$End
$Single_Point_Data
   &GeometryIndex 1
   &FinalEnergy [&Type "Double"]      -6.5777215751163362e+02  "Final single point energy"
   &Converged [&Type "Boolean"] true
$End
$Calculation_Info
   &GeometryIndex 1
   &Mult [&Type "Integer"] 1
   &Charge [&Type "Integer"] 0
   &NumOfAtoms [&Type "Integer"] 35
   &NumOfElectrons [&Type "Integer"] 114
   &NumOfBasisFuncts [&Type "Integer"] 605
   &NumOfAuxCBasisFuncts [&Type "Integer"] 0
   &NumOfAuxJBasisFuncts [&Type "Integer"] 955
   &NumOfAuxJKBasisFuncts [&Type "Integer"] 0
   &NumOfCABSBasisFuncts [&Type "Integer"] 0
$End
$SCF_Dipole_Moment
   &GeometryIndex 1
   &dipoleMagnitude [&Type "Double", &Units "a.u."]       1.4780530447017195e+00
   &dipoleElecContrib [&Type "ArrayOfDoubles", &Dim (3,1)] "Electronic contribution"
                                                         0

0                                      5.3601115400754722e+00
1                                     -4.5489497813762609e+00
2                                     -2.3895494204460022e+00
   &dipoleNucContrib [&Type "ArrayOfDoubles", &Dim (3,1)] "Nuclear contribution"
                                                         0

0                                     -5.5614800005398815e+00
1                                      5.8069466703327253e+00
2                                      1.6401927807489391e+00
   &dipoleTotal [&Type "ArrayOfDoubles", &Dim (3,1)] "Total"
                                                         0

0                                     -2.0136846046440926e-01
1                                      1.2579968889564643e+00
2                                     -7.4935663969706301e-01
   &doAtomicDipole [&Type "Boolean"] false
   &Method [&Type "String"] "SCF"
   &Level [&Type "String"] "Relaxed density"
   &Mult [&Type "Integer"] 1
   &State [&Type "Integer"] -1
   &Irrep [&Type "Integer"] 0
$End
$SCF_Spin_Spin_Coupling
   &GeometryIndex 1
   &numOfNucPairs [&Type "Integer"] 187 "Number of nuclei pairs to calculate"
   &numOfNucPairsDSO [&Type "Integer"] 0 "number of nuclear pairs to calculate DSO"
   &numOfNucPairsPSO [&Type "Integer"] 0 "number of nuclear pairs to calculate PSO"
   &numOfNucPairsFC [&Type "Integer"] 187 "number of nuclear pairs to calculate FC"
   &numOfNucPairsSD [&Type "Integer"] 0 "number of nuclear pairs to calculate SD"
   &numOfNucPairsSD_FC [&Type "Integer"] 0 "number of nuclear pairs to calculate SD/FC"
   &pairsInfo [&Type "ArrayOfIntegers", &Dim (187,4)] "Pairs Info: Col1->Index of A. Col2->Atom. Num. of A.  Col3->Index of B. Col4->Atom. Num. of B."
                                                         0                           1                           2                           3

0                                                       13                           1                          16                           1
1                                                       13                           1                          17                           1
2                                                       13                           1                          18                           1
3                                                       13                           1                          19                           1
4                                                       13                           1                          20                           1
5                                                       13                           1                          21                           1
6                                                       13                           1                          22                           1
7                                                       13                           1                          23                           1
8                                                       13                           1                          24                           1
9                                                       13                           1                          25                           1
10                                                      13                           1                          26                           1
11                                                      13                           1                          27                           1
12                                                      13                           1                          28                           1
13                                                      13                           1                          29                           1
14                                                      13                           1                          30                           1
15                                                      13                           1                          31                           1
16                                                      13                           1                          32                           1
17                                                      13                           1                          33                           1
18                                                      13                           1                          34                           1
19                                                      16                           1                          17                           1
20                                                      16                           1                          18                           1
21                                                      16                           1                          19                           1
22                                                      16                           1                          20                           1
23                                                      16                           1                          21                           1
24                                                      16                           1                          22                           1
25                                                      16                           1                          23                           1
26                                                      16                           1                          24                           1
27                                                      16                           1                          25                           1
28                                                      16                           1                          26                           1
29                                                      16                           1                          27                           1
30                                                      16                           1                          28                           1
31                                                      16                           1                          29                           1
32                                                      16                           1                          30                           1
33                                                      16                           1                          31                           1
34                                                      16                           1                          32                           1
35                                                      16                           1                          33                           1
36                                                      16                           1                          34                           1
37                                                      17                           1                          18                           1
38                                                      17                           1                          19                           1
39                                                      17                           1                          20                           1
40                                                      17                           1                          21                           1
41                                                      17                           1                          22                           1
42                                                      17                           1                          23                           1
43                                                      17                           1                          24                           1
44                                                      17                           1                          25                           1
45                                                      17                           1                          26                           1
46                                                      17                           1                          27                           1
47                                                      17                           1                          28                           1
48                                                      17                           1                          29                           1
49                                                      17                           1                          30                           1
50                                                      17                           1                          31                           1
51                                                      17                           1                          32                           1
52                                                      17                           1                          33                           1
53                                                      17                           1                          34                           1
54                                                      18                           1                          19                           1
55                                                      18                           1                          20                           1
56                                                      18                           1                          21                           1
57                                                      18                           1                          22                           1
58                                                      18                           1                          23                           1
59                                                      18                           1                          24                           1
60                                                      18                           1                          25                           1
61                                                      18                           1                          26                           1
62                                                      18                           1                          27                           1
63                                                      18                           1                          28                           1
64                                                      18                           1                          29                           1
65                                                      18                           1                          30                           1
66                                                      18                           1                          31                           1
67                                                      18                           1                          32                           1
68                                                      18                           1                          33                           1
69                                                      18                           1                          34                           1
70                                                      19                           1                          20                           1
71                                                      19                           1                          21                           1
72                                                      19                           1                          22                           1
73                                                      19                           1                          23                           1
74                                                      19                           1                          24                           1
75                                                      19                           1                          25                           1
76                                                      19                           1                          26                           1
77                                                      19                           1                          27                           1
78                                                      19                           1                          28                           1
79                                                      19                           1                          29                           1
80                                                      19                           1                          30                           1
81                                                      19                           1                          31                           1
82                                                      19                           1                          32                           1
83                                                      19                           1                          33                           1
84                                                      19                           1                          34                           1
85                                                      20                           1                          21                           1
86                                                      20                           1                          22                           1
87                                                      20                           1                          23                           1
88                                                      20                           1                          24                           1
89                                                      20                           1                          25                           1
90                                                      20                           1                          26                           1
91                                                      20                           1                          27                           1
92                                                      20                           1                          28                           1
93                                                      20                           1                          29                           1
94                                                      20                           1                          30                           1
95                                                      20                           1                          31                           1
96                                                      20                           1                          32                           1
97                                                      20                           1                          33                           1
98                                                      20                           1                          34                           1
99                                                      21                           1                          22                           1
100                                                     21                           1                          23                           1
101                                                     21                           1                          24                           1
102                                                     21                           1                          25                           1
103                                                     21                           1                          26                           1
104                                                     21                           1                          27                           1
105                                                     21                           1                          28                           1
106                                                     21                           1                          29                           1
107                                                     21                           1                          30                           1
108                                                     21                           1                          31                           1
109                                                     21                           1                          32                           1
110                                                     21                           1                          33                           1
111                                                     21                           1                          34                           1
112                                                     22                           1                          23                           1
113                                                     22                           1                          24                           1
114                                                     22                           1                          25                           1
115                                                     22                           1                          26                           1
116                                                     22                           1                          27                           1
117                                                     22                           1                          28                           1
118                                                     22                           1                          29                           1
119                                                     22                           1                          30                           1
120                                                     22                           1                          31                           1
121                                                     22                           1                          32                           1
122                                                     22                           1                          33                           1
123                                                     22                           1                          34                           1
124                                                     23                           1                          24                           1
125                                                     23                           1                          25                           1
126                                                     23                           1                          26                           1
127                                                     23                           1                          27                           1
128                                                     23                           1                          28                           1
129                                                     23                           1                          29                           1
130                                                     23                           1                          30                           1
131                                                     23                           1                          31                           1
132                                                     23                           1                          32                           1
133                                                     23                           1                          33                           1
134                                                     23                           1                          34                           1
135                                                     24                           1                          25                           1
136                                                     24                           1                          26                           1
137                                                     24                           1                          27                           1
138                                                     24                           1                          28                           1
139                                                     24                           1                          29                           1
140                                                     24                           1                          30                           1
141                                                     24                           1                          31                           1
142                                                     24                           1                          32                           1
143                                                     24                           1                          33                           1
144                                                     24                           1                          34                           1
145                                                     25                           1                          26                           1
146                                                     25                           1                          27                           1
147                                                     25                           1                          28                           1
148                                                     25                           1                          29                           1
149                                                     25                           1                          30                           1
150                                                     25                           1                          31                           1
151                                                     25                           1                          32                           1
152                                                     25                           1                          33                           1
153                                                     25                           1                          34                           1
154                                                     26                           1                          27                           1
155                                                     26                           1                          28                           1
156                                                     26                           1                          29                           1
157                                                     26                           1                          30                           1
158                                                     26                           1                          31                           1
159                                                     26                           1                          32                           1
160                                                     26                           1                          33                           1
161                                                     26                           1                          34                           1
162                                                     27                           1                          28                           1
163                                                     27                           1                          30                           1
164                                                     27                           1                          31                           1
165                                                     27                           1                          32                           1
166                                                     27                           1                          33                           1
167                                                     28                           1                          29                           1
168                                                     28                           1                          30                           1
169                                                     28                           1                          31                           1
170                                                     28                           1                          32                           1
171                                                     28                           1                          33                           1
172                                                     29                           1                          30                           1
173                                                     29                           1                          31                           1
174                                                     29                           1                          32                           1
175                                                     29                           1                          33                           1
176                                                     29                           1                          34                           1
177                                                     30                           1                          31                           1
178                                                     30                           1                          32                           1
179                                                     30                           1                          33                           1
180                                                     30                           1                          34                           1
181                                                     31                           1                          32                           1
182                                                     31                           1                          33                           1
183                                                     31                           1                          34                           1
184                                                     32                           1                          33                           1
185                                                     32                           1                          34                           1
186                                                     33                           1                          34                           1
   &pairsDistances [&Type "ArrayOfDoubles", &Dim (187,1)] "The distances of each pair"
                                                         0

0                                      2.6191016552565336e+00
1                                      2.2858119941466191e+00
2                                      4.0344787343154334e+00
3                                      4.2380286210733757e+00
4                                      4.8998019120498411e+00
5                                      3.7765347544571424e+00
6                                      3.5394433922252166e+00
7                                      2.3705305975840352e+00
8                                      5.3751625266208789e+00
9                                      3.2083235283185640e+00
10                                     2.4547963279693130e+00
11                                     5.0796581311771840e+00
12                                     5.5847461432576635e+00
13                                     4.2272593194772945e+00
14                                     3.8406577931314807e+00
15                                     4.4768429855809018e+00
16                                     2.6187202293341829e+00
17                                     2.4358684072169785e+00
18                                     3.5943444941829368e+00
19                                     1.7604990351374237e+00
20                                     2.4545699628322875e+00
21                                     2.5908267812366952e+00
22                                     4.3395710606816902e+00
23                                     3.8502695972576046e+00
24                                     5.1240581364881024e+00
25                                     3.9157634095481924e+00
26                                     5.7617470106544051e+00
27                                     4.8911898681925781e+00
28                                     4.8537488995533078e+00
29                                     5.5230106193695594e+00
30                                     5.2511806139683408e+00
31                                     3.8774772343587043e+00
32                                     2.9338320347332947e+00
33                                     6.0894206402688571e+00
34                                     4.4582866571525068e+00
35                                     3.5576904596714454e+00
36                                     4.4083288098630886e+00
37                                     3.0676433692246796e+00
38                                     2.3809305823859979e+00
39                                     3.8635806420981287e+00
40                                     4.0415883122096901e+00
41                                     3.8622758837470461e+00
42                                     2.4522590038700285e+00
43                                     5.3750826498698219e+00
44                                     4.8639463302929240e+00
45                                     4.3825234662131898e+00
46                                     3.8960518264286743e+00
47                                     3.9888730198312596e+00
48                                     5.1808177124580563e+00
49                                     4.0748323026501732e+00
50                                     5.4668615447095670e+00
51                                     4.8040884083229018e+00
52                                     4.2335801692758901e+00
53                                     5.3603405488745093e+00
54                                     1.7661010327968001e+00
55                                     2.5131211417004389e+00
56                                     2.4736036899842064e+00
57                                     5.0528353018997372e+00
58                                     4.6004971443605234e+00
59                                     4.0934622405184342e+00
60                                     4.8162236308361113e+00
61                                     5.4357070017741860e+00
62                                     5.3582321908287778e+00
63                                     4.4161535880429259e+00
64                                     3.9368453766866249e+00
65                                     2.1442841113221465e+00
66                                     5.4714864057195660e+00
67                                     5.5005504090909909e+00
68                                     5.2477776467578430e+00
69                                     5.4175000884889917e+00
70                                     2.4880988803238502e+00
71                                     3.7186998565638678e+00
72                                     4.8421666515622173e+00
73                                     4.1264662996479036e+00
74                                     4.7485019541383267e+00
75                                     5.7738222423093797e+00
76                                     5.9208673122021800e+00
77                                     4.2092340679023827e+00
78                                     3.1876567580420847e+00
79                                     5.4599823754522125e+00
80                                     3.7913180816542540e+00
81                                     6.0263252828971394e+00
82                                     6.3474597162107642e+00
83                                     5.9175987996007535e+00
84                                     6.5428502884445683e+00
85                                     2.6890111920936772e+00
86                                     3.9401245331156520e+00
87                                     4.2309928724723331e+00
88                                     2.5077512112819149e+00
89                                     5.0337873546604666e+00
90                                     5.5424675123556950e+00
91                                     3.8683910838267006e+00
92                                     2.6734108502832385e+00
93                                     5.8240450249683207e+00
94                                     4.0751079237405738e+00
95                                     4.4861581230228174e+00
96                                     6.5575822146365077e+00
97                                     6.7938869473681516e+00
98                                     7.0296776677024555e+00
99                                     3.9610732660271561e+00
100                                    4.2513993831215631e+00
101                                    2.3446138382826689e+00
102                                    2.8013928362123761e+00
103                                    3.9355096013866406e+00
104                                    5.4943074580904749e+00
105                                    4.9946388697420510e+00
106                                    3.5517557918531475e+00
107                                    2.2224458509629978e+00
108                                    3.3257014878796358e+00
109                                    4.4234595491903050e+00
110                                    5.0003781060550523e+00
111                                    4.7357581888194016e+00
112                                    1.7689055189448453e+00
113                                    3.7189300529518725e+00
114                                    3.6811405691469843e+00
115                                    2.9760366488641989e+00
116                                    2.9638988713862142e+00
117                                    3.9337681658559669e+00
118                                    6.5905520237741948e+00
119                                    5.6102138618526469e+00
120                                    2.5597213532310139e+00
121                                    5.0680981016482027e+00
122                                    5.7858653081797282e+00
123                                    6.4473695559929567e+00
124                                    4.8140005757774009e+00
125                                    4.0672675683216770e+00
126                                    3.0241617110003549e+00
127                                    2.9239720504554039e+00
128                                    3.9548047372481294e+00
129                                    6.1655819443708806e+00
130                                    5.2522821856508948e+00
131                                    3.9336282873715991e+00
132                                    4.5713486754796406e+00
133                                    4.7719143439128162e+00
134                                    5.8372962899638479e+00
135                                    3.9322727439182938e+00
136                                    4.8736330216794981e+00
137                                    5.0541121016164716e+00
138                                    4.5021985103447557e+00
139                                    5.8218159868346087e+00
140                                    4.5069540067601235e+00
141                                    2.7769266073755636e+00
142                                    6.1701983837494865e+00
143                                    7.0288417371719207e+00
144                                    6.8414409961682470e+00
145                                    1.7788896397420679e+00
146                                    6.3189427981490534e+00
147                                    6.6186481968627664e+00
148                                    3.8841422723529710e+00
149                                    3.8153320752502133e+00
150                                    2.3995368177052154e+00
151                                    2.5082692128309776e+00
152                                    3.9328139696659763e+00
153                                    3.5900575131639894e+00
154                                    5.6653219622705091e+00
155                                    6.4268120845861398e+00
156                                    4.9476914435450556e+00
157                                    4.8428879237337288e+00
158                                    2.8277669826462799e+00
159                                    2.3532745719120753e+00
160                                    3.6026483704954191e+00
161                                    4.0088456016503979e+00
162                                    1.8590458966931103e+00
163                                    6.8391871676019784e+00
164                                    5.2572994177029759e+00
165                                    7.3677196907341509e+00
166                                    7.5075508552520187e+00
167                                    7.8980186741149874e+00
168                                    6.2405622862172514e+00
169                                    5.6695413220087598e+00
170                                    7.8382798498769999e+00
171                                    7.8824286196880271e+00
172                                    1.8473294189768374e+00
173                                    5.9352853908311687e+00
174                                    3.4941420678340136e+00
175                                    3.4301251126149452e+00
176                                    2.3370780070217450e+00
177                                    5.2707365477825299e+00
178                                    4.2023780365438030e+00
179                                    4.1310132602351786e+00
180                                    3.6904540470509595e+00
181                                    4.7139445354415646e+00
182                                    6.0172579294852069e+00
183                                    5.9590700375142234e+00
184                                    1.7662673219994143e+00
185                                    1.7817514648535973e+00
186                                    1.7839686133130577e+00
   &pairsTotalSSCIso [&Type "ArrayOfDoubles", &Dim (187,1)] "The Spin-Spin coupling constant for each pair"
                                                         0

0                                      7.3959006642688785e-01
1                                      7.7716224426408989e+00
2                                     -5.8930763004581577e-01
3                                      8.7493640260040406e-01
4                                      1.6961852521280779e-01
5                                     -2.4209142005751128e-01
6                                     -3.3069790418105105e-01
7                                     -4.5040519288922132e-01
8                                      8.3860927091645110e-01
9                                     -1.5460146201313901e-01
10                                    -2.8544900851399602e-01
11                                     1.5101215007785560e-02
12                                     3.5060408962706520e-02
13                                     1.2569116340327302e+00
14                                    -3.6954846207820236e-01
15                                     1.7715435744196338e-02
16                                    -4.7529618381756145e-01
17                                    -4.3304268484779335e-01
18                                     9.2561855673942983e-01
19                                    -1.4735254558701985e+01
20                                     5.9954972030105127e+00
21                                     1.1375278364800150e+00
22                                     3.6061952680882681e-01
23                                     9.2085004221906186e-02
24                                    -5.0012433564778644e-03
25                                    -6.1060568568236578e-02
26                                     2.2926998720737821e-02
27                                     1.0483250918139052e-02
28                                     8.0614679459013863e-02
29                                    -4.4701304493885950e-03
30                                     2.0619686136089308e-02
31                                     1.4096190314978610e-01
32                                     3.4647657395586159e-02
33                                    -5.1688338579221373e-02
34                                    -2.6609223032196639e-02
35                                     9.1089406854252958e-02
36                                     7.3027764478207163e-02
37                                     1.3800429230664330e+01
38                                     6.6579365932674941e+00
39                                    -5.1896813175986600e-01
40                                    -6.2894755089526575e-04
41                                     4.7402263068211542e-01
42                                    -1.2706079498901218e-01
43                                    -1.3803271081341013e-03
44                                     1.5507350059342906e-01
45                                     5.8746559326130078e-02
46                                    -3.1769456202496923e-02
47                                    -1.2775783347877184e-02
48                                    -2.0304263404436887e-01
49                                    -2.2553665619745000e-01
50                                     9.4068930276858427e-03
51                                    -1.4282065105168157e-01
52                                    -1.3986333889137337e-01
53                                     6.1625297304524353e-02
54                                    -1.3869195603031621e+01
55                                     2.5025525712475418e+00
56                                    -2.5217947597696855e-01
57                                    -4.4921339362444401e-01
58                                    -9.4483642641027057e-02
59                                     7.3369715507365013e-02
60                                    -2.6206339715793558e-03
61                                     9.3923275628506626e-03
62                                     1.1978558568843213e-01
63                                    -7.8555555371916636e-02
64                                     5.6114797139804148e-02
65                                    -5.1846015657206457e-01
66                                    -7.5540357980450161e-03
67                                    -3.7479482297179414e-02
68                                    -2.5519440852237472e-02
69                                    -6.1837913747516821e-03
70                                     4.5009433061503614e+00
71                                    -2.2691899590759396e-01
72                                     1.4775483212622867e-01
73                                     7.3642813523762576e-02
74                                    -1.1842562957124807e-02
75                                    -9.4054512029728699e-03
76                                    -3.0841638439583575e-02
77                                     1.3928836103387435e-01
78                                     9.2036818832869585e-02
79                                     7.3807933864678113e-02
80                                    -4.0690897029019055e-02
81                                    -1.7769909047996809e-03
82                                    -1.2160934515652245e-02
83                                    -6.1979219707628326e-02
84                                     5.8239049838353103e-02
85                                     7.4890970021837089e-01
86                                     5.2429205267424428e-01
87                                    -1.3549721466254090e+00
88                                     5.4525665896499889e-02
89                                    -5.3616439047682332e-02
90                                     7.4721807912383975e-01
91                                    -1.0768327278959895e+00
92                                    -9.9691430962327976e-01
93                                     1.9826226208342353e-02
94                                     1.7030426982711025e-02
95                                     6.2926977503222986e-02
96                                     1.6616256655629952e-03
97                                    -6.2919005045330269e-03
98                                    -9.8595226114350440e-03
99                                    -6.1547451255683727e-01
100                                    1.0400871214117680e+00
101                                    9.8689021904022989e-01
102                                   -2.1547080947303759e-01
103                                   -4.5677400831884030e-01
104                                    8.6985985197196003e-01
105                                    2.4948578886161382e-01
106                                    2.6446606947214263e-02
107                                   -5.0054052680221217e-01
108                                    2.9481719072945004e-02
109                                    1.8628190290456405e-02
110                                    3.2501872305735355e-02
111                                   -4.6852081721239364e-03
112                                   -1.9030305839260713e+01
113                                    6.2342849375603263e-02
114                                   -8.0049616651342460e-03
115                                   -2.5870859058231088e-01
116                                   -2.6574443345485532e+00
117                                   -3.1123960183178907e+00
118                                   -4.9733397920056016e-02
119                                   -5.9619699362163249e-02
120                                    7.8171274877063546e-02
121                                   -7.0274969079532151e-02
122                                   -2.8897184540201702e-02
123                                    9.5256327786506736e-02
124                                   -2.1534792040282946e-01
125                                   -5.4359282554776878e-01
126                                   -2.0179226784649909e-01
127                                   -2.1347534869629197e+00
128                                   -2.5016613316272043e+00
129                                    5.0032066630810411e-03
130                                   -2.6528844522688749e-02
131                                    1.4600606924312429e-02
132                                   -1.7092000501133305e-02
133                                   -6.4459997354963218e-03
134                                    2.3327298364661138e-02
135                                    3.1093855616277019e-02
136                                    5.9121989947940969e-02
137                                   -1.5514088650754175e-03
138                                   -1.2511214994221629e-03
139                                   -1.9586875554586568e-02
140                                   -1.7107138885651497e-02
141                                   -8.4210149624677855e-01
142                                   -1.7536738504830163e-02
143                                   -1.7872853129433605e-03
144                                    2.1222375553524485e-02
145                                   -1.1752151053340450e+01
146                                    3.0497849981797377e-02
147                                    2.9229478835799516e-01
148                                   -3.3370171273000779e-02
149                                   -2.9218899579224786e-02
150                                    4.2887007460519444e-01
151                                   -3.4257509844638642e-02
152                                    1.1376053036926245e-01
153                                   -1.5082295390441845e-02
154                                   -1.0116704009201404e-02
155                                   -1.3182070201832333e-02
156                                   -3.6055697624571476e-02
157                                   -3.3909655393648770e-02
158                                    1.3812703179672333e+01
159                                   -3.5329824970106555e-01
160                                   -5.2579117229654561e-02
161                                    7.1870909380717732e-02
162                                    3.6138758696647244e-01
163                                    8.2444750148390564e-03
164                                    5.3089125281036518e-03
165                                    2.2530483614054851e-03
166                                   -1.0648912888959190e-03
167                                    1.1826720162621965e-02
168                                    4.9660272657391031e-03
169                                    1.0705216582862945e-02
170                                   -3.3104232141130483e-04
171                                   -1.3765923351751023e-03
172                                    1.7462688559379896e-01
173                                    4.2710127021011578e-03
174                                   -2.0987061189868994e+00
175                                   -2.3706167947371015e+00
176                                   -4.7655828021533148e-01
177                                    1.1651345642613819e-03
178                                   -1.5794706968008001e+00
179                                   -1.9496939781582410e+00
180                                    4.0100755474701633e-01
181                                    1.8235679678152786e-03
182                                   -1.2303221454788996e-02
183                                    3.1145054373890653e-02
184                                   -1.8396744223591298e+01
185                                   -1.2865373047668118e+01
186                                   -1.2869757740614062e+01
   &Method [&Type "String"] "SCF"
   &Level [&Type "String"] "Relaxed density"
   &Mult [&Type "Integer"] 1
   &State [&Type "Integer"] -1
   &Irrep [&Type "Integer"] 0
$End
$Calculation_Timings
   &GeometryIndex 1
   &GTOINT [&Type "Double"]       1.6574449999999998e+00
   &SCF [&Type "Double"]       1.6879055999999999e+01
   &PROPINT [&Type "Double"]       1.1248970000000007e+00
   &RESPONSE [&Type "Double"]       8.3325640000000014e+00
   &PROP [&Type "Double"]       7.8187099999999887e-01
   &SUM [&Type "Double"]       2.8775832999999999e+01
$End
