    0.00031850
   -0.03072504
   -0.06344492
   -0.05539352
   -0.03791288
    0.11199362
   -0.07223113
    0.00959910
   -0.49522687
    0.08505979
   -0.11291393
    0.01596572
   -0.12070052
    0.05750702
   -0.47441581
   -0.11861199
    0.04004673
    0.04075449
    0.03927739
    0.03703612
    0.03754766
    0.02581946
    0.05860014
    0.05050725
    0.32150882
    0.02083637
    0.03195473
    0.03596892
    0.03601518
    0.03231986
    0.03678006
    0.30641852
    0.06009502
    0.04806484
    0.04158130
