$coord
 0.02779477606960 -1.44279264259062  -0.12331426062727  c
 1.23197706595514  0.94531681165870  -1.48374224518401  c
-0.78741643369976  3.07937673460871  -1.75733719210590  c
-2.49338053867638  3.48348904410362   0.58157609792569  c
-3.44758771158432  0.93312490891935   1.64948458857470  c
-1.17556894835401 -0.72876044914353   2.47468795679016  c
-2.40323978566469 -2.24763724934778  -1.59889131548623  c
-4.55417950606864 -0.68347443639784  -0.45438847070727  c
 0.44202353762025  0.29158536968281   4.36562098898096  o
 1.85203346685532 -3.66971882952688   0.19934590848213  c
-6.98278458587669 -0.76515596147350  -1.15091763563795  c
 3.76963381415809  1.87797104008419  -0.41572698313715  c
 4.02350039045666  3.89465165368504   1.11761486712644  c
 1.67573459701613  0.29541709351828  -3.41543472140642  h
 2.66776398549695 -4.53354250833249  -2.23908781727127  o
 6.12908884402444  0.58204818145600  -1.41887904064259  c
 0.15525707076616  4.85844767621521  -2.27803578434163  h
-2.01380483257333  2.59758148073884  -3.36847896110531  h
-1.50050039470457  4.51618354821164   2.09309491287990  h
-4.12363143136925  4.66170349117865   0.04154818724749  h
-4.79501779945750  1.25992978843404   3.20095639731970  h
-1.94716490098908 -2.48079259744763   3.31442964922082  h
-2.22005660339368 -1.97445624342047  -3.65334792852371  h
-2.76921828565063 -4.27907030712436  -1.30054809824728  h
 1.77486286245602  1.29674945720064   3.56429152869676  h
 0.83883150012090 -5.19654428705264   1.21252229275161  h
 3.47275107187297 -3.11705956728639   1.39785497492890  h
-7.63414546099104 -1.97729365366557  -2.69244384262775  h
-8.41922642361875  0.37684979806525  -0.20284474196350  h
 5.88821592058389  4.51424649003324   1.74999584122421  h
 2.43898294959156  5.06024996939940   1.73285417766435  h
 3.82266431762663 -5.95379137326863  -1.98456873340350  h
 5.87728786313667 -1.45931190554773  -1.68775084884793  h
 6.58198082481920  1.36865359003705  -3.30319584083390  h
 7.77294327657358  0.91416418800279  -0.18601631908710  h
$end
