           1           2  0.957152214611828     
           2           3  0.988855547833263     
           3           4   1.00866069494795     
           4           5  0.980701932062012     
           1           6  0.958466228044810     
           5           6  0.963408202485824     
           1           7  0.981929996410820     
           5           8  0.995394681761369     
           7           8   1.00532629021863     
           6           9  0.999613639771639     
           1          10  0.987528284808416     
           8          11   1.93609606796213     
           2          12  0.998711159425367     
          12          13   1.91058499827335     
           2          14  0.955649321947293     
          10          15  0.984054640503792     
          12          16   1.02207647324153     
           3          17  0.975281528756638     
           3          18  0.976275432682897     
           4          19  0.967147410588256     
           4          20  0.975741104966878     
           5          21  0.965187465165980     
           6          22  0.961191508330415     
           7          23  0.963622182300428     
           7          24  0.958629011100161     
           9          25  0.847833509490876     
          10          26  0.969395503899808     
          10          27  0.966640927634036     
          11          28  0.974765064609952     
          11          29  0.974758261723093     
          13          30  0.974649044959540     
          13          31  0.962723002884049     
          15          32  0.892604571295100     
          16          33  0.974349651968532     
          16          34  0.964656253290625     
          16          35  0.980931410842832     
