$coord
 1.92032170518535  2.89764715762970  -0.31588864535707  c
 4.75321231287006  2.15420531103609  -0.17473023552889  c
 5.41167510686318 -0.53994241988509   0.76590409382242  c
 4.51898925158776 -2.61761007185948  -1.10975791323858  c
 1.87577082921374 -3.71699452578387  -0.47604033896404  c
 0.11985338198850 -1.60888929380983   0.51928615825180  c
 0.07262346342316  0.80686533899589  -1.14291861957605  c
 0.79470428976896  3.73580717863390   2.25468117672491  c
-2.12090408244437  3.41464628274925   1.97208204497024  c
-2.56544562614375  1.83964381731910  -0.47808382806169  c
-2.41905827891997 -2.48893725368525   0.68292613174137  o
-4.15348979615742 -0.62135377344042  -0.20156477739284  c
 0.27209191027079  0.32728390052786  -3.11396995760534  h
-3.34706401387807  3.01033122365574  -1.95232649321338  h
 0.74741415148988 -1.09845926855269   2.40757339739462  h
 2.05868649557248 -5.85379345410238   1.50822112390628  c
-5.15381002055559 -1.43186458331429  -2.85014391519263  c
-6.40810141448479 -0.42803030737898   1.66093410479284  c
 1.70423534440618  5.13668653381624  -2.19489326650067  c
 5.55253338060013  2.34884922141065  -2.04729898684645  h
 5.69410658720817  3.53273413639147   1.01182429750487  h
 7.45053296560986 -0.63692747182461   0.93485329840066  h
 4.65477350046840 -0.87863156502949   2.63280256790783  h
 5.86865848731547 -4.15487370907726  -1.12852751384225  h
 4.49368942306672 -1.82027875118022  -2.99226316784507  h
 1.04503483024516 -4.47664130711360  -2.18542730490514  h
 1.31399823619016  5.66387130985956   2.68796955686964  h
 1.50561475716282  2.55755058313745   3.76378079439802  h
-2.89051459538850  2.47013088310342   3.60880989039112  h
-3.04852142239026  5.23066402290368   1.82903017712690  h
 2.98475592647579 -5.17013808190486   3.20062869916444  h
 0.18254291138025 -6.50754114653202   2.01040777702875  h
 3.13636820171140 -7.43089033115875   0.77185200358167  h
-6.56296758318474 -0.10307094910033  -3.51371370372933  h
-6.00354573644760 -3.29052400312188  -2.72250095477276  h
-3.62081945745258 -1.50246411774216  -4.20296112611771  h
-5.74804763865431 -0.18203437246904   3.58091195520196  h
-7.60355311849286  1.15693025821608   1.15567570374608  h
-7.51839577924271 -2.14707006170894   1.57536369672440  h
 2.17175203032276  4.52296053804295  -4.08987021241341  h
-0.18918363743032  5.90461219484282  -2.20603946181409  h
 3.00092812066971  6.62546656524240  -1.65728492687555  h
$end
