   -0.00697137
   -0.03339830
   -0.06262972
   -0.05924416
   -0.02793099
    0.11087807
   -0.06805203
    0.01782615
   -0.48317774
    0.08052636
   -0.11288409
    0.01251835
   -0.11406704
    0.05193502
   -0.47777228
   -0.11754210
    0.04105136
    0.04115681
    0.03781144
    0.04229385
    0.04598259
    0.02234125
    0.05063446
    0.04782569
    0.30431801
    0.02566660
    0.04446514
    0.03409876
    0.03424009
    0.02863731
    0.03037370
    0.31045515
    0.06226801
    0.04700102
    0.03936462
