           1           2  0.958448268913161     
           2           3  0.986203387220281     
           3           4   1.00825621763169     
           4           5  0.978939489032628     
           1           6  0.959942940868650     
           5           6  0.978374830644207     
           1           7  0.981984211819744     
           5           8  0.995068505500854     
           7           8   1.00535998187463     
           6           9  0.976823944579589     
           1          10  0.979556531081850     
           8          11   1.93776403729517     
           2          12  0.996419895145571     
          12          13   1.92660655297451     
           2          14  0.961834146522129     
          10          15  0.991610599566368     
          12          16   1.02569398466678     
           3          17  0.976279391506533     
           3          18  0.976988635201371     
           4          19  0.970049590040342     
           4          20  0.975687742754917     
           5          21  0.962522206358782     
           6          22  0.958621721286542     
           7          23  0.958375885731125     
           7          24  0.965019390459960     
           9          25  0.891076441943830     
          10          26  0.965837150964685     
          10          27  0.969780857823697     
          11          28  0.975135170682278     
          11          29  0.974949258390816     
          13          30  0.974392830235396     
          13          31  0.966997311375915     
          15          32  0.886536824825617     
          16          33  0.968216829796405     
          16          34  0.966893944785890     
          16          35  0.984402754033393     
